# Time-averaged data for fix myat3
# TimeStep c_press
3000 -516.969
4000 -1126.51
5000 -1187.68
6000 -1588.05
7000 -1989.13
8000 -1958.8
9000 -1969.76
10000 -2259.12
11000 -2245.82
12000 -2341.56
13000 -2562.81
14000 -2603.55
15000 -2587.04
16000 -2589.73
17000 -2507.02
18000 -2259.58
19000 -2251.91
20000 -1955.56
21000 -1985.44
22000 -1903.21
23000 -1932.06
24000 -2010.06
25000 -1951.82
26000 -1965.8
27000 -1980.45
28000 -1835.87
29000 -1864.57
30000 -1902.09
31000 -1844.53
32000 -1768.98
33000 -1694.66
34000 -1858.16
35000 -1802.48
36000 -1632.72
37000 -1813.55
38000 -1713.57
39000 -1475.3
40000 -1521.03
41000 -1623.76
42000 -1704.31
43000 -1604.43
44000 -1713.8
45000 -1804.36
46000 -1606.67
47000 -1475.79
48000 -1472.24
49000 -1410.3
50000 -1470.01
51000 -1304.54
52000 -1243.52
53000 -1239.79
54000 -1321.08
55000 -1117.41
56000 -1160.45
57000 -1346.83
58000 -925.008
59000 -1000.71
60000 -1199.27
61000 -1002.71
62000 -1048.74
63000 -973.391
64000 -1068.97
65000 -1109.53
66000 -1230.71
67000 -1146.25
68000 -997.12
69000 -1074.99
70000 -1110.58
71000 -1111.52
72000 -924.51
73000 -899.374
74000 -745.378
75000 -823.431
76000 -1058.19
77000 -876.902
78000 -838.093
79000 -807.242
80000 -672.101
81000 -755.007
82000 -963.435
83000 -854.404
84000 -1023.2
85000 -786.184
86000 -844.252
87000 -883.581
88000 -953.105
89000 -921.642
90000 -958.553
91000 -855.086
92000 -888.525
93000 -931.78
94000 -908.942
95000 -809.747
96000 -883.527
97000 -754.763
98000 -927.074
99000 -928.245
100000 -825.1
101000 -747.01
102000 -519.078
103000 -574.628
104000 -518.866
105000 -746.989
106000 -676.107
107000 -670.431
108000 -583.778
109000 -372.44
110000 -487.944
111000 -596.113
112000 -561.661
113000 -498.508
114000 -516.36
115000 -494.641
116000 -461.321
117000 -593.936
118000 -614.503
119000 -660.249
120000 -545.636
121000 -557.55
122000 -454.383
123000 -573.453
124000 -493.742
125000 -462.602
126000 -392.17
127000 -531.027
128000 -426.225
129000 -408.699
130000 -142.056
131000 -244.93
132000 -224.585
133000 -192.754
134000 -201.222
135000 -157.87
136000 -117.145
137000 -21.8364
138000 -133.836
139000 -133.339
140000 -205.529
141000 -106.499
142000 1.12198
143000 -75.2132
144000 -97.0894
145000 -130.071
146000 -221.697
147000 -1.27406
148000 -50.1371
149000 -242.17
150000 -299.226
151000 -379.578
152000 -237.887
153000 -232.272
154000 -215.094
155000 -38.3087
156000 -171.905
157000 -97.8622
158000 -48.891
159000 -23.5091
160000 -65.3607
161000 196.939
162000 208.03
163000 180.795
164000 142.412
165000 81.7099
166000 -130.255
167000 -71.5562
168000 -113.654
169000 -176.887
170000 -31.3478
171000 -96.3067
172000 117.881
173000 87.3493
174000 145.533
175000 -10.047
176000 110.546
177000 58.4578
178000 62.6205
179000 91.8504
180000 92.4543
181000 173.442
182000 75.4661
183000 125.391
184000 -41.4655
185000 -49.7404
186000 -146.431
187000 -87.3793
188000 -290.46
189000 -74.5988
190000 104.197
191000 -153.835
192000 -37.52
193000 110.425
194000 -17.8547
195000 -36.1315
196000 -98.2488
197000 -130.434
198000 -112.704
199000 -32.1175
200000 -81.4323
201000 -53.1551
202000 -8.52434
203000 -57.6106
204000 -64.7455
205000 -83.0129
206000 -166.402
207000 5.94445
208000 -126.535
209000 -15.8861
210000 21.9333
211000 -79.5899
212000 -72.1815
213000 33.1141
214000 4.19034
215000 -24.1094
216000 37.0107
217000 -22.0413
218000 52.1681
219000 -118.701
220000 -8.13878
221000 209.64
222000 -33.8264
223000 25.5361
224000 -74.5724
225000 -14.5711
226000 -79.1512
227000 -132.959
228000 -24.5752
229000 -101.291
230000 -52.9541
231000 -45.76
232000 -97.0159
233000 26.0428
234000 -11.5604
235000 313.606
236000 287.645
237000 134.125
238000 354.69
239000 205.777
240000 227.659
241000 323.8
242000 425.934
243000 449.124
244000 360.076
245000 530.462
246000 250.991
247000 392.732
248000 326.029
249000 298.386
250000 161.411
251000 279.008
252000 340.087
253000 180.301
254000 128.603
255000 161.888
256000 211.726
257000 290.359
258000 202.333
259000 148.407
260000 230.429
261000 185.437
262000 269.908
263000 182.138
264000 121.224
265000 333.752
266000 248.869
267000 297.483
268000 335.137
269000 401.496
270000 492.782
271000 393.505
272000 534.109
273000 286.294
274000 263.296
275000 473.051
276000 439.114
277000 362.545
278000 489.059
279000 384.505
280000 505.137
281000 437.017
282000 521.099
283000 521.643
284000 476.409
285000 418.994
286000 395.07
287000 424.743
288000 376.178
289000 419.946
290000 448.044
291000 421.962
292000 518.145
293000 425.946
294000 416.64
295000 457.906
296000 507.854
297000 721.925
298000 627.82
299000 623.792
300000 517.534
301000 471.988
302000 574.525
303000 495.493
304000 500.002
305000 723.125
306000 662.936
307000 536.088
308000 481.257
309000 533.325
310000 394.474
311000 293.573
312000 364.052
313000 364.473
314000 276.689
315000 342.675
316000 485.6
317000 434.28
318000 557.918
319000 612.891
320000 616.653
321000 691.293
322000 506.775
323000 759.58
324000 765.999
325000 629.71
326000 732.767
327000 506.53
328000 694.021
329000 815.706
330000 827.642
331000 741.444
332000 755.418
333000 615.562
334000 724.595
335000 709.701
336000 758.347
337000 600.069
338000 713.883
339000 588.212
340000 811.452
341000 742.068
342000 658.758
343000 655.07
344000 679.507
345000 644.998
346000 526.895
347000 574.796
348000 620.936
349000 715.855
350000 530.417
351000 647.209
352000 687.65
353000 448.302
354000 479.026
355000 711.06
356000 750.724
357000 721.4
358000 756.246
359000 614.092
360000 759.523
361000 570.018
362000 798.508
363000 598.971
364000 730.585
365000 706.392
366000 693.635
367000 554.901
368000 682.738
369000 742.868
370000 613.533
371000 736.214
372000 678.666
373000 645.493
374000 559.074
375000 627.055
376000 889.724
377000 897.176
378000 901.093
379000 847.932
380000 819.21
381000 675.209
382000 742.497
383000 874.285
384000 874.738
385000 807.15
386000 809.155
387000 927.759
388000 820.454
389000 770.112
390000 713.418
391000 716.97
392000 533.548
393000 645.718
394000 725.059
395000 647.462
396000 632.635
397000 829.598
398000 729.547
399000 730.623
400000 698.139
401000 718.854
402000 736.457
403000 788.984
404000 590.251
405000 721.583
406000 744.905
407000 792.466
408000 533.616
409000 515.162
410000 570.932
411000 464.553
412000 581.803
413000 586.068
414000 558.71
415000 608.8
416000 640.545
417000 499.685
418000 442.435
419000 670.359
420000 363.137
421000 566.696
422000 576.151
423000 555.662
424000 621.768
425000 530.257
426000 672.06
427000 642.327
428000 741.247
429000 631.292
430000 763.387
431000 693.612
432000 646.735
433000 516.726
434000 670.622
435000 570.349
436000 492.893
437000 631.307
438000 422.624
439000 576.998
440000 560.888
441000 631.266
442000 577.86
443000 747.965
444000 528.563
445000 712.574
446000 656.791
447000 572.681
448000 579.258
449000 780.612
450000 833.09
451000 823.921
452000 706.489
453000 689.432
454000 658.637
455000 548.036
456000 495.666
457000 586.578
458000 615.718
459000 698.731
460000 667.696
461000 520.228
462000 439.387
463000 432.588
464000 508.283
465000 520.176
466000 509.077
467000 510.443
468000 603.473
469000 486.961
470000 545.973
471000 382.419
472000 360.392
473000 283.413
474000 371.906
475000 330.412
476000 357.601
477000 334.069
478000 437.565
479000 357.034
480000 387.897
481000 500.79
482000 439.645
483000 607.928
484000 502.196
485000 572.127
486000 557.249
487000 523.325
488000 575.968
489000 500.686
490000 440.496
491000 504.903
492000 581.002
493000 507.571
494000 667.306
495000 547.033
496000 595.201
497000 633.154
498000 742.521
499000 593.657
500000 681.715
501000 682.264
502000 655.364
503000 796.312
504000 799.492
505000 592.814
506000 628.861
507000 681.263
508000 615.998
509000 713.473
510000 770.896
511000 732.873
512000 662.789
513000 826.866
514000 821.289
515000 804.911
516000 839.244
517000 805.576
518000 745.465
519000 934.774
520000 882.65
521000 899.211
522000 864.805
523000 853.239
524000 779.854
525000 806.862
526000 801.686
527000 791.181
528000 865.755
529000 899.878
530000 989.385
531000 953.438
532000 870.619
533000 902.989
534000 864.245
535000 982.428
536000 987.151
537000 899.408
538000 941.739
539000 914.998
540000 978.174
541000 999.05
542000 1023.01
543000 1106.71
544000 1200.09
545000 1255.12
546000 1165.72
547000 1157.55
548000 1295.78
549000 1251.22
550000 1158.59
551000 1100.09
552000 1289.96
553000 1313.04
554000 1190.41
555000 1114.11
556000 1237.87
557000 1256.28
558000 1359.57
559000 1204.39
560000 1312.05
561000 1152.03
562000 1181.4
563000 1281.76
564000 1224.43
565000 1271.83
566000 1164.42
567000 1250.89
568000 1161.48
569000 1198.35
570000 1201.67
571000 1193.38
572000 1109.81
573000 1220.98
574000 1187.58
575000 1093.36
576000 1050.63
577000 1062.72
578000 1149.68
579000 1153.11
580000 1142.75
581000 1272.79
582000 1371.31
583000 1271.32
584000 1269.98
585000 1300.51
586000 1263.96
587000 1474.39
588000 1463.09
589000 1319.75
590000 1358.81
591000 1460.41
592000 1383.25
593000 1475.71
594000 1306.61
595000 1449.69
596000 1321.76
597000 1370.2
598000 1365.6
599000 1290.71
600000 1428.29
601000 1399.72
602000 1370.05
603000 1425.9
604000 1370.43
605000 1441.75
606000 1311.57
607000 1381.54
608000 1453.36
609000 1401.78
610000 1462.35
611000 1376.64
612000 1507.02
613000 1435.41
614000 1365.34
615000 1382.54
616000 1458.06
617000 1366.7
618000 1439.35
619000 1328.77
620000 1436.1
621000 1452.66
622000 1398.83
623000 1347.72
624000 1393.11
625000 1388.61
626000 1381.04
627000 1400.73
628000 1337.12
629000 1534.95
630000 1480.26
631000 1606.22
632000 1419.36
633000 1456.91
634000 1410.44
635000 1320.31
636000 1295.36
637000 1411.09
638000 1409.93
639000 1495.81
640000 1316.84
641000 1395
642000 1382.45
643000 1444.25
644000 1401.68
645000 1353.16
646000 1481.08
647000 1425.56
648000 1341.75
649000 1387.53
650000 1289.56
651000 1398.89
652000 1351.16
653000 1549.17
654000 1512.76
655000 1432.43
656000 1466.53
657000 1440.05
658000 1445.59
659000 1293.96
660000 1367.34
661000 1368.26
662000 1455.45
663000 1410.97
664000 1392.44
665000 1355.81
666000 1296.19
667000 1546.34
668000 1490.49
669000 1421.19
670000 1354.25
671000 1397.4
672000 1317.94
673000 1184.04
674000 1480.02
675000 1414.59
676000 1495.47
677000 1349.06
678000 1503.79
679000 1484.1
680000 1591.61
681000 1708.05
682000 1650.58
683000 1595.81
684000 1697.22
685000 1698.48
686000 1498.48
687000 1589.93
688000 1584.24
689000 1543.3
690000 1413.51
691000 1540.15
692000 1372.77
693000 1432.89
694000 1538.84
695000 1382.81
696000 1410.22
697000 1392.12
698000 1375.97
699000 1436.4
700000 1376.31
701000 1075.41
702000 1406.44
703000 1492.93
704000 1315.57
705000 1401.83
706000 1309.2
707000 1317.75
708000 1338.48
709000 1333.74
710000 1454.61
711000 1299.29
712000 1282.14
713000 1219.32
714000 1284.15
715000 1381.13
716000 1325.73
717000 1330.96
718000 1352.72
719000 1283.57
720000 1337.12
721000 1337.98
722000 1444.38
723000 1293.93
724000 1400.46
725000 1312.41
726000 1394.2
727000 1365.16
728000 1326.01
729000 1269.46
730000 1367.32
731000 1414.61
732000 1360.96
733000 1354.99
734000 1324.33
735000 1337.56
736000 1377.26
737000 1257.72
738000 1363.85
739000 1252.47
740000 975.178
741000 983.687
742000 1154.48
743000 1214.83
744000 1112.44
745000 1117.14
746000 1357.03
747000 1265.01
748000 1277.1
749000 1252.24
750000 1114.7
751000 1114.25
752000 1200.74
753000 1108.29
754000 1163.33
755000 1256.27
756000 1132.11
757000 1212.3
758000 1237.55
759000 1207.52
760000 1108.37
761000 955.915
762000 1053.65
763000 989.8
764000 1169.75
765000 1227.6
766000 998.636
767000 1088.12
768000 1085.16
769000 1070.68
770000 1062.16
771000 1187.07
772000 1119.7
773000 1117.31
774000 1185.56
775000 1179.5
776000 1183.52
777000 1103
778000 1211.32
779000 1084.35
780000 1191.16
781000 1039.18
782000 1188.13
783000 1216.78
784000 1075.27
785000 1145.82
786000 1272.67
787000 1209.05
788000 1246.99
789000 1213.75
790000 1315.72
791000 1261.16
792000 1216.58
793000 1383.68
794000 1374.52
795000 1376.98
796000 1336.36
797000 1235.44
798000 1318.05
799000 1323.86
800000 1216.35
801000 1162.21
802000 1310.17
803000 1195.91
804000 1298.14
805000 1192.18
806000 1138.41
807000 1417.7
808000 1287.85
809000 1297.65
810000 1373.53
811000 1264.07
812000 1294.58
813000 1274.41
814000 1280.86
815000 1306.05
816000 1230.31
817000 1075.03
818000 1135.61
819000 1105.57
820000 1022.94
821000 1055.94
822000 1218.17
823000 1067.57
824000 1126.1
825000 1270.14
826000 1215.81
827000 1180.81
828000 1199.35
829000 1133.94
830000 1220
831000 1179.68
832000 1118.46
833000 1139.88
834000 1189.13
835000 1292.36
836000 1188.44
837000 1171.35
838000 1246.72
839000 1042.7
840000 975.008
841000 1118.8
842000 1036.86
843000 1245.14
844000 1317.48
845000 1287.82
846000 1237.87
847000 1323.2
848000 1313.77
849000 1356.58
850000 1234.15
851000 1246.16
852000 1323.13
853000 1189.7
854000 1349.53
855000 1107.61
856000 1133.63
857000 1323.9
858000 1258.21
859000 1173.87
860000 1255.42
861000 1195.87
862000 1321.05
863000 1182.58
864000 1258.99
865000 1153.42
866000 1221.97
867000 1169.1
868000 1287.5
869000 1175.23
870000 1278.63
871000 1298
872000 1267.47
873000 1228.63
874000 1240.89
875000 1223.15
876000 1329.58
877000 1275.81
878000 1287.56
879000 1267.3
880000 1208.84
881000 1200.1
882000 1139.37
883000 1165.5
884000 1404.47
885000 1360.91
886000 1385.21
887000 1276.29
888000 1115.82
889000 1149.92
890000 1188.2
891000 1155.72
892000 1223.94
893000 1221.89
894000 1226.14
895000 1179.43
896000 1339.67
897000 1325.35
898000 1184.11
899000 1335.93
900000 1380.49
901000 1326.04
902000 1447.55
903000 1166.74
904000 1341.47
905000 1132.38
906000 1373.14
907000 1304.45
908000 1463.24
909000 1439.77
910000 1373.99
911000 1408.1
912000 1371.02
913000 1417.23
914000 1359.41
915000 1287.59
916000 1294.75
917000 1286.74
918000 1400.19
919000 1375.19
920000 1072.29
921000 1306.26
922000 1238.19
923000 1229.06
924000 1137.76
925000 1341.65
926000 1211.91
927000 1405.37
928000 1403.76
929000 1229.79
930000 1138.83
931000 1164.68
932000 1240.53
933000 1219.43
934000 1375.45
935000 1255.78
936000 1365.57
937000 1246.8
938000 1264.76
939000 1189.84
940000 1278.76
941000 1328.35
942000 1141.37
943000 1201.37
944000 1065.74
945000 1336.37
946000 1253.65
947000 1225.82
948000 1178.39
949000 1345.49
950000 1329.33
951000 1325.22
952000 1221.64
953000 1197.19
954000 1277.27
955000 1213.63
956000 1153.74
957000 1384.52
958000 1275.91
959000 1300.27
960000 1289.3
961000 1270.95
962000 1278.28
963000 1296.88
964000 1102.74
965000 1155.54
966000 1093.11
967000 1206.77
968000 1350.6
969000 1228.52
970000 1321.25
971000 1401.15
972000 1153.89
973000 1260.08
974000 1296.82
975000 1400.62
976000 1316.86
977000 1170.94
978000 1224.35
979000 1319.56
980000 1352.04
981000 1371.41
982000 1221.56
983000 1242.36
984000 1218.78
985000 1202.35
986000 1234.4
987000 1336.8
988000 1289.56
989000 1295.7
990000 1112.13
991000 1199.55
992000 1195.85
993000 1285.88
994000 1156.98
995000 1319.62
996000 1450.2
997000 1247.32
998000 1353.67
999000 1191.19
1000000 1118.29
1001000 1054.11
1002000 977.118
