# Time-averaged data for fix myat1
# TimeStep v_nC
3000 106
4000 142
5000 165
6000 191
7000 209
8000 222
9000 231
10000 240
11000 248
12000 254
13000 260
14000 266
15000 268
16000 272
17000 274
18000 274
19000 276
20000 278
21000 278
22000 280
23000 281
24000 282
25000 282
26000 283
27000 284
28000 284
29000 285
30000 286
31000 287
32000 287
33000 287
34000 289
35000 289
36000 289
37000 289
38000 289
39000 289
40000 289
41000 290
42000 290
43000 290
44000 290
45000 290
46000 290
47000 290
48000 290
49000 290
50000 290
51000 290
52000 290
53000 291
54000 291
55000 291
56000 291
57000 291
58000 291
59000 291
60000 291
61000 292
62000 292
63000 292
64000 292
65000 292
66000 292
67000 292
68000 292
69000 292
70000 293
71000 293
72000 293
73000 293
74000 293
75000 293
76000 293
77000 293
78000 293
79000 293
80000 293
81000 293
82000 293
83000 293
84000 293
85000 293
86000 293
87000 293
88000 293
89000 293
90000 293
91000 293
92000 293
93000 293
94000 293
95000 293
96000 293
97000 293
98000 293
99000 293
100000 293
101000 293
102000 293
103000 293
104000 293
105000 293
106000 293
107000 293
108000 293
109000 293
110000 293
111000 293
112000 293
113000 293
114000 293
115000 293
116000 293
117000 293
118000 293
119000 293
120000 293
121000 293
122000 293
123000 293
124000 293
125000 293
126000 293
127000 293
128000 293
129000 293
130000 293
131000 293
132000 293
133000 293
134000 293
135000 293
136000 293
137000 293
138000 293
139000 293
140000 293
141000 293
142000 293
143000 293
144000 293
145000 293
146000 293
147000 294
148000 294
149000 294
150000 294
151000 294
152000 294
153000 294
154000 294
155000 294
156000 294
157000 294
158000 294
159000 294
160000 294
161000 294
162000 294
163000 294
164000 294
165000 294
166000 294
167000 294
168000 294
169000 294
170000 294
171000 294
172000 294
173000 294
174000 294
175000 294
176000 294
177000 293
178000 293
179000 293
180000 293
181000 293
182000 293
183000 293
184000 293
185000 293
186000 293
187000 293
188000 293
189000 293
190000 293
191000 293
192000 293
193000 293
194000 293
195000 294
196000 294
197000 294
198000 294
199000 294
200000 294
201000 294
202000 294
203000 294
204000 294
205000 294
206000 294
207000 295
208000 295
209000 295
210000 295
211000 295
212000 295
213000 295
214000 295
215000 295
216000 295
217000 295
218000 295
219000 295
220000 295
221000 295
222000 295
223000 295
224000 295
225000 295
226000 295
227000 295
228000 295
229000 295
230000 295
231000 295
232000 295
233000 295
234000 295
235000 295
236000 295
237000 295
238000 295
239000 295
240000 295
241000 295
242000 295
243000 295
244000 295
245000 295
246000 295
247000 295
248000 295
249000 295
250000 295
251000 295
252000 295
253000 295
254000 295
255000 295
256000 295
257000 295
258000 295
259000 295
260000 295
261000 295
262000 295
263000 295
264000 295
265000 295
266000 295
267000 295
268000 296
269000 296
270000 296
271000 296
272000 296
273000 296
274000 296
275000 296
276000 296
277000 296
278000 296
279000 296
280000 296
281000 296
282000 296
283000 296
284000 297
285000 297
286000 297
287000 297
288000 297
289000 297
290000 297
291000 297
292000 297
293000 297
294000 297
295000 297
296000 297
297000 297
298000 297
299000 297
300000 297
301000 297
302000 297
303000 297
304000 297
305000 297
306000 297
307000 297
308000 297
309000 297
310000 297
311000 297
312000 297
313000 297
314000 297
315000 297
316000 297
317000 297
318000 297
319000 297
320000 297
321000 297
322000 297
323000 297
324000 297
325000 297
326000 297
327000 297
328000 297
329000 297
330000 297
331000 297
332000 297
333000 297
334000 297
335000 297
336000 297
337000 297
338000 297
339000 297
340000 297
341000 297
342000 297
343000 297
344000 297
345000 297
346000 297
347000 297
348000 297
349000 297
350000 297
351000 297
352000 297
353000 297
354000 297
355000 297
356000 297
357000 297
358000 297
359000 297
360000 297
361000 297
362000 297
363000 297
364000 297
365000 297
366000 297
367000 297
368000 297
369000 297
370000 297
371000 297
372000 297
373000 297
374000 297
375000 297
376000 297
377000 297
378000 297
379000 297
380000 297
381000 297
382000 297
383000 297
384000 297
385000 297
386000 297
387000 297
388000 297
389000 297
390000 297
391000 297
392000 297
393000 297
394000 297
395000 297
396000 297
397000 297
398000 297
399000 297
400000 297
401000 297
402000 297
403000 297
404000 297
405000 297
406000 297
407000 297
408000 297
409000 297
410000 297
411000 297
412000 297
413000 297
414000 297
415000 297
416000 297
417000 297
418000 297
419000 297
420000 297
421000 297
422000 297
423000 297
424000 297
425000 297
426000 297
427000 297
428000 297
429000 297
430000 297
431000 297
432000 297
433000 297
434000 297
435000 297
436000 297
437000 297
438000 298
439000 298
440000 298
441000 298
442000 298
443000 298
444000 298
445000 298
446000 298
447000 298
448000 298
449000 298
450000 298
451000 298
452000 299
453000 299
454000 299
455000 299
456000 299
457000 299
458000 299
459000 300
460000 300
461000 300
462000 300
463000 300
464000 300
465000 300
466000 300
467000 300
468000 300
469000 300
470000 300
471000 300
472000 300
473000 300
474000 300
475000 300
476000 300
477000 300
478000 300
479000 301
480000 301
481000 301
482000 301
483000 301
484000 301
485000 301
486000 301
487000 301
488000 301
489000 301
490000 301
491000 301
492000 301
493000 301
494000 301
495000 301
496000 301
497000 301
498000 301
499000 301
500000 301
501000 301
502000 301
503000 301
504000 301
505000 301
506000 301
507000 301
508000 301
509000 301
510000 301
511000 301
512000 301
513000 301
514000 301
515000 301
516000 301
517000 301
518000 301
519000 301
520000 301
521000 301
522000 301
523000 301
524000 301
525000 301
526000 301
527000 301
528000 301
529000 301
530000 301
531000 301
532000 301
533000 301
534000 301
535000 301
536000 301
537000 301
538000 301
539000 301
540000 301
541000 301
542000 301
543000 301
544000 301
545000 301
546000 301
547000 301
548000 301
549000 301
550000 301
551000 301
552000 301
553000 301
554000 301
555000 301
556000 301
557000 301
558000 301
559000 301
560000 301
561000 301
562000 301
563000 301
564000 301
565000 301
566000 301
567000 301
568000 301
569000 301
570000 301
571000 302
572000 302
573000 302
574000 302
575000 302
576000 302
577000 302
578000 302
579000 302
580000 302
581000 302
582000 302
583000 302
584000 302
585000 302
586000 302
587000 302
588000 302
589000 302
590000 302
591000 302
592000 302
593000 302
594000 302
595000 302
596000 302
597000 302
598000 302
599000 302
600000 302
601000 302
602000 302
603000 302
604000 302
605000 302
606000 302
607000 302
608000 302
609000 302
610000 302
611000 302
612000 302
613000 302
614000 302
615000 302
616000 302
617000 302
618000 302
619000 302
620000 302
621000 302
622000 302
623000 302
624000 302
625000 302
626000 302
627000 302
628000 302
629000 302
630000 302
631000 302
632000 302
633000 302
634000 302
635000 302
636000 302
637000 302
638000 302
639000 302
640000 302
641000 302
642000 302
643000 302
644000 302
645000 302
646000 302
647000 302
648000 302
649000 302
650000 302
651000 302
652000 302
653000 302
654000 302
655000 302
656000 302
657000 302
658000 302
659000 302
660000 302
661000 302
662000 302
663000 302
664000 302
665000 302
666000 302
667000 302
668000 302
669000 302
670000 302
671000 302
672000 302
673000 302
674000 302
675000 302
676000 302
677000 302
678000 302
679000 302
680000 302
681000 302
682000 302
683000 302
684000 302
685000 302
686000 302
687000 302
688000 302
689000 302
690000 302
691000 302
692000 302
693000 302
694000 302
695000 302
696000 302
697000 302
698000 302
699000 302
700000 302
701000 302
702000 302
703000 302
704000 302
705000 302
706000 302
707000 302
708000 302
709000 302
710000 302
711000 302
712000 302
713000 302
714000 302
715000 302
716000 302
717000 302
718000 302
719000 302
720000 302
721000 302
722000 302
723000 302
724000 302
725000 302
726000 302
727000 302
728000 302
729000 302
730000 302
731000 302
732000 302
733000 302
734000 302
735000 302
736000 302
737000 302
738000 302
739000 302
740000 302
741000 302
742000 302
743000 302
744000 302
745000 302
746000 302
747000 302
748000 302
749000 302
750000 302
751000 302
752000 302
753000 302
754000 302
755000 302
756000 302
757000 302
758000 302
759000 302
760000 302
761000 302
762000 302
763000 302
764000 302
765000 302
766000 302
767000 302
768000 302
769000 302
770000 302
771000 302
772000 302
773000 302
774000 302
775000 302
776000 302
777000 302
778000 302
779000 302
780000 302
781000 302
782000 302
783000 302
784000 302
785000 302
786000 302
787000 302
788000 302
789000 302
790000 302
791000 302
792000 302
793000 302
794000 302
795000 302
796000 302
797000 302
798000 302
799000 302
800000 302
801000 302
802000 302
803000 302
804000 302
805000 302
806000 302
807000 302
808000 302
809000 302
810000 302
811000 302
812000 302
813000 302
814000 302
815000 302
816000 302
817000 302
818000 302
819000 302
820000 302
821000 302
822000 302
823000 302
824000 302
825000 302
826000 302
827000 302
828000 302
829000 302
830000 302
831000 302
832000 302
833000 302
834000 302
835000 302
836000 302
837000 302
838000 302
839000 302
840000 302
841000 302
842000 302
843000 302
844000 302
845000 302
846000 302
847000 302
848000 302
849000 302
850000 302
851000 302
852000 302
853000 302
854000 302
855000 302
856000 302
857000 302
858000 302
859000 302
860000 302
861000 302
862000 302
863000 302
864000 302
865000 302
866000 302
867000 302
868000 302
869000 302
870000 302
871000 302
872000 302
873000 302
874000 302
875000 302
876000 302
877000 302
878000 302
879000 302
880000 302
881000 302
882000 302
883000 302
884000 302
885000 302
886000 302
887000 302
888000 302
889000 302
890000 302
891000 302
892000 302
893000 302
894000 302
895000 302
896000 302
897000 302
898000 302
899000 302
900000 302
901000 302
902000 302
903000 302
904000 302
905000 302
906000 302
907000 302
908000 302
909000 302
910000 302
911000 302
912000 302
913000 302
914000 302
915000 302
916000 302
917000 302
918000 302
919000 302
920000 302
921000 302
922000 302
923000 302
924000 302
925000 302
926000 302
927000 302
928000 302
929000 302
930000 302
931000 302
932000 302
933000 302
934000 302
935000 302
936000 302
937000 302
938000 302
939000 302
940000 302
941000 302
942000 302
943000 302
944000 302
945000 302
946000 302
947000 302
948000 302
949000 302
950000 302
951000 302
952000 302
953000 302
954000 302
955000 302
956000 302
957000 302
958000 302
959000 302
960000 302
961000 302
962000 302
963000 302
964000 302
965000 302
966000 302
967000 302
968000 302
969000 302
970000 302
971000 302
972000 302
973000 302
974000 302
975000 302
976000 302
977000 302
978000 302
979000 302
980000 302
981000 302
982000 302
983000 302
984000 302
985000 302
986000 302
987000 302
988000 302
989000 302
990000 302
991000 302
992000 302
993000 302
994000 302
995000 302
996000 302
997000 302
998000 302
999000 302
1000000 302
1001000 302
1002000 302
1003000 302
1004000 302
1005000 302
1006000 302
1007000 302
1008000 302
1009000 302
1010000 302
1011000 302
1012000 302
1013000 302
1014000 302
1015000 302
1016000 302
1017000 302
1018000 302
1019000 302
1020000 302
1021000 302
1022000 302
1023000 302
1024000 302
1025000 302
1026000 302
1027000 302
1028000 302
1029000 302
1030000 302
1031000 302
1032000 302
1033000 302
1034000 302
1035000 302
1036000 302
1037000 302
1038000 302
1039000 302
1040000 302
1041000 302
1042000 302
1043000 302
1044000 302
1045000 302
1046000 302
1047000 302
1048000 302
1049000 302
1050000 302
1051000 302
1052000 302
1053000 302
1054000 302
1055000 302
1056000 302
1057000 302
1058000 302
1059000 302
1060000 302
1061000 302
1062000 302
1063000 302
1064000 302
1065000 302
1066000 302
1067000 302
1068000 302
1069000 302
1070000 302
1071000 302
1072000 302
1073000 302
1074000 302
1075000 302
1076000 302
1077000 302
1078000 302
1079000 302
1080000 302
1081000 302
1082000 302
1083000 302
1084000 302
1085000 302
1086000 302
1087000 302
1088000 302
1089000 302
1090000 302
1091000 302
1092000 302
1093000 302
1094000 302
1095000 302
1096000 302
1097000 302
1098000 302
1099000 302
1100000 302
1101000 302
1102000 302
1103000 302
1104000 302
1105000 302
1106000 302
1107000 302
1108000 302
1109000 302
1110000 302
1111000 302
1112000 302
1113000 302
1114000 302
1115000 302
1116000 302
1117000 302
1118000 302
1119000 302
1120000 302
1121000 302
1122000 302
1123000 302
1124000 302
1125000 302
1126000 302
1127000 302
1128000 302
1129000 302
1130000 302
1131000 302
1132000 302
1133000 302
1134000 302
1135000 302
1136000 302
1137000 302
1138000 302
1139000 302
1140000 302
1141000 302
1142000 302
1143000 302
1144000 302
1145000 302
1146000 302
1147000 302
1148000 302
1149000 302
1150000 302
1151000 302
1152000 302
1153000 302
1154000 302
1155000 302
1156000 302
1157000 302
1158000 302
1159000 302
1160000 302
1161000 302
1162000 302
1163000 302
1164000 302
1165000 302
1166000 302
1167000 302
1168000 302
1169000 302
1170000 302
1171000 302
1172000 302
1173000 302
1174000 302
1175000 302
1176000 302
1177000 302
1178000 302
1179000 302
1180000 302
1181000 302
1182000 302
1183000 302
1184000 302
1185000 302
1186000 302
1187000 302
1188000 302
1189000 302
1190000 302
1191000 302
1192000 302
1193000 302
1194000 302
1195000 302
1196000 302
1197000 302
1198000 302
1199000 302
1200000 302
1201000 302
1202000 302
1203000 302
1204000 302
1205000 302
1206000 302
1207000 302
1208000 302
1209000 302
1210000 302
1211000 302
1212000 302
1213000 302
1214000 302
1215000 302
1216000 302
1217000 302
1218000 302
1219000 302
1220000 302
1221000 302
1222000 302
1223000 302
1224000 302
1225000 302
1226000 302
1227000 302
1228000 302
1229000 302
1230000 302
1231000 302
1232000 302
1233000 302
1234000 302
1235000 302
1236000 302
1237000 302
1238000 302
1239000 302
1240000 302
1241000 302
1242000 302
1243000 302
1244000 302
1245000 302
1246000 302
1247000 302
1248000 302
1249000 302
1250000 302
1251000 302
1252000 302
1253000 302
1254000 302
1255000 302
1256000 302
1257000 302
1258000 302
1259000 302
1260000 302
1261000 302
1262000 302
1263000 302
1264000 302
1265000 302
1266000 302
1267000 302
1268000 302
1269000 302
1270000 302
1271000 302
1272000 302
1273000 302
1274000 302
1275000 302
1276000 302
1277000 302
1278000 302
1279000 302
1280000 302
1281000 302
1282000 302
1283000 302
1284000 302
1285000 302
1286000 302
1287000 302
1288000 302
1289000 302
1290000 302
1291000 302
1292000 302
1293000 302
1294000 302
1295000 302
1296000 302
1297000 302
1298000 302
1299000 302
1300000 302
1301000 302
1302000 302
1303000 302
1304000 302
1305000 302
1306000 302
1307000 302
1308000 302
1309000 302
1310000 302
1311000 302
1312000 302
1313000 302
1314000 302
1315000 302
1316000 302
1317000 302
1318000 302
1319000 302
1320000 302
1321000 302
1322000 302
1323000 302
1324000 302
1325000 302
1326000 302
1327000 302
1328000 302
1329000 302
1330000 302
1331000 302
1332000 302
1333000 302
1334000 302
1335000 302
1336000 302
1337000 302
1338000 302
1339000 302
1340000 302
1341000 302
1342000 302
1343000 302
1344000 302
1345000 302
1346000 302
1347000 302
1348000 302
1349000 302
1350000 302
1351000 302
1352000 302
1353000 302
1354000 302
1355000 302
1356000 302
1357000 302
1358000 302
1359000 302
1360000 302
1361000 302
1362000 302
1363000 302
1364000 302
1365000 302
1366000 302
1367000 302
1368000 302
1369000 302
1370000 302
1371000 302
1372000 302
1373000 302
1374000 302
1375000 302
1376000 302
1377000 302
1378000 302
1379000 302
1380000 302
1381000 302
1382000 302
1383000 302
1384000 302
1385000 302
1386000 302
1387000 302
1388000 302
1389000 302
1390000 302
1391000 302
1392000 302
1393000 302
1394000 302
1395000 302
1396000 302
1397000 302
1398000 302
1399000 302
1400000 302
1401000 302
1402000 302
1403000 302
1404000 302
1405000 302
1406000 302
1407000 302
1408000 302
1409000 302
1410000 302
1411000 302
1412000 302
1413000 302
1414000 302
1415000 302
1416000 302
1417000 302
1418000 302
1419000 302
1420000 302
1421000 302
1422000 302
1423000 302
1424000 302
1425000 302
1426000 302
1427000 302
1428000 302
1429000 302
1430000 302
1431000 302
1432000 302
1433000 302
1434000 302
1435000 302
1436000 302
1437000 302
1438000 302
1439000 302
1440000 302
1441000 302
1442000 302
1443000 302
1444000 302
1445000 302
1446000 302
1447000 302
1448000 302
1449000 302
1450000 302
1451000 302
1452000 302
1453000 302
1454000 302
1455000 302
1456000 302
1457000 302
1458000 302
1459000 302
1460000 302
1461000 302
1462000 302
1463000 302
1464000 302
1465000 302
1466000 302
1467000 302
1468000 302
1469000 302
1470000 302
1471000 302
1472000 302
1473000 302
1474000 302
1475000 302
1476000 302
1477000 302
1478000 302
1479000 302
1480000 302
1481000 302
1482000 302
1483000 302
1484000 302
1485000 302
1486000 302
1487000 302
1488000 302
1489000 302
1490000 302
1491000 302
1492000 302
1493000 302
1494000 302
1495000 302
1496000 302
1497000 302
1498000 302
1499000 302
1500000 302
1501000 302
1502000 302
1503000 302
1504000 302
1505000 302
1506000 302
1507000 302
1508000 302
1509000 302
1510000 302
1511000 302
1512000 302
1513000 302
1514000 302
1515000 302
1516000 302
1517000 302
1518000 302
1519000 302
1520000 302
1521000 302
1522000 302
1523000 302
1524000 302
1525000 302
1526000 302
1527000 302
1528000 302
1529000 302
1530000 302
1531000 302
1532000 302
1533000 302
1534000 302
1535000 302
1536000 302
1537000 302
1538000 302
1539000 302
1540000 302
1541000 302
1542000 302
1543000 302
1544000 302
1545000 302
1546000 302
1547000 302
1548000 302
1549000 302
1550000 302
1551000 302
1552000 302
1553000 302
1554000 302
1555000 302
1556000 302
1557000 302
1558000 302
1559000 302
1560000 302
1561000 302
1562000 302
1563000 302
1564000 302
1565000 302
1566000 302
1567000 302
1568000 302
1569000 302
1570000 302
1571000 302
1572000 302
1573000 302
1574000 302
1575000 302
1576000 302
1577000 302
1578000 302
1579000 302
1580000 302
1581000 302
1582000 302
1583000 302
1584000 302
1585000 302
1586000 302
1587000 302
1588000 302
1589000 302
1590000 302
1591000 302
1592000 302
1593000 302
1594000 302
1595000 302
1596000 302
1597000 302
1598000 302
1599000 302
1600000 302
1601000 302
1602000 302
1603000 302
1604000 302
1605000 302
1606000 302
1607000 302
1608000 302
1609000 302
1610000 302
1611000 302
1612000 302
1613000 302
1614000 302
1615000 302
1616000 302
1617000 302
1618000 302
1619000 302
1620000 302
1621000 302
1622000 302
1623000 302
1624000 302
1625000 302
1626000 302
1627000 302
1628000 302
1629000 302
1630000 302
1631000 302
1632000 302
1633000 302
1634000 302
1635000 302
1636000 302
1637000 302
1638000 302
1639000 302
1640000 302
1641000 302
1642000 302
1643000 302
1644000 302
1645000 302
1646000 302
1647000 303
1648000 303
1649000 303
1650000 303
1651000 303
1652000 303
1653000 303
1654000 303
1655000 303
1656000 303
1657000 303
1658000 303
1659000 303
1660000 303
1661000 303
1662000 303
1663000 303
1664000 303
1665000 303
1666000 303
1667000 303
1668000 303
1669000 303
1670000 303
1671000 303
1672000 303
1673000 303
1674000 303
1675000 303
1676000 303
1677000 303
1678000 303
1679000 303
1680000 303
1681000 303
1682000 303
1683000 303
1684000 303
1685000 303
1686000 303
1687000 303
1688000 303
1689000 303
1690000 303
1691000 303
1692000 303
1693000 303
1694000 303
1695000 303
1696000 303
1697000 303
1698000 303
1699000 303
1700000 303
1701000 303
1702000 303
1703000 303
1704000 303
1705000 303
1706000 303
1707000 303
1708000 303
1709000 303
1710000 303
1711000 303
1712000 303
1713000 303
1714000 303
1715000 303
1716000 303
1717000 303
1718000 303
1719000 303
1720000 303
1721000 303
1722000 303
1723000 303
1724000 303
1725000 303
1726000 303
1727000 303
1728000 303
1729000 303
1730000 303
1731000 303
1732000 303
1733000 303
1734000 303
1735000 303
1736000 303
1737000 303
1738000 303
1739000 303
1740000 303
1741000 303
1742000 303
1743000 303
1744000 303
1745000 303
1746000 303
1747000 303
1748000 303
1749000 303
1750000 303
1751000 303
1752000 303
1753000 303
1754000 303
1755000 303
1756000 303
1757000 303
1758000 303
1759000 303
1760000 303
1761000 303
1762000 303
1763000 303
1764000 303
1765000 303
1766000 303
1767000 303
1768000 303
1769000 303
1770000 303
1771000 303
1772000 303
1773000 303
1774000 303
1775000 303
1776000 303
1777000 303
1778000 303
1779000 303
1780000 303
1781000 303
1782000 303
1783000 303
1784000 303
1785000 303
1786000 303
1787000 303
1788000 303
1789000 303
1790000 303
1791000 303
1792000 303
1793000 303
1794000 303
1795000 303
1796000 303
1797000 303
1798000 303
1799000 303
1800000 303
1801000 303
1802000 303
1803000 303
1804000 303
1805000 303
1806000 303
1807000 303
1808000 303
1809000 303
1810000 303
1811000 303
1812000 303
1813000 303
1814000 303
1815000 303
1816000 303
1817000 303
1818000 303
1819000 303
1820000 303
1821000 303
1822000 303
1823000 303
1824000 303
1825000 303
1826000 303
1827000 303
1828000 303
1829000 303
1830000 303
1831000 303
1832000 303
1833000 303
1834000 303
1835000 303
1836000 303
1837000 303
1838000 303
1839000 303
1840000 303
1841000 303
1842000 303
1843000 303
1844000 303
1845000 303
1846000 303
1847000 303
1848000 303
1849000 303
1850000 303
1851000 303
1852000 303
1853000 303
1854000 303
1855000 303
1856000 303
1857000 303
1858000 303
1859000 303
1860000 303
1861000 303
1862000 303
1863000 303
1864000 303
1865000 303
1866000 303
1867000 303
1868000 303
1869000 303
1870000 303
1871000 303
1872000 303
1873000 303
1874000 303
1875000 303
1876000 303
1877000 303
1878000 303
1879000 303
1880000 303
1881000 303
1882000 303
1883000 303
1884000 303
1885000 303
1886000 303
1887000 303
1888000 303
1889000 303
1890000 303
1891000 303
1892000 303
1893000 303
1894000 303
1895000 303
1896000 303
1897000 303
1898000 303
1899000 303
1900000 303
1901000 303
1902000 303
1903000 303
1904000 303
1905000 303
1906000 303
1907000 303
1908000 303
1909000 303
1910000 303
1911000 303
1912000 303
1913000 303
1914000 303
1915000 303
1916000 303
1917000 303
1918000 303
1919000 303
1920000 303
1921000 303
1922000 303
1923000 303
1924000 303
1925000 303
1926000 303
1927000 303
1928000 303
1929000 303
1930000 303
1931000 303
1932000 303
1933000 303
1934000 303
1935000 303
1936000 303
1937000 303
1938000 303
1939000 303
1940000 303
1941000 303
1942000 303
1943000 303
1944000 303
1945000 303
1946000 303
1947000 303
1948000 303
1949000 303
1950000 303
1951000 303
1952000 303
1953000 303
1954000 303
1955000 303
1956000 303
1957000 303
1958000 303
1959000 303
1960000 303
1961000 303
1962000 303
1963000 303
1964000 303
1965000 303
1966000 303
1967000 303
1968000 303
1969000 303
1970000 303
1971000 303
1972000 303
1973000 303
1974000 303
1975000 303
1976000 303
1977000 303
1978000 303
1979000 303
1980000 303
1981000 303
1982000 303
1983000 303
1984000 303
1985000 303
1986000 303
1987000 303
1988000 303
1989000 303
1990000 303
1991000 303
1992000 303
1993000 303
1994000 303
1995000 303
1996000 303
1997000 303
1998000 303
1999000 303
2000000 303
2001000 303
2002000 303
2003000 303
2004000 303
2005000 303
2006000 303
2007000 303
2008000 303
2009000 303
2010000 303
2011000 303
2012000 303
2013000 303
2014000 303
2015000 303
2016000 303
2017000 303
2018000 303
2019000 303
2020000 303
2021000 303
2022000 303
2023000 303
2024000 303
2025000 303
2026000 303
2027000 303
2028000 303
2029000 303
2030000 303
2031000 303
2032000 303
2033000 303
2034000 303
2035000 303
2036000 303
2037000 303
2038000 303
2039000 303
2040000 303
2041000 303
2042000 303
2043000 303
2044000 303
2045000 303
2046000 303
2047000 303
2048000 303
2049000 303
2050000 303
2051000 303
2052000 303
2053000 303
2054000 303
2055000 303
2056000 303
2057000 303
2058000 303
2059000 303
2060000 303
2061000 303
2062000 303
2063000 303
2064000 303
2065000 303
2066000 303
2067000 303
2068000 303
2069000 303
2070000 303
2071000 303
2072000 303
2073000 303
2074000 303
2075000 303
2076000 303
2077000 303
2078000 303
2079000 303
2080000 303
2081000 303
2082000 303
2083000 303
2084000 303
2085000 303
2086000 303
2087000 303
2088000 303
2089000 303
2090000 303
2091000 303
2092000 303
2093000 303
2094000 303
2095000 303
2096000 303
2097000 303
2098000 303
2099000 303
2100000 303
2101000 303
2102000 303
2103000 303
2104000 303
2105000 303
2106000 303
2107000 303
2108000 303
2109000 303
2110000 303
2111000 303
2112000 303
2113000 303
2114000 303
2115000 303
2116000 303
2117000 303
2118000 303
2119000 303
2120000 303
2121000 303
2122000 303
2123000 303
2124000 303
2125000 303
2126000 303
2127000 303
2128000 303
2129000 303
2130000 303
2131000 303
2132000 303
2133000 303
2134000 303
2135000 303
2136000 303
2137000 303
2138000 303
2139000 303
2140000 303
2141000 303
2142000 303
2143000 303
2144000 303
2145000 303
2146000 303
2147000 303
2148000 303
2149000 303
2150000 303
2151000 303
2152000 303
2153000 303
2154000 303
2155000 303
2156000 303
2157000 303
2158000 303
2159000 303
2160000 303
2161000 303
2162000 303
2163000 303
2164000 303
2165000 303
2166000 303
2167000 303
2168000 303
2169000 303
2170000 303
2171000 303
2172000 303
2173000 303
2174000 303
2175000 303
2176000 303
2177000 303
2178000 303
2179000 303
2180000 303
2181000 303
2182000 303
2183000 303
2184000 303
2185000 303
2186000 303
2187000 303
2188000 303
2189000 303
2190000 303
2191000 303
2192000 303
2193000 303
2194000 303
2195000 303
2196000 303
2197000 303
2198000 303
2199000 303
2200000 303
2201000 303
2202000 303
2203000 303
2204000 303
2205000 303
2206000 303
2207000 303
2208000 303
2209000 303
2210000 303
2211000 303
2212000 303
2213000 303
2214000 303
2215000 303
2216000 303
2217000 303
2218000 303
2219000 303
2220000 303
2221000 303
2222000 303
2223000 303
2224000 303
2225000 303
2226000 303
2227000 303
2228000 303
2229000 303
2230000 303
2231000 303
2232000 303
2233000 303
2234000 303
2235000 303
2236000 303
2237000 303
2238000 303
2239000 303
2240000 303
2241000 303
2242000 303
2243000 303
2244000 303
2245000 303
2246000 303
2247000 303
2248000 303
2249000 303
2250000 303
2251000 303
2252000 303
2253000 303
2254000 303
2255000 303
2256000 303
2257000 303
2258000 303
2259000 303
2260000 303
2261000 303
2262000 303
2263000 303
2264000 303
2265000 303
2266000 303
2267000 303
2268000 303
2269000 303
2270000 303
2271000 303
2272000 303
2273000 303
2274000 303
2275000 303
2276000 303
2277000 303
2278000 303
2279000 303
2280000 303
2281000 303
2282000 303
2283000 303
2284000 303
2285000 303
2286000 303
2287000 303
2288000 303
2289000 303
2290000 303
2291000 303
2292000 303
2293000 303
2294000 303
2295000 303
2296000 303
2297000 303
2298000 303
2299000 303
2300000 303
2301000 303
2302000 303
2303000 303
2304000 303
2305000 303
2306000 303
2307000 303
2308000 303
2309000 303
2310000 303
2311000 303
2312000 303
2313000 303
2314000 303
2315000 303
2316000 303
2317000 303
2318000 303
2319000 303
2320000 303
2321000 303
2322000 303
2323000 303
2324000 303
2325000 303
2326000 303
2327000 303
2328000 303
2329000 303
2330000 303
2331000 303
2332000 303
2333000 303
2334000 303
2335000 303
2336000 303
2337000 303
2338000 303
2339000 303
2340000 303
2341000 303
2342000 303
2343000 303
2344000 303
2345000 303
2346000 303
2347000 303
2348000 303
2349000 303
2350000 303
2351000 303
2352000 303
2353000 303
2354000 303
2355000 303
2356000 303
2357000 303
2358000 303
2359000 303
2360000 303
2361000 303
2362000 303
2363000 303
2364000 303
2365000 303
2366000 303
2367000 303
2368000 303
2369000 303
2370000 303
2371000 303
2372000 303
2373000 303
2374000 303
2375000 303
2376000 303
2377000 303
2378000 303
2379000 303
2380000 303
2381000 303
2382000 303
2383000 303
2384000 303
2385000 303
2386000 303
2387000 303
2388000 303
2389000 303
2390000 303
2391000 303
2392000 303
2393000 303
2394000 303
2395000 303
2396000 303
2397000 303
2398000 303
2399000 303
2400000 303
2401000 303
2402000 303
2403000 303
2404000 303
2405000 303
2406000 303
2407000 303
2408000 303
2409000 303
2410000 303
2411000 303
2412000 303
2413000 303
2414000 303
2415000 303
2416000 303
2417000 303
2418000 303
2419000 303
2420000 303
2421000 303
2422000 303
2423000 303
2424000 303
2425000 303
2426000 303
2427000 303
2428000 303
2429000 303
2430000 303
2431000 303
2432000 303
2433000 303
2434000 303
2435000 303
2436000 303
2437000 303
2438000 303
2439000 303
2440000 303
2441000 303
2442000 303
2443000 303
2444000 303
2445000 303
2446000 303
2447000 303
2448000 303
2449000 303
2450000 303
2451000 303
2452000 303
2453000 303
2454000 303
2455000 303
2456000 303
2457000 303
2458000 303
2459000 303
2460000 303
2461000 303
2462000 303
2463000 303
2464000 303
2465000 303
2466000 303
2467000 303
2468000 303
2469000 303
2470000 303
2471000 303
2472000 303
2473000 303
2474000 303
2475000 303
2476000 303
2477000 303
2478000 303
2479000 303
2480000 303
2481000 303
2482000 303
2483000 303
2484000 303
2485000 303
2486000 303
2487000 303
2488000 303
2489000 303
2490000 303
2491000 303
2492000 303
2493000 303
2494000 303
2495000 303
2496000 303
2497000 303
2498000 303
2499000 303
2500000 303
2501000 303
2502000 303
