0.000000000000000000e+00 0.000000000000000000e+00
1.000000000000000000e+00 4.576967784789105970e-05
2.000000000000000000e+00 3.923115244104948652e-05
3.000000000000000000e+00 3.269262703420790656e-05
4.000000000000000000e+00 3.923115244104948652e-05
5.000000000000000000e+00 0.000000000000000000e+00
6.000000000000000000e+00 3.923115244104948652e-05
7.000000000000000000e+00 3.269262703420790656e-05
8.000000000000000000e+00 1.961557622052474326e-05
9.000000000000000000e+00 6.538525406841580805e-06
1.000000000000000000e+01 2.615410162736632322e-05
1.100000000000000000e+01 1.961557622052474326e-05
1.200000000000000000e+01 1.961557622052474326e-05
1.300000000000000000e+01 5.230820325473264644e-05
1.400000000000000000e+01 6.538525406841580805e-06
1.500000000000000000e+01 1.307705081368316161e-05
1.600000000000000000e+01 2.615410162736632322e-05
1.700000000000000000e+01 1.307705081368316161e-05
1.800000000000000000e+01 1.307705081368316161e-05
1.900000000000000000e+01 6.538525406841580805e-06
2.000000000000000000e+01 6.538525406841580805e-06
2.100000000000000000e+01 3.269262703420790656e-05
2.200000000000000000e+01 1.961557622052474326e-05
2.300000000000000000e+01 1.307705081368316161e-05
2.400000000000000000e+01 1.961557622052474326e-05
2.500000000000000000e+01 3.269262703420790656e-05
2.600000000000000000e+01 1.961557622052474326e-05
2.700000000000000000e+01 1.961557622052474326e-05
2.800000000000000000e+01 3.269262703420790656e-05
2.900000000000000000e+01 2.615410162736632322e-05
3.000000000000000000e+01 1.961557622052474326e-05
3.100000000000000000e+01 2.615410162736632322e-05
3.200000000000000000e+01 1.961557622052474326e-05
3.300000000000000000e+01 3.923115244104948652e-05
3.400000000000000000e+01 0.000000000000000000e+00
3.500000000000000000e+01 1.961557622052474326e-05
3.600000000000000000e+01 4.576967784789105970e-05
3.700000000000000000e+01 4.576967784789105970e-05
3.800000000000000000e+01 6.538525406841580805e-06
3.900000000000000000e+01 1.961557622052474326e-05
4.000000000000000000e+01 2.615410162736632322e-05
4.100000000000000000e+01 6.538525406841580805e-06
4.200000000000000000e+01 1.961557622052474326e-05
4.300000000000000000e+01 6.538525406841581313e-05
4.400000000000000000e+01 1.307705081368316161e-05
4.500000000000000000e+01 5.230820325473264644e-05
4.600000000000000000e+01 6.538525406841580805e-06
4.700000000000000000e+01 1.307705081368316161e-05
4.800000000000000000e+01 1.307705081368316161e-05
4.900000000000000000e+01 1.307705081368316161e-05
5.000000000000000000e+01 1.961557622052474326e-05
5.100000000000000000e+01 2.615410162736632322e-05
5.200000000000000000e+01 6.538525406841580805e-06
5.300000000000000000e+01 4.576967784789105970e-05
5.400000000000000000e+01 1.961557622052474326e-05
5.500000000000000000e+01 5.884672866157421284e-05
5.600000000000000000e+01 3.269262703420790656e-05
5.700000000000000000e+01 2.615410162736632322e-05
5.800000000000000000e+01 5.884672866157421284e-05
5.900000000000000000e+01 2.615410162736632322e-05
6.000000000000000000e+01 3.269262703420790656e-05
6.100000000000000000e+01 2.615410162736632322e-05
6.200000000000000000e+01 1.307705081368316161e-05
6.300000000000000000e+01 3.269262703420790656e-05
6.400000000000000000e+01 5.230820325473264644e-05
6.500000000000000000e+01 3.923115244104948652e-05
6.600000000000000000e+01 1.307705081368316161e-05
6.700000000000000000e+01 1.961557622052474326e-05
6.800000000000000000e+01 4.576967784789105970e-05
6.900000000000000000e+01 1.961557622052474326e-05
7.000000000000000000e+01 6.538525406841580805e-06
7.100000000000000000e+01 2.615410162736632322e-05
7.200000000000000000e+01 1.307705081368316161e-05
7.300000000000000000e+01 1.961557622052474326e-05
7.400000000000000000e+01 1.961557622052474326e-05
7.500000000000000000e+01 2.615410162736632322e-05
7.600000000000000000e+01 6.538525406841580805e-06
7.700000000000000000e+01 1.961557622052474326e-05
7.800000000000000000e+01 6.538525406841580805e-06
7.900000000000000000e+01 0.000000000000000000e+00
8.000000000000000000e+01 3.923115244104948652e-05
8.100000000000000000e+01 1.307705081368316161e-05
8.200000000000000000e+01 3.923115244104948652e-05
8.300000000000000000e+01 1.307705081368316161e-05
8.400000000000000000e+01 5.884672866157421284e-05
8.500000000000000000e+01 1.961557622052474326e-05
8.600000000000000000e+01 6.538525406841580805e-06
8.700000000000000000e+01 2.615410162736632322e-05
8.800000000000000000e+01 1.307705081368316161e-05
8.900000000000000000e+01 3.269262703420790656e-05
9.000000000000000000e+01 0.000000000000000000e+00
9.100000000000000000e+01 6.538525406841580805e-06
9.200000000000000000e+01 3.923115244104948652e-05
9.300000000000000000e+01 1.961557622052474326e-05
9.400000000000000000e+01 3.269262703420790656e-05
9.500000000000000000e+01 3.269262703420790656e-05
9.600000000000000000e+01 1.961557622052474326e-05
9.700000000000000000e+01 3.269262703420790656e-05
9.800000000000000000e+01 2.615410162736632322e-05
9.900000000000000000e+01 1.307705081368316161e-05
1.000000000000000000e+02 2.615410162736632322e-05
1.010000000000000000e+02 2.615410162736632322e-05
1.020000000000000000e+02 3.923115244104948652e-05
1.030000000000000000e+02 6.538525406841580805e-06
1.040000000000000000e+02 4.576967784789105970e-05
1.050000000000000000e+02 5.230820325473264644e-05
1.060000000000000000e+02 4.576967784789105970e-05
1.070000000000000000e+02 1.307705081368316161e-05
1.080000000000000000e+02 2.615410162736632322e-05
1.090000000000000000e+02 1.307705081368316161e-05
1.100000000000000000e+02 6.538525406841580805e-06
1.110000000000000000e+02 1.307705081368316161e-05
1.120000000000000000e+02 1.307705081368316161e-05
1.130000000000000000e+02 1.961557622052474326e-05
1.140000000000000000e+02 3.923115244104948652e-05
1.150000000000000000e+02 1.961557622052474326e-05
1.160000000000000000e+02 5.230820325473264644e-05
1.170000000000000000e+02 3.269262703420790656e-05
1.180000000000000000e+02 6.538525406841580805e-06
1.190000000000000000e+02 3.923115244104948652e-05
1.200000000000000000e+02 2.615410162736632322e-05
1.210000000000000000e+02 3.923115244104948652e-05
1.220000000000000000e+02 6.538525406841580805e-06
1.230000000000000000e+02 1.961557622052474326e-05
1.240000000000000000e+02 4.576967784789105970e-05
1.250000000000000000e+02 3.269262703420790656e-05
1.260000000000000000e+02 7.846230488209897304e-05
1.270000000000000000e+02 4.576967784789105970e-05
1.280000000000000000e+02 7.192377947525739309e-05
1.290000000000000000e+02 3.269262703420790656e-05
1.300000000000000000e+02 7.192377947525739309e-05
1.310000000000000000e+02 5.230820325473264644e-05
1.320000000000000000e+02 7.192377947525739309e-05
1.330000000000000000e+02 2.615410162736632322e-05
1.340000000000000000e+02 1.961557622052474326e-05
1.350000000000000000e+02 2.615410162736632322e-05
1.360000000000000000e+02 1.307705081368316161e-05
1.370000000000000000e+02 3.269262703420790656e-05
1.380000000000000000e+02 1.307705081368316161e-05
1.390000000000000000e+02 5.230820325473264644e-05
1.400000000000000000e+02 1.961557622052474326e-05
1.410000000000000000e+02 2.615410162736632322e-05
1.420000000000000000e+02 4.576967784789105970e-05
1.430000000000000000e+02 2.615410162736632322e-05
1.440000000000000000e+02 2.615410162736632322e-05
1.450000000000000000e+02 3.269262703420790656e-05
1.460000000000000000e+02 2.615410162736632322e-05
1.470000000000000000e+02 1.307705081368316161e-05
1.480000000000000000e+02 3.269262703420790656e-05
1.490000000000000000e+02 1.961557622052474326e-05
1.500000000000000000e+02 3.269262703420790656e-05
1.510000000000000000e+02 3.269262703420790656e-05
1.520000000000000000e+02 6.538525406841580805e-06
1.530000000000000000e+02 4.576967784789105970e-05
1.540000000000000000e+02 1.307705081368316161e-05
1.550000000000000000e+02 6.538525406841580805e-06
1.560000000000000000e+02 2.615410162736632322e-05
1.570000000000000000e+02 4.576967784789105970e-05
1.580000000000000000e+02 3.269262703420790656e-05
1.590000000000000000e+02 7.846230488209897304e-05
1.600000000000000000e+02 5.884672866157421284e-05
1.610000000000000000e+02 4.576967784789105970e-05
1.620000000000000000e+02 4.576967784789105970e-05
1.630000000000000000e+02 1.961557622052474326e-05
1.640000000000000000e+02 6.538525406841580805e-06
1.650000000000000000e+02 3.923115244104948652e-05
1.660000000000000000e+02 6.538525406841580805e-06
1.670000000000000000e+02 3.923115244104948652e-05
1.680000000000000000e+02 3.923115244104948652e-05
1.690000000000000000e+02 7.846230488209897304e-05
1.700000000000000000e+02 9.807788110262371292e-05
1.710000000000000000e+02 1.111549319163068593e-04
1.720000000000000000e+02 7.846230488209897304e-05
1.730000000000000000e+02 9.153935569578211941e-05
1.740000000000000000e+02 1.307705081368316263e-04
1.750000000000000000e+02 1.111549319163068593e-04
1.760000000000000000e+02 1.373090335436731927e-04
1.770000000000000000e+02 9.153935569578211941e-05
1.780000000000000000e+02 8.500083028894053945e-05
1.790000000000000000e+02 9.807788110262371292e-05
1.800000000000000000e+02 1.373090335436731927e-04
1.810000000000000000e+02 1.569246097641979461e-04
1.820000000000000000e+02 1.700016605778810789e-04
1.830000000000000000e+02 1.569246097641979461e-04
1.840000000000000000e+02 1.438475589505147862e-04
1.850000000000000000e+02 1.438475589505147862e-04
1.860000000000000000e+02 1.569246097641979461e-04
1.870000000000000000e+02 1.765401859847226724e-04
1.880000000000000000e+02 1.634631351710395125e-04
1.890000000000000000e+02 1.961557622052474258e-04
1.900000000000000000e+02 1.961557622052474258e-04
1.910000000000000000e+02 2.484639654599801197e-04
1.920000000000000000e+02 2.157713384257721793e-04
1.930000000000000000e+02 2.680795416805048189e-04
1.940000000000000000e+02 2.811565924941879517e-04
1.950000000000000000e+02 2.615410162736632525e-04
1.960000000000000000e+02 2.550024908668216319e-04
1.970000000000000000e+02 3.007721687147127052e-04
1.980000000000000000e+02 3.007721687147127052e-04
1.990000000000000000e+02 3.138492195283958922e-04
2.000000000000000000e+02 3.596188973762869112e-04
2.010000000000000000e+02 3.269262703420790250e-04
2.020000000000000000e+02 3.530803719694453448e-04
2.030000000000000000e+02 3.269262703420790250e-04
2.040000000000000000e+02 3.661574227831284776e-04
2.050000000000000000e+02 3.400033211557621578e-04
2.060000000000000000e+02 3.138492195283958922e-04
2.070000000000000000e+02 3.400033211557621578e-04
2.080000000000000000e+02 3.465418465626037784e-04
2.090000000000000000e+02 3.857729990036532853e-04
2.100000000000000000e+02 3.923115244104948517e-04
2.110000000000000000e+02 3.726959481899700440e-04
2.120000000000000000e+02 4.511582530720690577e-04
2.130000000000000000e+02 4.250041514447027379e-04
2.140000000000000000e+02 4.576967784789106241e-04
2.150000000000000000e+02 4.576967784789106241e-04
2.160000000000000000e+02 5.426976087678512042e-04
2.170000000000000000e+02 5.753902358020591447e-04
2.180000000000000000e+02 6.080828628362669767e-04
2.190000000000000000e+02 6.342369644636333507e-04
2.200000000000000000e+02 6.211599136499502179e-04
2.210000000000000000e+02 6.407754898704749172e-04
2.220000000000000000e+02 6.146213882431085431e-04
2.230000000000000000e+02 6.603910660909996164e-04
2.240000000000000000e+02 6.734681169046828576e-04
2.250000000000000000e+02 6.930836931252075568e-04
2.260000000000000000e+02 7.453918963799400881e-04
2.270000000000000000e+02 7.780845234141481369e-04
2.280000000000000000e+02 7.977000996346728361e-04
2.290000000000000000e+02 7.650074726004650041e-04
2.300000000000000000e+02 7.650074726004650041e-04
2.310000000000000000e+02 7.780845234141481369e-04
2.320000000000000000e+02 8.107771504483559689e-04
2.330000000000000000e+02 8.434697774825639094e-04
2.340000000000000000e+02 8.761624045167717414e-04
2.350000000000000000e+02 8.696238791099300666e-04
2.360000000000000000e+02 9.153935569578212483e-04
2.370000000000000000e+02 9.219320823646629231e-04
2.380000000000000000e+02 9.938558618399204788e-04
2.390000000000000000e+02 9.742402856193955627e-04
2.400000000000000000e+02 1.052702590501494468e-03
2.410000000000000000e+02 1.033087014280969877e-03
2.420000000000000000e+02 1.059241115908335926e-03
2.430000000000000000e+02 1.020009963467286528e-03
2.440000000000000000e+02 1.091933742942544083e-03
2.450000000000000000e+02 1.085395217535702408e-03
2.460000000000000000e+02 1.098472268349385541e-03
2.470000000000000000e+02 1.098472268349385541e-03
2.480000000000000000e+02 1.118087844569910349e-03
2.490000000000000000e+02 1.124626369976751807e-03
2.500000000000000000e+02 1.150780471604118289e-03
