0.000000000000000000e+00 7.978080371969443335e-03
1.000000000000000000e+00 1.037150448356027876e-02
2.000000000000000000e+00 1.021194287612088927e-02
3.000000000000000000e+00 1.021194287612088927e-02
4.000000000000000000e+00 1.164799734307538949e-02
5.000000000000000000e+00 1.228624377283294572e-02
6.000000000000000000e+00 1.116931252075722275e-02
7.000000000000000000e+00 1.212668216539355449e-02
8.000000000000000000e+00 1.196712055795416674e-02
9.000000000000000000e+00 8.456765194287611809e-03
1.000000000000000000e+01 1.164799734307538949e-02
1.100000000000000000e+01 1.244580538027233348e-02
1.200000000000000000e+01 1.132887412819661051e-02
1.300000000000000000e+01 1.308405181002988971e-02
1.400000000000000000e+01 1.164799734307538949e-02
1.500000000000000000e+01 1.260536698771172123e-02
1.600000000000000000e+01 1.132887412819661051e-02
1.700000000000000000e+01 1.196712055795416674e-02
1.800000000000000000e+01 1.196712055795416674e-02
1.900000000000000000e+01 9.733258053802722534e-03
2.000000000000000000e+01 1.276492859515110899e-02
2.100000000000000000e+01 1.260536698771172123e-02
2.200000000000000000e+01 1.292449020259049848e-02
2.300000000000000000e+01 8.935450016605778548e-03
2.400000000000000000e+01 1.340317502490866869e-02
2.500000000000000000e+01 1.164799734307538949e-02
2.600000000000000000e+01 1.292449020259049848e-02
2.700000000000000000e+01 1.356273663234805645e-02
2.800000000000000000e+01 1.085018930587844377e-02
2.900000000000000000e+01 1.005238126868150152e-02
3.000000000000000000e+01 1.308405181002988971e-02
3.100000000000000000e+01 1.116931252075722275e-02
3.200000000000000000e+01 8.456765194287611809e-03
3.300000000000000000e+01 9.573696446363333043e-03
3.400000000000000000e+01 9.892819661242110291e-03
3.500000000000000000e+01 1.228624377283294572e-02
3.600000000000000000e+01 1.021194287612088927e-02
3.700000000000000000e+01 1.037150448356027876e-02
3.800000000000000000e+01 1.196712055795416674e-02
3.900000000000000000e+01 1.276492859515110899e-02
4.000000000000000000e+01 9.573696446363333043e-03
4.100000000000000000e+01 1.212668216539355449e-02
4.200000000000000000e+01 1.196712055795416674e-02
4.300000000000000000e+01 1.021194287612088927e-02
4.400000000000000000e+01 1.069062769843905601e-02
4.500000000000000000e+01 9.733258053802722534e-03
4.600000000000000000e+01 1.100975091331783152e-02
4.700000000000000000e+01 1.212668216539355449e-02
4.800000000000000000e+01 1.228624377283294572e-02
4.900000000000000000e+01 1.260536698771172123e-02
5.000000000000000000e+01 1.292449020259049848e-02
5.100000000000000000e+01 1.356273663234805645e-02
5.200000000000000000e+01 1.085018930587844377e-02
5.300000000000000000e+01 1.276492859515110899e-02
5.400000000000000000e+01 1.372229823978744247e-02
5.500000000000000000e+01 1.069062769843905601e-02
5.600000000000000000e+01 1.452010627698438819e-02
5.700000000000000000e+01 1.005238126868150152e-02
5.800000000000000000e+01 1.340317502490866869e-02
5.900000000000000000e+01 1.100975091331783152e-02
6.000000000000000000e+01 1.212668216539355449e-02
6.100000000000000000e+01 9.095011624045166304e-03
6.200000000000000000e+01 1.005238126868150152e-02
6.300000000000000000e+01 1.212668216539355449e-02
6.400000000000000000e+01 1.037150448356027876e-02
6.500000000000000000e+01 1.260536698771172123e-02
6.600000000000000000e+01 1.069062769843905601e-02
6.700000000000000000e+01 1.005238126868150152e-02
6.800000000000000000e+01 1.228624377283294572e-02
6.900000000000000000e+01 1.324361341746927746e-02
7.000000000000000000e+01 1.100975091331783152e-02
7.100000000000000000e+01 1.148843573563600000e-02
7.200000000000000000e+01 1.196712055795416674e-02
7.300000000000000000e+01 1.164799734307538949e-02
7.400000000000000000e+01 1.164799734307538949e-02
7.500000000000000000e+01 1.132887412819661051e-02
7.600000000000000000e+01 1.292449020259049848e-02
7.700000000000000000e+01 1.116931252075722275e-02
7.800000000000000000e+01 1.196712055795416674e-02
7.900000000000000000e+01 1.228624377283294572e-02
8.000000000000000000e+01 1.228624377283294572e-02
8.100000000000000000e+01 1.005238126868150152e-02
8.200000000000000000e+01 1.100975091331783152e-02
8.300000000000000000e+01 9.414134838923945287e-03
8.400000000000000000e+01 1.116931252075722275e-02
8.500000000000000000e+01 9.573696446363333043e-03
8.600000000000000000e+01 8.456765194287611809e-03
8.700000000000000000e+01 1.164799734307538949e-02
8.800000000000000000e+01 1.244580538027233348e-02
8.900000000000000000e+01 9.733258053802722534e-03
9.000000000000000000e+01 9.733258053802722534e-03
9.100000000000000000e+01 1.180755895051477725e-02
9.200000000000000000e+01 1.100975091331783152e-02
9.300000000000000000e+01 9.254573231484555795e-03
9.400000000000000000e+01 1.005238126868150152e-02
9.500000000000000000e+01 1.324361341746927746e-02
9.600000000000000000e+01 1.085018930587844377e-02
9.700000000000000000e+01 1.037150448356027876e-02
9.800000000000000000e+01 1.005238126868150152e-02
9.900000000000000000e+01 8.137641979408832826e-03
1.000000000000000000e+02 1.260536698771172123e-02
1.010000000000000000e+02 1.180755895051477725e-02
1.020000000000000000e+02 1.005238126868150152e-02
1.030000000000000000e+02 1.116931252075722275e-02
1.040000000000000000e+02 1.037150448356027876e-02
1.050000000000000000e+02 1.053106609099966826e-02
1.060000000000000000e+02 1.148843573563600000e-02
1.070000000000000000e+02 1.085018930587844377e-02
1.080000000000000000e+02 1.404142145466622145e-02
1.090000000000000000e+02 1.324361341746927746e-02
1.100000000000000000e+02 1.085018930587844377e-02
1.110000000000000000e+02 1.308405181002988971e-02
1.120000000000000000e+02 9.573696446363333043e-03
1.130000000000000000e+02 1.324361341746927746e-02
1.140000000000000000e+02 1.100975091331783152e-02
1.150000000000000000e+02 1.005238126868150152e-02
1.160000000000000000e+02 1.212668216539355449e-02
1.170000000000000000e+02 1.164799734307538949e-02
1.180000000000000000e+02 1.164799734307538949e-02
1.190000000000000000e+02 1.260536698771172123e-02
1.200000000000000000e+02 1.420098306210561094e-02
1.210000000000000000e+02 1.467966788442377941e-02
1.220000000000000000e+02 1.196712055795416674e-02
1.230000000000000000e+02 1.100975091331783152e-02
1.240000000000000000e+02 8.935450016605778548e-03
1.250000000000000000e+02 1.404142145466622145e-02
1.260000000000000000e+02 1.053106609099966826e-02
1.270000000000000000e+02 1.244580538027233348e-02
1.280000000000000000e+02 9.414134838923945287e-03
1.290000000000000000e+02 1.515835270674194268e-02
1.300000000000000000e+02 1.116931252075722275e-02
1.310000000000000000e+02 9.095011624045166304e-03
1.320000000000000000e+02 8.935450016605778548e-03
1.330000000000000000e+02 1.164799734307538949e-02
1.340000000000000000e+02 1.021194287612088927e-02
1.350000000000000000e+02 1.244580538027233348e-02
1.360000000000000000e+02 1.212668216539355449e-02
1.370000000000000000e+02 8.935450016605778548e-03
1.380000000000000000e+02 9.414134838923945287e-03
1.390000000000000000e+02 1.069062769843905601e-02
1.400000000000000000e+02 1.196712055795416674e-02
1.410000000000000000e+02 1.100975091331783152e-02
1.420000000000000000e+02 1.196712055795416674e-02
1.430000000000000000e+02 1.228624377283294572e-02
1.440000000000000000e+02 1.085018930587844377e-02
1.450000000000000000e+02 1.132887412819661051e-02
1.460000000000000000e+02 1.164799734307538949e-02
1.470000000000000000e+02 9.573696446363333043e-03
1.480000000000000000e+02 9.733258053802722534e-03
1.490000000000000000e+02 9.414134838923945287e-03
1.500000000000000000e+02 9.733258053802722534e-03
1.510000000000000000e+02 1.292449020259049848e-02
1.520000000000000000e+02 1.164799734307538949e-02
1.530000000000000000e+02 1.164799734307538949e-02
1.540000000000000000e+02 1.452010627698438819e-02
1.550000000000000000e+02 1.005238126868150152e-02
1.560000000000000000e+02 1.085018930587844377e-02
1.570000000000000000e+02 1.420098306210561094e-02
1.580000000000000000e+02 1.324361341746927746e-02
1.590000000000000000e+02 1.053106609099966826e-02
1.600000000000000000e+02 1.021194287612088927e-02
1.610000000000000000e+02 8.935450016605778548e-03
1.620000000000000000e+02 1.116931252075722275e-02
1.630000000000000000e+02 1.452010627698438819e-02
1.640000000000000000e+02 9.254573231484555795e-03
1.650000000000000000e+02 1.053106609099966826e-02
1.660000000000000000e+02 8.775888409166387322e-03
1.670000000000000000e+02 1.260536698771172123e-02
1.680000000000000000e+02 1.116931252075722275e-02
1.690000000000000000e+02 1.037150448356027876e-02
1.700000000000000000e+02 9.414134838923945287e-03
1.710000000000000000e+02 1.164799734307538949e-02
1.720000000000000000e+02 1.404142145466622145e-02
1.730000000000000000e+02 9.573696446363333043e-03
1.740000000000000000e+02 9.733258053802722534e-03
1.750000000000000000e+02 1.116931252075722275e-02
1.760000000000000000e+02 9.573696446363333043e-03
1.770000000000000000e+02 1.372229823978744247e-02
1.780000000000000000e+02 1.212668216539355449e-02
1.790000000000000000e+02 1.021194287612088927e-02
1.800000000000000000e+02 1.085018930587844377e-02
1.810000000000000000e+02 1.132887412819661051e-02
1.820000000000000000e+02 1.436054466954500043e-02
1.830000000000000000e+02 1.292449020259049848e-02
1.840000000000000000e+02 1.340317502490866869e-02
1.850000000000000000e+02 9.733258053802722534e-03
1.860000000000000000e+02 1.308405181002988971e-02
1.870000000000000000e+02 1.148843573563600000e-02
1.880000000000000000e+02 1.244580538027233348e-02
1.890000000000000000e+02 1.276492859515110899e-02
1.900000000000000000e+02 9.254573231484555795e-03
1.910000000000000000e+02 1.132887412819661051e-02
1.920000000000000000e+02 1.069062769843905601e-02
1.930000000000000000e+02 1.308405181002988971e-02
1.940000000000000000e+02 1.132887412819661051e-02
1.950000000000000000e+02 9.573696446363333043e-03
1.960000000000000000e+02 1.180755895051477725e-02
1.970000000000000000e+02 1.005238126868150152e-02
1.980000000000000000e+02 8.616326801726999565e-03
1.990000000000000000e+02 1.228624377283294572e-02
2.000000000000000000e+02 1.228624377283294572e-02
2.010000000000000000e+02 1.100975091331783152e-02
2.020000000000000000e+02 1.100975091331783152e-02
2.030000000000000000e+02 1.228624377283294572e-02
2.040000000000000000e+02 1.292449020259049848e-02
2.050000000000000000e+02 1.037150448356027876e-02
2.060000000000000000e+02 1.132887412819661051e-02
2.070000000000000000e+02 1.196712055795416674e-02
2.080000000000000000e+02 9.573696446363333043e-03
2.090000000000000000e+02 1.132887412819661051e-02
2.100000000000000000e+02 1.388185984722683022e-02
2.110000000000000000e+02 1.005238126868150152e-02
2.120000000000000000e+02 1.037150448356027876e-02
2.130000000000000000e+02 1.053106609099966826e-02
2.140000000000000000e+02 1.053106609099966826e-02
2.150000000000000000e+02 1.372229823978744247e-02
2.160000000000000000e+02 1.069062769843905601e-02
2.170000000000000000e+02 1.132887412819661051e-02
2.180000000000000000e+02 1.228624377283294572e-02
2.190000000000000000e+02 1.148843573563600000e-02
2.200000000000000000e+02 1.085018930587844377e-02
2.210000000000000000e+02 8.935450016605778548e-03
2.220000000000000000e+02 9.254573231484555795e-03
2.230000000000000000e+02 9.254573231484555795e-03
2.240000000000000000e+02 8.297203586848222318e-03
2.250000000000000000e+02 1.308405181002988971e-02
2.260000000000000000e+02 1.148843573563600000e-02
2.270000000000000000e+02 1.276492859515110899e-02
2.280000000000000000e+02 1.132887412819661051e-02
2.290000000000000000e+02 1.132887412819661051e-02
2.300000000000000000e+02 1.053106609099966826e-02
2.310000000000000000e+02 1.116931252075722275e-02
2.320000000000000000e+02 1.292449020259049848e-02
2.330000000000000000e+02 1.452010627698438819e-02
2.340000000000000000e+02 1.164799734307538949e-02
2.350000000000000000e+02 1.085018930587844377e-02
2.360000000000000000e+02 1.180755895051477725e-02
2.370000000000000000e+02 1.053106609099966826e-02
2.380000000000000000e+02 1.116931252075722275e-02
2.390000000000000000e+02 1.148843573563600000e-02
2.400000000000000000e+02 1.100975091331783152e-02
2.410000000000000000e+02 1.180755895051477725e-02
2.420000000000000000e+02 8.616326801726999565e-03
2.430000000000000000e+02 1.212668216539355449e-02
2.440000000000000000e+02 1.116931252075722275e-02
2.450000000000000000e+02 1.021194287612088927e-02
2.460000000000000000e+02 1.053106609099966826e-02
2.470000000000000000e+02 1.116931252075722275e-02
2.480000000000000000e+02 1.069062769843905601e-02
2.490000000000000000e+02 1.085018930587844377e-02
2.500000000000000000e+02 1.244580538027233348e-02
