# Time-averaged data for fix myat2
# TimeStep v_density
3000 0.0140317
4000 0.0157856
5000 0.00643119
6000 0.00935446
7000 0.0087698
8000 0.00818515
9000 0.00993911
10000 0.0087698
11000 0.00701584
12000 0.0122777
13000 0.00701584
14000 0.00818515
15000 0.00818515
16000 0.00993911
17000 0.0105238
18000 0.0122777
19000 0.00935446
20000 0.00701584
21000 0.0111084
22000 0.0076005
23000 0.00935446
24000 0.00643119
25000 0.00643119
26000 0.0105238
27000 0.00701584
28000 0.0087698
29000 0.00818515
30000 0.00935446
31000 0.00818515
32000 0.0116931
33000 0.00701584
34000 0.00993911
35000 0.0116931
36000 0.0087698
37000 0.00584654
38000 0.0105238
39000 0.00701584
40000 0.0122777
41000 0.0105238
42000 0.00935446
43000 0.00993911
44000 0.00701584
45000 0.00818515
46000 0.00935446
47000 0.0128624
48000 0.00993911
49000 0.0087698
50000 0.00701584
51000 0.00643119
52000 0.00584654
53000 0.00993911
54000 0.0087698
55000 0.0111084
56000 0.00935446
57000 0.00935446
58000 0.00701584
59000 0.00993911
60000 0.00818515
61000 0.0111084
62000 0.0076005
63000 0.00701584
64000 0.0076005
65000 0.00643119
66000 0.00701584
67000 0.00818515
68000 0.00643119
69000 0.0076005
70000 0.0116931
71000 0.0076005
72000 0.00993911
73000 0.00935446
74000 0.00643119
75000 0.0116931
76000 0.0111084
77000 0.0076005
78000 0.0105238
79000 0.00818515
80000 0.0111084
81000 0.0111084
82000 0.00993911
83000 0.00584654
84000 0.0076005
85000 0.00935446
86000 0.0122777
87000 0.00935446
88000 0.0116931
89000 0.00701584
90000 0.00526188
91000 0.00993911
92000 0.00818515
93000 0.0105238
94000 0.0111084
95000 0.0111084
96000 0.00818515
97000 0.00526188
98000 0.0122777
99000 0.00818515
100000 0.00993911
101000 0.00993911
102000 0.00935446
103000 0.00467723
104000 0.0076005
105000 0.00818515
106000 0.013447
107000 0.0128624
108000 0.00818515
109000 0.0105238
110000 0.0128624
111000 0.00701584
112000 0.00409258
113000 0.00818515
114000 0.00643119
115000 0.00935446
116000 0.0105238
117000 0.00526188
118000 0.0105238
119000 0.00584654
120000 0.00818515
121000 0.00526188
122000 0.00993911
123000 0.00818515
124000 0.00701584
125000 0.0116931
126000 0.0087698
127000 0.00993911
128000 0.00993911
129000 0.013447
130000 0.00993911
131000 0.00643119
132000 0.00935446
133000 0.0111084
134000 0.0111084
135000 0.0116931
136000 0.0087698
137000 0.00701584
138000 0.013447
139000 0.0076005
140000 0.0087698
141000 0.00643119
142000 0.00818515
143000 0.0128624
144000 0.0111084
145000 0.00643119
146000 0.00993911
147000 0.00935446
148000 0.0122777
149000 0.0087698
150000 0.0105238
151000 0.00993911
152000 0.0105238
153000 0.0146163
154000 0.00818515
155000 0.0111084
156000 0.0116931
157000 0.0128624
158000 0.0105238
159000 0.0076005
160000 0.0076005
161000 0.00643119
162000 0.00818515
163000 0.0076005
164000 0.00993911
165000 0.0087698
166000 0.0076005
167000 0.0128624
168000 0.0116931
169000 0.0140317
170000 0.00701584
171000 0.00701584
172000 0.00993911
173000 0.00584654
174000 0.00643119
175000 0.0105238
176000 0.00935446
177000 0.0087698
178000 0.0105238
179000 0.0105238
180000 0.015201
181000 0.0105238
182000 0.00701584
183000 0.0116931
184000 0.0087698
185000 0.00701584
186000 0.00643119
187000 0.00935446
188000 0.00643119
189000 0.00701584
190000 0.0116931
191000 0.00993911
192000 0.0122777
193000 0.0146163
194000 0.0076005
195000 0.00526188
196000 0.00701584
197000 0.00993911
198000 0.00584654
199000 0.0140317
200000 0.00993911
201000 0.00935446
202000 0.00935446
203000 0.0087698
204000 0.00643119
205000 0.00818515
206000 0.0111084
207000 0.00818515
208000 0.00818515
209000 0.00701584
210000 0.00643119
211000 0.0128624
212000 0.00818515
213000 0.0076005
214000 0.0111084
215000 0.0087698
216000 0.00526188
217000 0.0087698
218000 0.0122777
219000 0.0122777
220000 0.0116931
221000 0.0111084
222000 0.00526188
223000 0.00526188
224000 0.0076005
225000 0.0116931
226000 0.00818515
227000 0.00935446
228000 0.0111084
229000 0.0122777
230000 0.00993911
231000 0.00993911
232000 0.00409258
233000 0.0087698
234000 0.0111084
235000 0.00584654
236000 0.00701584
237000 0.00701584
238000 0.0105238
239000 0.00993911
240000 0.0116931
241000 0.00935446
242000 0.0087698
243000 0.00467723
244000 0.00584654
245000 0.0076005
246000 0.00935446
247000 0.0128624
248000 0.0105238
249000 0.0087698
250000 0.0105238
251000 0.00993911
252000 0.00643119
253000 0.00935446
254000 0.00993911
255000 0.0076005
256000 0.0076005
257000 0.0087698
258000 0.00584654
259000 0.013447
260000 0.0087698
261000 0.00993911
262000 0.0087698
263000 0.0105238
264000 0.0087698
265000 0.00643119
266000 0.00935446
267000 0.0087698
268000 0.00935446
269000 0.00818515
270000 0.0111084
271000 0.00526188
272000 0.0076005
273000 0.0087698
274000 0.00643119
275000 0.0146163
276000 0.0111084
277000 0.0087698
278000 0.0122777
279000 0.00584654
280000 0.00701584
281000 0.0087698
282000 0.0076005
283000 0.0087698
284000 0.00584654
285000 0.00701584
286000 0.0122777
287000 0.00993911
288000 0.015201
289000 0.00643119
290000 0.0111084
291000 0.0122777
292000 0.0105238
293000 0.00993911
294000 0.0111084
295000 0.00935446
296000 0.00935446
297000 0.0087698
298000 0.0122777
299000 0.0076005
300000 0.0128624
301000 0.0122777
302000 0.0076005
303000 0.00935446
304000 0.00993911
305000 0.0087698
306000 0.0116931
307000 0.00643119
308000 0.00993911
309000 0.00584654
310000 0.0076005
311000 0.00818515
312000 0.00292327
313000 0.00818515
314000 0.00993911
315000 0.0087698
316000 0.00818515
317000 0.0122777
318000 0.0087698
319000 0.0116931
320000 0.0128624
321000 0.00643119
322000 0.0087698
323000 0.00526188
324000 0.0116931
325000 0.00584654
326000 0.0122777
327000 0.00701584
328000 0.0087698
329000 0.0111084
330000 0.0105238
331000 0.00526188
332000 0.0116931
333000 0.0111084
334000 0.0076005
335000 0.00584654
336000 0.00701584
337000 0.0111084
338000 0.0087698
339000 0.00935446
340000 0.00643119
341000 0.00409258
342000 0.0087698
343000 0.0105238
344000 0.00643119
345000 0.00584654
346000 0.00993911
347000 0.0128624
348000 0.00993911
349000 0.00935446
350000 0.00935446
351000 0.00993911
352000 0.00818515
353000 0.00935446
354000 0.0128624
355000 0.0116931
356000 0.00935446
357000 0.00935446
358000 0.00643119
359000 0.0076005
360000 0.0122777
361000 0.0087698
362000 0.00993911
363000 0.013447
364000 0.0116931
365000 0.0128624
366000 0.00993911
367000 0.0087698
368000 0.00701584
369000 0.0087698
370000 0.0076005
371000 0.0111084
372000 0.00467723
373000 0.00818515
374000 0.00701584
375000 0.00584654
376000 0.00526188
377000 0.00993911
378000 0.00701584
379000 0.00643119
380000 0.00935446
381000 0.00701584
382000 0.0116931
383000 0.00818515
384000 0.0076005
385000 0.00818515
386000 0.00584654
387000 0.0076005
388000 0.00993911
389000 0.0076005
390000 0.0116931
391000 0.00993911
392000 0.00818515
393000 0.0128624
394000 0.0087698
395000 0.0111084
396000 0.0116931
397000 0.0105238
398000 0.00701584
399000 0.0087698
400000 0.00935446
401000 0.00993911
402000 0.0105238
403000 0.00643119
404000 0.0087698
405000 0.0128624
406000 0.00993911
407000 0.0105238
408000 0.00818515
409000 0.0111084
410000 0.00526188
411000 0.00993911
412000 0.00701584
413000 0.0128624
414000 0.00643119
415000 0.00643119
416000 0.00993911
417000 0.00818515
418000 0.00701584
419000 0.00935446
420000 0.0122777
421000 0.00935446
422000 0.00701584
423000 0.00993911
424000 0.0122777
425000 0.0087698
426000 0.0111084
427000 0.0122777
428000 0.0105238
429000 0.0087698
430000 0.00643119
431000 0.00409258
432000 0.0122777
433000 0.0087698
434000 0.00935446
435000 0.0146163
436000 0.0116931
437000 0.013447
438000 0.0105238
439000 0.0140317
440000 0.0087698
441000 0.0111084
442000 0.0128624
443000 0.00993911
444000 0.00643119
445000 0.00701584
446000 0.0140317
447000 0.0128624
448000 0.00993911
449000 0.0076005
450000 0.0111084
451000 0.00818515
452000 0.0076005
453000 0.0116931
454000 0.00701584
455000 0.0146163
456000 0.00935446
457000 0.0105238
458000 0.00993911
459000 0.00584654
460000 0.0076005
461000 0.00818515
462000 0.00818515
463000 0.0087698
464000 0.0111084
465000 0.0128624
466000 0.00993911
467000 0.00584654
468000 0.0122777
469000 0.00993911
470000 0.00584654
471000 0.0087698
472000 0.00935446
473000 0.0087698
474000 0.00935446
475000 0.00701584
476000 0.00643119
477000 0.00526188
478000 0.0122777
479000 0.0111084
480000 0.00818515
481000 0.00818515
482000 0.00701584
483000 0.00818515
484000 0.015201
485000 0.00818515
486000 0.00701584
487000 0.00935446
488000 0.0076005
489000 0.00584654
490000 0.00818515
491000 0.0111084
492000 0.0087698
493000 0.00818515
494000 0.00935446
495000 0.0146163
496000 0.00701584
497000 0.00935446
498000 0.0087698
499000 0.0140317
500000 0.00818515
501000 0.00993911
502000 0.00643119
503000 0.0116931
504000 0.0111084
505000 0.0087698
506000 0.0146163
507000 0.00993911
508000 0.0087698
509000 0.013447
510000 0.0076005
511000 0.00701584
512000 0.0087698
513000 0.00993911
514000 0.00935446
515000 0.0087698
516000 0.00643119
517000 0.00935446
518000 0.00935446
519000 0.00818515
520000 0.00701584
521000 0.0111084
522000 0.00701584
523000 0.0111084
524000 0.0116931
525000 0.0122777
526000 0.00526188
527000 0.0105238
528000 0.0116931
529000 0.00701584
530000 0.0105238
531000 0.0087698
532000 0.0122777
533000 0.00701584
534000 0.00935446
535000 0.0105238
536000 0.00701584
537000 0.0087698
538000 0.0111084
539000 0.00643119
540000 0.00409258
541000 0.00935446
542000 0.00467723
543000 0.00643119
544000 0.0087698
545000 0.00818515
546000 0.0122777
547000 0.00526188
548000 0.00526188
549000 0.00350792
550000 0.013447
551000 0.0128624
552000 0.00935446
553000 0.0087698
554000 0.0087698
555000 0.00993911
556000 0.00993911
557000 0.00701584
558000 0.0116931
559000 0.0087698
560000 0.00643119
561000 0.0087698
562000 0.00818515
563000 0.0087698
564000 0.0076005
565000 0.00818515
566000 0.00993911
567000 0.00584654
568000 0.0087698
569000 0.00935446
570000 0.00993911
571000 0.00818515
572000 0.00818515
573000 0.00935446
574000 0.00935446
575000 0.00935446
576000 0.0111084
577000 0.0105238
578000 0.00584654
579000 0.00993911
580000 0.0076005
581000 0.0087698
582000 0.0122777
583000 0.00584654
584000 0.00818515
585000 0.00701584
586000 0.00701584
587000 0.00584654
588000 0.0111084
589000 0.00643119
590000 0.013447
591000 0.013447
592000 0.0111084
593000 0.0111084
594000 0.00643119
595000 0.0116931
596000 0.0128624
597000 0.00993911
598000 0.0076005
599000 0.0076005
600000 0.0116931
601000 0.00818515
602000 0.00818515
603000 0.00935446
604000 0.0087698
605000 0.0076005
606000 0.00701584
607000 0.00643119
608000 0.00935446
609000 0.0111084
610000 0.0128624
611000 0.0087698
612000 0.0076005
613000 0.0116931
614000 0.0111084
615000 0.0111084
616000 0.013447
617000 0.0087698
618000 0.00993911
619000 0.0105238
620000 0.00701584
621000 0.00701584
622000 0.00643119
623000 0.00701584
624000 0.0116931
625000 0.0076005
626000 0.0105238
627000 0.00818515
628000 0.00643119
629000 0.0076005
630000 0.00643119
631000 0.0087698
632000 0.0111084
633000 0.00467723
634000 0.0111084
635000 0.00993911
636000 0.0076005
637000 0.0111084
638000 0.00643119
639000 0.0122777
640000 0.0122777
641000 0.0087698
642000 0.0076005
643000 0.00701584
644000 0.0105238
645000 0.0116931
646000 0.00643119
647000 0.013447
648000 0.00584654
649000 0.0076005
650000 0.0087698
651000 0.0076005
652000 0.0076005
653000 0.00409258
654000 0.00993911
655000 0.00701584
656000 0.00993911
657000 0.0087698
658000 0.0146163
659000 0.0122777
660000 0.0111084
661000 0.00935446
662000 0.0122777
663000 0.0076005
664000 0.00993911
665000 0.00643119
666000 0.00643119
667000 0.00993911
668000 0.00526188
669000 0.00818515
670000 0.00935446
671000 0.00643119
672000 0.00526188
673000 0.0128624
674000 0.0128624
675000 0.0111084
676000 0.0076005
677000 0.0111084
678000 0.00935446
679000 0.0087698
680000 0.00993911
681000 0.00993911
682000 0.0116931
683000 0.00935446
684000 0.00935446
685000 0.0105238
686000 0.00993911
687000 0.0087698
688000 0.00701584
689000 0.00584654
690000 0.00993911
691000 0.00993911
692000 0.00584654
693000 0.0076005
694000 0.0122777
695000 0.0122777
696000 0.00993911
697000 0.0111084
698000 0.00643119
699000 0.00935446
700000 0.00818515
701000 0.00643119
702000 0.00818515
703000 0.00935446
704000 0.0076005
705000 0.0111084
706000 0.0116931
707000 0.00526188
708000 0.00643119
709000 0.0116931
710000 0.00818515
711000 0.00526188
712000 0.00467723
713000 0.0105238
714000 0.0105238
715000 0.00935446
716000 0.00526188
717000 0.0116931
718000 0.0140317
719000 0.00993911
720000 0.00818515
721000 0.00993911
722000 0.0076005
723000 0.0111084
724000 0.0122777
725000 0.0111084
726000 0.0122777
727000 0.0116931
728000 0.00701584
729000 0.00584654
730000 0.0087698
731000 0.0111084
732000 0.00993911
733000 0.0105238
734000 0.0076005
735000 0.0087698
736000 0.00584654
737000 0.00643119
738000 0.0111084
739000 0.0105238
740000 0.00993911
741000 0.00935446
742000 0.0087698
743000 0.0076005
744000 0.00818515
745000 0.00993911
746000 0.0116931
747000 0.015201
748000 0.0146163
749000 0.00935446
750000 0.00584654
751000 0.0105238
752000 0.0076005
753000 0.0116931
754000 0.013447
755000 0.00701584
756000 0.00993911
757000 0.00818515
758000 0.0111084
759000 0.0105238
760000 0.00584654
761000 0.00935446
762000 0.0076005
763000 0.0111084
764000 0.00818515
765000 0.0146163
766000 0.00935446
767000 0.0111084
768000 0.0076005
769000 0.00935446
770000 0.00526188
771000 0.00818515
772000 0.00818515
773000 0.00584654
774000 0.0087698
775000 0.0076005
776000 0.0087698
777000 0.00993911
778000 0.00993911
779000 0.0105238
780000 0.0111084
781000 0.00993911
782000 0.00643119
783000 0.0076005
784000 0.00701584
785000 0.0105238
786000 0.00993911
787000 0.0087698
788000 0.0105238
789000 0.013447
790000 0.0157856
791000 0.00701584
792000 0.00993911
793000 0.00818515
794000 0.00643119
795000 0.0122777
796000 0.0122777
797000 0.0076005
798000 0.00701584
799000 0.0122777
800000 0.0105238
801000 0.00993911
802000 0.0111084
803000 0.00935446
804000 0.0111084
805000 0.00935446
806000 0.00935446
807000 0.0076005
808000 0.0111084
809000 0.0111084
810000 0.0087698
811000 0.0122777
812000 0.015201
813000 0.0128624
814000 0.0087698
815000 0.0140317
816000 0.00467723
817000 0.00701584
818000 0.0111084
819000 0.0087698
820000 0.0076005
821000 0.00818515
822000 0.0105238
823000 0.0122777
824000 0.00701584
825000 0.00935446
826000 0.0111084
827000 0.0076005
828000 0.00818515
829000 0.0111084
830000 0.00935446
831000 0.0087698
832000 0.0105238
833000 0.00701584
834000 0.00584654
835000 0.0076005
836000 0.00935446
837000 0.00935446
838000 0.00935446
839000 0.00526188
840000 0.00818515
841000 0.0105238
842000 0.00701584
843000 0.0087698
844000 0.00993911
845000 0.00701584
846000 0.0105238
847000 0.0111084
848000 0.00467723
849000 0.0076005
850000 0.00818515
851000 0.00935446
852000 0.0076005
853000 0.00409258
854000 0.00643119
855000 0.0128624
856000 0.00643119
857000 0.0128624
858000 0.0105238
859000 0.00993911
860000 0.00993911
861000 0.0128624
862000 0.0122777
863000 0.00935446
864000 0.00643119
865000 0.0140317
866000 0.0087698
867000 0.00701584
868000 0.00818515
869000 0.0116931
870000 0.0116931
871000 0.00935446
872000 0.0116931
873000 0.0076005
874000 0.00818515
875000 0.0122777
876000 0.00701584
877000 0.00701584
878000 0.013447
879000 0.0111084
880000 0.0087698
881000 0.00935446
882000 0.00818515
883000 0.0105238
884000 0.0116931
885000 0.00643119
886000 0.0087698
887000 0.0122777
888000 0.00993911
889000 0.00643119
890000 0.013447
891000 0.0140317
892000 0.0111084
893000 0.00584654
894000 0.00701584
895000 0.0076005
896000 0.0140317
897000 0.00701584
898000 0.00993911
899000 0.0087698
900000 0.00818515
901000 0.0111084
902000 0.00818515
903000 0.00818515
904000 0.00993911
905000 0.00993911
906000 0.00818515
907000 0.0087698
908000 0.00701584
909000 0.0105238
910000 0.0076005
911000 0.00643119
912000 0.0128624
913000 0.0122777
914000 0.00993911
915000 0.013447
916000 0.0105238
917000 0.00935446
918000 0.00818515
919000 0.00993911
920000 0.00935446
921000 0.0116931
922000 0.0128624
923000 0.0105238
924000 0.0111084
925000 0.0076005
926000 0.00409258
927000 0.00818515
928000 0.0116931
929000 0.00409258
930000 0.00935446
931000 0.0105238
932000 0.00584654
933000 0.0122777
934000 0.00993911
935000 0.0087698
936000 0.0116931
937000 0.0105238
938000 0.0111084
939000 0.00643119
940000 0.00643119
941000 0.00935446
942000 0.0087698
943000 0.00643119
944000 0.0087698
945000 0.00584654
946000 0.00701584
947000 0.00818515
948000 0.0140317
949000 0.0087698
950000 0.00526188
951000 0.0076005
952000 0.00818515
953000 0.00701584
954000 0.013447
955000 0.0122777
956000 0.0105238
957000 0.00935446
958000 0.0146163
959000 0.00935446
960000 0.00584654
961000 0.0116931
962000 0.00584654
963000 0.00701584
964000 0.0111084
965000 0.00993911
966000 0.00584654
967000 0.00643119
968000 0.00701584
969000 0.00701584
970000 0.0105238
971000 0.0105238
972000 0.00935446
973000 0.0111084
974000 0.0122777
975000 0.00935446
976000 0.0076005
977000 0.0076005
978000 0.00935446
979000 0.0116931
980000 0.00701584
981000 0.00643119
982000 0.0105238
983000 0.0087698
984000 0.00935446
985000 0.00935446
986000 0.00993911
987000 0.00701584
988000 0.0111084
989000 0.0111084
990000 0.00409258
991000 0.00993911
992000 0.0105238
993000 0.00818515
994000 0.0111084
995000 0.0076005
996000 0.0116931
997000 0.0087698
998000 0.00701584
999000 0.00993911
1000000 0.0116931
1001000 0.0105238
1002000 0.0087698
1003000 0.0076005
1004000 0.00935446
1005000 0.0105238
1006000 0.0087698
1007000 0.0140317
1008000 0.0105238
1009000 0.0076005
1010000 0.0105238
1011000 0.0105238
1012000 0.00993911
1013000 0.0076005
1014000 0.00993911
1015000 0.00993911
1016000 0.0128624
1017000 0.00993911
1018000 0.015201
1019000 0.00935446
1020000 0.0087698
1021000 0.0105238
1022000 0.013447
1023000 0.0105238
1024000 0.00993911
1025000 0.0111084
1026000 0.0128624
1027000 0.00993911
1028000 0.00701584
1029000 0.0111084
1030000 0.00993911
1031000 0.00993911
1032000 0.00643119
1033000 0.00818515
1034000 0.00935446
1035000 0.0157856
1036000 0.00935446
1037000 0.00643119
1038000 0.0076005
1039000 0.00701584
1040000 0.00935446
1041000 0.0087698
1042000 0.013447
1043000 0.0111084
1044000 0.0105238
1045000 0.00584654
1046000 0.00993911
1047000 0.00467723
1048000 0.0087698
1049000 0.0105238
1050000 0.0116931
1051000 0.00818515
1052000 0.00818515
1053000 0.0105238
1054000 0.00935446
1055000 0.0076005
1056000 0.00350792
1057000 0.013447
1058000 0.00993911
1059000 0.00701584
1060000 0.00818515
1061000 0.013447
1062000 0.0087698
1063000 0.00701584
1064000 0.00935446
1065000 0.00993911
1066000 0.0087698
1067000 0.00526188
1068000 0.0128624
1069000 0.0105238
1070000 0.0111084
1071000 0.0087698
1072000 0.0122777
1073000 0.0111084
1074000 0.0105238
1075000 0.00701584
1076000 0.00701584
1077000 0.00818515
1078000 0.0087698
1079000 0.00701584
1080000 0.0116931
1081000 0.0116931
1082000 0.00467723
1083000 0.015201
1084000 0.0076005
1085000 0.013447
1086000 0.00935446
1087000 0.0146163
1088000 0.00993911
1089000 0.00818515
1090000 0.00818515
1091000 0.0111084
1092000 0.013447
1093000 0.00584654
1094000 0.0076005
1095000 0.00818515
1096000 0.0140317
1097000 0.00993911
1098000 0.0111084
1099000 0.00467723
1100000 0.0122777
1101000 0.0128624
1102000 0.00467723
1103000 0.00818515
1104000 0.0105238
1105000 0.00993911
1106000 0.0076005
1107000 0.0122777
1108000 0.0087698
1109000 0.0087698
1110000 0.0116931
1111000 0.0122777
1112000 0.0076005
1113000 0.0087698
1114000 0.0146163
1115000 0.00935446
1116000 0.0087698
1117000 0.00993911
1118000 0.013447
1119000 0.0116931
1120000 0.0087698
1121000 0.00701584
1122000 0.0111084
1123000 0.00643119
1124000 0.0105238
1125000 0.00935446
1126000 0.00584654
1127000 0.0140317
1128000 0.0076005
1129000 0.0087698
1130000 0.0076005
1131000 0.0105238
1132000 0.0087698
1133000 0.0111084
1134000 0.0087698
1135000 0.0116931
1136000 0.00701584
1137000 0.0128624
1138000 0.00701584
1139000 0.0128624
1140000 0.0076005
1141000 0.00935446
1142000 0.0076005
1143000 0.00584654
1144000 0.0122777
1145000 0.00818515
1146000 0.00584654
1147000 0.00643119
1148000 0.00993911
1149000 0.00935446
1150000 0.0087698
1151000 0.0087698
1152000 0.0076005
1153000 0.0087698
1154000 0.0076005
1155000 0.00584654
1156000 0.00701584
1157000 0.0111084
1158000 0.0087698
1159000 0.0087698
1160000 0.0111084
1161000 0.0111084
1162000 0.00818515
1163000 0.00643119
1164000 0.00935446
1165000 0.00701584
1166000 0.0087698
1167000 0.00701584
1168000 0.00584654
1169000 0.0087698
1170000 0.013447
1171000 0.0122777
1172000 0.0076005
1173000 0.013447
1174000 0.0087698
1175000 0.0087698
1176000 0.0111084
1177000 0.00526188
1178000 0.00467723
1179000 0.00467723
1180000 0.00993911
1181000 0.0087698
1182000 0.0105238
1183000 0.00935446
1184000 0.00993911
1185000 0.00701584
1186000 0.0111084
1187000 0.0087698
1188000 0.00701584
1189000 0.00701584
1190000 0.0076005
1191000 0.00701584
1192000 0.00818515
1193000 0.0105238
1194000 0.00701584
1195000 0.00818515
1196000 0.00643119
1197000 0.00643119
1198000 0.0105238
1199000 0.013447
1200000 0.00935446
1201000 0.0087698
1202000 0.0076005
1203000 0.0122777
1204000 0.0105238
1205000 0.0140317
1206000 0.0128624
1207000 0.00993911
1208000 0.0105238
1209000 0.0087698
1210000 0.0087698
1211000 0.0076005
1212000 0.00935446
1213000 0.0122777
1214000 0.00701584
1215000 0.00818515
1216000 0.00643119
1217000 0.00818515
1218000 0.0105238
1219000 0.0087698
1220000 0.00701584
1221000 0.0116931
1222000 0.0076005
1223000 0.00467723
1224000 0.00701584
1225000 0.00526188
1226000 0.0076005
1227000 0.0105238
1228000 0.0105238
1229000 0.0087698
1230000 0.0105238
1231000 0.00643119
1232000 0.0105238
1233000 0.0128624
1234000 0.00467723
1235000 0.00993911
1236000 0.0116931
1237000 0.0076005
1238000 0.0111084
1239000 0.0076005
1240000 0.0105238
1241000 0.00526188
1242000 0.0105238
1243000 0.0111084
1244000 0.00993911
1245000 0.0111084
1246000 0.0087698
1247000 0.00935446
1248000 0.00584654
1249000 0.0146163
1250000 0.00818515
1251000 0.00526188
1252000 0.0122777
1253000 0.00818515
1254000 0.0076005
1255000 0.00701584
1256000 0.0087698
1257000 0.00701584
1258000 0.013447
1259000 0.00935446
1260000 0.0116931
1261000 0.00935446
1262000 0.0163703
1263000 0.0116931
1264000 0.0116931
1265000 0.00818515
1266000 0.0111084
1267000 0.00818515
1268000 0.0111084
1269000 0.00818515
1270000 0.0087698
1271000 0.0122777
1272000 0.00818515
1273000 0.00584654
1274000 0.00818515
1275000 0.0076005
1276000 0.0087698
1277000 0.0122777
1278000 0.00993911
1279000 0.0128624
1280000 0.0116931
1281000 0.00643119
1282000 0.00818515
1283000 0.00643119
1284000 0.00818515
1285000 0.00526188
1286000 0.015201
1287000 0.00818515
1288000 0.0105238
1289000 0.00643119
1290000 0.0122777
1291000 0.0116931
1292000 0.0116931
1293000 0.00993911
1294000 0.0105238
1295000 0.013447
1296000 0.00818515
1297000 0.00935446
1298000 0.0128624
1299000 0.00526188
1300000 0.00818515
1301000 0.0116931
1302000 0.00993911
1303000 0.00818515
1304000 0.00643119
1305000 0.0087698
1306000 0.00935446
1307000 0.0087698
1308000 0.00818515
1309000 0.0111084
1310000 0.00701584
1311000 0.00993911
1312000 0.00935446
1313000 0.0140317
1314000 0.00935446
1315000 0.00818515
1316000 0.00818515
1317000 0.0087698
1318000 0.0087698
1319000 0.0105238
1320000 0.0087698
1321000 0.00935446
1322000 0.0122777
1323000 0.0105238
1324000 0.00701584
1325000 0.00643119
1326000 0.00526188
1327000 0.00935446
1328000 0.00818515
1329000 0.00643119
1330000 0.00818515
1331000 0.0076005
1332000 0.0157856
1333000 0.0122777
1334000 0.00935446
1335000 0.0105238
1336000 0.0116931
1337000 0.0111084
1338000 0.0105238
1339000 0.0087698
1340000 0.00467723
1341000 0.00701584
1342000 0.0087698
1343000 0.0087698
1344000 0.00584654
1345000 0.0087698
1346000 0.00584654
1347000 0.0122777
1348000 0.0087698
1349000 0.00935446
1350000 0.00818515
1351000 0.00701584
1352000 0.0105238
1353000 0.00993911
1354000 0.00935446
1355000 0.00701584
1356000 0.00935446
1357000 0.00935446
1358000 0.0105238
1359000 0.0122777
1360000 0.0105238
1361000 0.0111084
1362000 0.0128624
1363000 0.0122777
1364000 0.0087698
1365000 0.00818515
1366000 0.00701584
1367000 0.0087698
1368000 0.00935446
1369000 0.0105238
1370000 0.00935446
1371000 0.00701584
1372000 0.00818515
1373000 0.0087698
1374000 0.0076005
1375000 0.00993911
1376000 0.00701584
1377000 0.0116931
1378000 0.00409258
1379000 0.0105238
1380000 0.00526188
1381000 0.00818515
1382000 0.00993911
1383000 0.00935446
1384000 0.0116931
1385000 0.0146163
1386000 0.0111084
1387000 0.0192936
1388000 0.00701584
1389000 0.00526188
1390000 0.013447
1391000 0.0111084
1392000 0.00818515
1393000 0.0105238
1394000 0.0111084
1395000 0.0087698
1396000 0.00643119
1397000 0.00584654
1398000 0.00818515
1399000 0.0105238
1400000 0.00643119
1401000 0.00935446
1402000 0.0111084
1403000 0.0116931
1404000 0.013447
1405000 0.0087698
1406000 0.0087698
1407000 0.00584654
1408000 0.0111084
1409000 0.00701584
1410000 0.00467723
1411000 0.00409258
1412000 0.00818515
1413000 0.0087698
1414000 0.0105238
1415000 0.0128624
1416000 0.00584654
1417000 0.0076005
1418000 0.013447
1419000 0.0122777
1420000 0.00993911
1421000 0.0087698
1422000 0.00993911
1423000 0.0116931
1424000 0.0128624
1425000 0.00993911
1426000 0.0140317
1427000 0.00935446
1428000 0.00701584
1429000 0.0128624
1430000 0.00993911
1431000 0.0116931
1432000 0.0076005
1433000 0.00818515
1434000 0.0111084
1435000 0.0105238
1436000 0.00935446
1437000 0.0087698
1438000 0.0116931
1439000 0.013447
1440000 0.00818515
1441000 0.0087698
1442000 0.015201
1443000 0.00935446
1444000 0.0105238
1445000 0.0076005
1446000 0.0087698
1447000 0.00818515
1448000 0.0116931
1449000 0.0116931
1450000 0.00233861
1451000 0.00643119
1452000 0.0087698
1453000 0.00701584
1454000 0.00818515
1455000 0.00701584
1456000 0.0116931
1457000 0.0076005
1458000 0.0105238
1459000 0.0105238
1460000 0.013447
1461000 0.00993911
1462000 0.0105238
1463000 0.00526188
1464000 0.00993911
1465000 0.0087698
1466000 0.00643119
1467000 0.00584654
1468000 0.0087698
1469000 0.00701584
1470000 0.0087698
1471000 0.0111084
1472000 0.0076005
1473000 0.0105238
1474000 0.00526188
1475000 0.0128624
1476000 0.013447
1477000 0.00701584
1478000 0.013447
1479000 0.0111084
1480000 0.0087698
1481000 0.0175396
1482000 0.0140317
1483000 0.0087698
1484000 0.00701584
1485000 0.00701584
1486000 0.00818515
1487000 0.00818515
1488000 0.00701584
1489000 0.0076005
1490000 0.0111084
1491000 0.0076005
1492000 0.0076005
1493000 0.0076005
1494000 0.00584654
1495000 0.0105238
1496000 0.00643119
1497000 0.00292327
1498000 0.0076005
1499000 0.00643119
1500000 0.0116931
1501000 0.0087698
1502000 0.0105238
1503000 0.00935446
1504000 0.00935446
1505000 0.0122777
1506000 0.0116931
1507000 0.0140317
1508000 0.015201
1509000 0.0111084
1510000 0.0087698
1511000 0.00818515
1512000 0.00643119
1513000 0.00643119
1514000 0.00584654
1515000 0.00993911
1516000 0.0157856
1517000 0.0175396
1518000 0.00993911
1519000 0.0128624
1520000 0.00818515
1521000 0.00643119
1522000 0.00701584
1523000 0.0105238
1524000 0.00993911
1525000 0.0105238
1526000 0.0105238
1527000 0.00643119
1528000 0.0087698
1529000 0.0116931
1530000 0.0076005
1531000 0.0128624
1532000 0.00935446
1533000 0.0111084
1534000 0.00993911
1535000 0.0111084
1536000 0.00993911
1537000 0.0087698
1538000 0.00993911
1539000 0.0105238
1540000 0.00818515
1541000 0.00584654
1542000 0.00818515
1543000 0.00526188
1544000 0.00467723
1545000 0.00818515
1546000 0.0105238
1547000 0.00993911
1548000 0.0111084
1549000 0.00818515
1550000 0.00935446
1551000 0.0116931
1552000 0.00818515
1553000 0.0076005
1554000 0.00818515
1555000 0.00818515
1556000 0.0116931
1557000 0.0122777
1558000 0.0087698
1559000 0.0105238
1560000 0.00935446
1561000 0.00818515
1562000 0.00292327
1563000 0.0087698
1564000 0.00818515
1565000 0.00993911
1566000 0.0111084
1567000 0.00993911
1568000 0.00701584
1569000 0.00993911
1570000 0.0111084
1571000 0.0076005
1572000 0.00818515
1573000 0.00818515
1574000 0.0087698
1575000 0.00993911
1576000 0.00584654
1577000 0.0111084
1578000 0.0087698
1579000 0.00701584
1580000 0.00935446
1581000 0.00584654
1582000 0.0087698
1583000 0.0122777
1584000 0.00993911
1585000 0.00993911
1586000 0.00993911
1587000 0.0116931
1588000 0.013447
1589000 0.0111084
1590000 0.0076005
1591000 0.00993911
1592000 0.0146163
1593000 0.0076005
1594000 0.00643119
1595000 0.00584654
1596000 0.0087698
1597000 0.00993911
1598000 0.00993911
1599000 0.00993911
1600000 0.00584654
1601000 0.00935446
1602000 0.0076005
1603000 0.0076005
1604000 0.0076005
1605000 0.0128624
1606000 0.00701584
1607000 0.00643119
1608000 0.0087698
1609000 0.0128624
1610000 0.0076005
1611000 0.0105238
1612000 0.0087698
1613000 0.00701584
1614000 0.00584654
1615000 0.0111084
1616000 0.0087698
1617000 0.0122777
1618000 0.00993911
1619000 0.0105238
1620000 0.00935446
1621000 0.00818515
1622000 0.0122777
1623000 0.00993911
1624000 0.00643119
1625000 0.00467723
1626000 0.00701584
1627000 0.00701584
1628000 0.00526188
1629000 0.00467723
1630000 0.0087698
1631000 0.00935446
1632000 0.00701584
1633000 0.0087698
1634000 0.00993911
1635000 0.00993911
1636000 0.0105238
1637000 0.00584654
1638000 0.0076005
1639000 0.0087698
1640000 0.00643119
1641000 0.00993911
1642000 0.0087698
1643000 0.0116931
1644000 0.0128624
1645000 0.0146163
1646000 0.0105238
1647000 0.00818515
1648000 0.00818515
1649000 0.00467723
1650000 0.0087698
1651000 0.0105238
1652000 0.00584654
1653000 0.00935446
1654000 0.00818515
1655000 0.00643119
1656000 0.00935446
1657000 0.00935446
1658000 0.00993911
1659000 0.00409258
1660000 0.00643119
1661000 0.00818515
1662000 0.00935446
1663000 0.0116931
1664000 0.00584654
1665000 0.0116931
1666000 0.00935446
1667000 0.0105238
1668000 0.00935446
1669000 0.0076005
1670000 0.0076005
1671000 0.00993911
1672000 0.0116931
1673000 0.00701584
1674000 0.0116931
1675000 0.00993911
1676000 0.0076005
1677000 0.0087698
1678000 0.0076005
1679000 0.00409258
1680000 0.00643119
1681000 0.00993911
1682000 0.00993911
1683000 0.0111084
1684000 0.0105238
1685000 0.00701584
1686000 0.0087698
1687000 0.0076005
1688000 0.0116931
1689000 0.00818515
1690000 0.00993911
1691000 0.00584654
1692000 0.0105238
1693000 0.00818515
1694000 0.0105238
1695000 0.00818515
1696000 0.00818515
1697000 0.00818515
1698000 0.00993911
1699000 0.0105238
1700000 0.0122777
1701000 0.0140317
1702000 0.00643119
1703000 0.0076005
1704000 0.0105238
1705000 0.0116931
1706000 0.0111084
1707000 0.00993911
1708000 0.0076005
1709000 0.00818515
1710000 0.00993911
1711000 0.0122777
1712000 0.0076005
1713000 0.00993911
1714000 0.00993911
1715000 0.00993911
1716000 0.0105238
1717000 0.0087698
1718000 0.00993911
1719000 0.0116931
1720000 0.0128624
1721000 0.00643119
1722000 0.0087698
1723000 0.0076005
1724000 0.0076005
1725000 0.0076005
1726000 0.00701584
1727000 0.0087698
1728000 0.013447
1729000 0.00818515
1730000 0.00935446
1731000 0.0122777
1732000 0.0140317
1733000 0.0087698
1734000 0.0122777
1735000 0.00467723
1736000 0.00701584
1737000 0.00701584
1738000 0.00584654
1739000 0.00935446
1740000 0.0076005
1741000 0.0105238
1742000 0.0105238
1743000 0.0105238
1744000 0.0076005
1745000 0.0116931
1746000 0.00818515
1747000 0.00584654
1748000 0.0111084
1749000 0.0087698
1750000 0.0116931
1751000 0.0076005
1752000 0.0087698
1753000 0.00818515
1754000 0.00935446
1755000 0.00935446
1756000 0.00643119
1757000 0.0146163
1758000 0.0116931
1759000 0.00993911
1760000 0.00818515
1761000 0.00818515
1762000 0.0116931
1763000 0.0087698
1764000 0.00526188
1765000 0.00993911
1766000 0.0105238
1767000 0.00584654
1768000 0.00584654
1769000 0.0087698
1770000 0.0105238
1771000 0.00935446
1772000 0.0087698
1773000 0.0140317
1774000 0.0140317
1775000 0.0116931
1776000 0.0076005
1777000 0.00818515
1778000 0.00350792
1779000 0.00935446
1780000 0.00993911
1781000 0.00993911
1782000 0.0111084
1783000 0.00818515
1784000 0.00467723
1785000 0.00935446
1786000 0.00643119
1787000 0.00993911
1788000 0.00935446
1789000 0.0122777
1790000 0.00701584
1791000 0.00818515
1792000 0.00526188
1793000 0.00935446
1794000 0.00935446
1795000 0.00701584
1796000 0.015201
1797000 0.00818515
1798000 0.0128624
1799000 0.0122777
1800000 0.00818515
1801000 0.00818515
1802000 0.00584654
1803000 0.00584654
1804000 0.0087698
1805000 0.0128624
1806000 0.0116931
1807000 0.00643119
1808000 0.00701584
1809000 0.00701584
1810000 0.0105238
1811000 0.00993911
1812000 0.0122777
1813000 0.0111084
1814000 0.0116931
1815000 0.0076005
1816000 0.00935446
1817000 0.0122777
1818000 0.00701584
1819000 0.0111084
1820000 0.00467723
1821000 0.0116931
1822000 0.00643119
1823000 0.0122777
1824000 0.0105238
1825000 0.0128624
1826000 0.0116931
1827000 0.00818515
1828000 0.0087698
1829000 0.00935446
1830000 0.0116931
1831000 0.00935446
1832000 0.0105238
1833000 0.0105238
1834000 0.0111084
1835000 0.00818515
1836000 0.00935446
1837000 0.00935446
1838000 0.0116931
1839000 0.0128624
1840000 0.0128624
1841000 0.00818515
1842000 0.0105238
1843000 0.013447
1844000 0.0105238
1845000 0.0111084
1846000 0.00935446
1847000 0.00701584
1848000 0.00526188
1849000 0.0111084
1850000 0.0105238
1851000 0.0087698
1852000 0.0087698
1853000 0.0076005
1854000 0.0076005
1855000 0.0087698
1856000 0.0076005
1857000 0.00935446
1858000 0.00701584
1859000 0.00701584
1860000 0.00935446
1861000 0.0087698
1862000 0.0087698
1863000 0.00643119
1864000 0.00526188
1865000 0.00818515
1866000 0.015201
1867000 0.00643119
1868000 0.00701584
1869000 0.00526188
1870000 0.0087698
1871000 0.0087698
1872000 0.00993911
1873000 0.00935446
1874000 0.0122777
1875000 0.0076005
1876000 0.00701584
1877000 0.00993911
1878000 0.0087698
1879000 0.00643119
1880000 0.00935446
1881000 0.00643119
1882000 0.00701584
1883000 0.00935446
1884000 0.0087698
1885000 0.00818515
1886000 0.0076005
1887000 0.0122777
1888000 0.00526188
1889000 0.0111084
1890000 0.00993911
1891000 0.00993911
1892000 0.00701584
1893000 0.0087698
1894000 0.0076005
1895000 0.00584654
1896000 0.013447
1897000 0.00935446
1898000 0.00584654
1899000 0.00935446
1900000 0.0105238
1901000 0.0128624
1902000 0.00818515
1903000 0.0111084
1904000 0.0105238
1905000 0.0140317
1906000 0.0122777
1907000 0.00701584
1908000 0.00701584
1909000 0.0076005
1910000 0.00467723
1911000 0.00818515
1912000 0.0122777
1913000 0.00993911
1914000 0.00993911
1915000 0.0128624
1916000 0.0087698
1917000 0.0076005
1918000 0.00526188
1919000 0.00935446
1920000 0.00993911
1921000 0.0105238
1922000 0.0111084
1923000 0.00818515
1924000 0.00993911
1925000 0.013447
1926000 0.0105238
1927000 0.00526188
1928000 0.0076005
1929000 0.00993911
1930000 0.00935446
1931000 0.0128624
1932000 0.015201
1933000 0.00701584
1934000 0.00701584
1935000 0.00818515
1936000 0.00993911
1937000 0.0146163
1938000 0.0111084
1939000 0.0111084
1940000 0.0076005
1941000 0.00701584
1942000 0.0128624
1943000 0.0087698
1944000 0.00643119
1945000 0.0105238
1946000 0.00993911
1947000 0.00818515
1948000 0.0105238
1949000 0.00818515
1950000 0.00818515
1951000 0.00818515
1952000 0.0105238
1953000 0.0076005
1954000 0.0111084
1955000 0.0105238
1956000 0.0140317
1957000 0.0140317
1958000 0.00935446
1959000 0.00935446
1960000 0.00993911
1961000 0.0076005
1962000 0.0087698
1963000 0.00993911
1964000 0.00935446
1965000 0.00993911
1966000 0.00467723
1967000 0.0105238
1968000 0.0116931
1969000 0.00993911
1970000 0.0146163
1971000 0.0076005
1972000 0.0111084
1973000 0.00935446
1974000 0.00643119
1975000 0.0122777
1976000 0.0116931
1977000 0.013447
1978000 0.00993911
1979000 0.00935446
1980000 0.00526188
1981000 0.00643119
1982000 0.0076005
1983000 0.00993911
1984000 0.0087698
1985000 0.00993911
1986000 0.013447
1987000 0.0105238
1988000 0.0122777
1989000 0.0111084
1990000 0.00818515
1991000 0.0076005
1992000 0.00993911
1993000 0.00350792
1994000 0.0111084
1995000 0.00818515
1996000 0.0076005
1997000 0.00643119
1998000 0.00584654
1999000 0.00993911
2000000 0.0105238
2001000 0.00993911
2002000 0.00701584
2003000 0.0105238
2004000 0.0076005
2005000 0.0140317
2006000 0.00935446
2007000 0.0087698
2008000 0.0111084
2009000 0.0087698
2010000 0.00701584
2011000 0.00993911
2012000 0.0111084
2013000 0.0087698
2014000 0.00701584
2015000 0.00643119
2016000 0.0076005
2017000 0.00993911
2018000 0.0146163
2019000 0.0122777
2020000 0.013447
2021000 0.0140317
2022000 0.0105238
2023000 0.00818515
2024000 0.0105238
2025000 0.0087698
2026000 0.00701584
2027000 0.0128624
2028000 0.0140317
2029000 0.00935446
2030000 0.0087698
2031000 0.00584654
2032000 0.0111084
2033000 0.0111084
2034000 0.0122777
2035000 0.0128624
2036000 0.00643119
2037000 0.00993911
2038000 0.00584654
2039000 0.0111084
2040000 0.0105238
2041000 0.0116931
2042000 0.0076005
2043000 0.00935446
2044000 0.00526188
2045000 0.00993911
2046000 0.00993911
2047000 0.00935446
2048000 0.0111084
2049000 0.00701584
2050000 0.00584654
2051000 0.0087698
2052000 0.00584654
2053000 0.0087698
2054000 0.00818515
2055000 0.0087698
2056000 0.00993911
2057000 0.00818515
2058000 0.0111084
2059000 0.00467723
2060000 0.00643119
2061000 0.0087698
2062000 0.00350792
2063000 0.0105238
2064000 0.00935446
2065000 0.0087698
2066000 0.0105238
2067000 0.00993911
2068000 0.00701584
2069000 0.00993911
2070000 0.00818515
2071000 0.00818515
2072000 0.00701584
2073000 0.00935446
2074000 0.00701584
2075000 0.00993911
2076000 0.0076005
2077000 0.00993911
2078000 0.00818515
2079000 0.00935446
2080000 0.0076005
2081000 0.00935446
2082000 0.0076005
2083000 0.0105238
2084000 0.00467723
2085000 0.0076005
2086000 0.013447
2087000 0.00409258
2088000 0.00818515
2089000 0.0087698
2090000 0.0076005
2091000 0.00818515
2092000 0.00935446
2093000 0.0087698
2094000 0.0111084
2095000 0.00935446
2096000 0.00643119
2097000 0.0111084
2098000 0.00818515
2099000 0.0116931
2100000 0.00935446
2101000 0.0140317
2102000 0.00818515
2103000 0.00467723
2104000 0.0076005
2105000 0.0105238
2106000 0.00643119
2107000 0.00701584
2108000 0.0076005
2109000 0.00818515
2110000 0.00643119
2111000 0.00993911
2112000 0.0116931
2113000 0.0111084
2114000 0.00584654
2115000 0.0128624
2116000 0.0116931
2117000 0.00818515
2118000 0.0076005
2119000 0.0122777
2120000 0.0087698
2121000 0.0076005
2122000 0.00350792
2123000 0.00935446
2124000 0.00993911
2125000 0.0122777
2126000 0.00993911
2127000 0.013447
2128000 0.0087698
2129000 0.0076005
2130000 0.0111084
2131000 0.00584654
2132000 0.00935446
2133000 0.0116931
2134000 0.00526188
2135000 0.00935446
2136000 0.0087698
2137000 0.013447
2138000 0.00701584
2139000 0.0076005
2140000 0.0105238
2141000 0.00935446
2142000 0.0111084
2143000 0.0087698
2144000 0.0087698
2145000 0.0105238
2146000 0.00818515
2147000 0.0116931
2148000 0.0111084
2149000 0.0116931
2150000 0.013447
2151000 0.00818515
2152000 0.0105238
2153000 0.00701584
2154000 0.00935446
2155000 0.00935446
2156000 0.0122777
2157000 0.00993911
2158000 0.00993911
2159000 0.00935446
2160000 0.0111084
2161000 0.00701584
2162000 0.0140317
2163000 0.00643119
2164000 0.00701584
2165000 0.0076005
2166000 0.00935446
2167000 0.00701584
2168000 0.0111084
2169000 0.0087698
2170000 0.0111084
2171000 0.00935446
2172000 0.0105238
2173000 0.0087698
2174000 0.00935446
2175000 0.00935446
2176000 0.00643119
2177000 0.0105238
2178000 0.0111084
2179000 0.013447
2180000 0.0105238
2181000 0.0087698
2182000 0.00701584
2183000 0.0105238
2184000 0.00993911
2185000 0.00701584
2186000 0.00701584
2187000 0.0116931
2188000 0.0076005
2189000 0.0076005
2190000 0.00993911
2191000 0.00818515
2192000 0.00701584
2193000 0.00993911
2194000 0.00993911
2195000 0.0122777
2196000 0.00526188
2197000 0.0116931
2198000 0.00818515
2199000 0.00993911
2200000 0.00993911
2201000 0.0076005
2202000 0.00701584
2203000 0.00643119
2204000 0.00584654
2205000 0.00993911
2206000 0.00701584
2207000 0.013447
2208000 0.0076005
2209000 0.013447
2210000 0.00818515
2211000 0.0076005
2212000 0.00935446
2213000 0.0122777
2214000 0.0076005
2215000 0.00584654
2216000 0.0087698
2217000 0.0116931
2218000 0.0128624
2219000 0.00935446
2220000 0.00818515
2221000 0.0087698
2222000 0.00935446
2223000 0.00993911
2224000 0.00818515
2225000 0.0111084
2226000 0.0122777
2227000 0.00584654
2228000 0.0111084
2229000 0.00993911
2230000 0.00935446
2231000 0.0087698
2232000 0.0128624
2233000 0.0111084
2234000 0.00526188
2235000 0.00935446
2236000 0.00643119
2237000 0.00935446
2238000 0.013447
2239000 0.00526188
2240000 0.0111084
2241000 0.00993911
2242000 0.00993911
2243000 0.00701584
2244000 0.00935446
2245000 0.00818515
2246000 0.00993911
2247000 0.0116931
2248000 0.00993911
2249000 0.0076005
2250000 0.00584654
2251000 0.0128624
2252000 0.00818515
2253000 0.00935446
2254000 0.0105238
2255000 0.00935446
2256000 0.0105238
2257000 0.0076005
2258000 0.0116931
2259000 0.015201
2260000 0.00993911
2261000 0.00993911
2262000 0.00584654
2263000 0.0122777
2264000 0.00584654
2265000 0.0105238
2266000 0.0087698
2267000 0.0105238
2268000 0.00526188
2269000 0.00526188
2270000 0.0087698
2271000 0.00818515
2272000 0.0116931
2273000 0.00935446
2274000 0.00993911
2275000 0.0122777
2276000 0.00526188
2277000 0.0116931
2278000 0.0087698
2279000 0.013447
2280000 0.00993911
2281000 0.0116931
2282000 0.00935446
2283000 0.0105238
2284000 0.00701584
2285000 0.00701584
2286000 0.00584654
2287000 0.00467723
2288000 0.0087698
2289000 0.0140317
2290000 0.00526188
2291000 0.00584654
2292000 0.0116931
2293000 0.00993911
2294000 0.0116931
2295000 0.0076005
2296000 0.0076005
2297000 0.00993911
2298000 0.0105238
2299000 0.0087698
2300000 0.0116931
2301000 0.0105238
2302000 0.00584654
2303000 0.00643119
2304000 0.0087698
2305000 0.00935446
2306000 0.016955
2307000 0.0128624
2308000 0.0087698
2309000 0.0146163
2310000 0.00818515
2311000 0.00818515
2312000 0.00993911
2313000 0.00643119
2314000 0.0105238
2315000 0.00935446
2316000 0.00818515
2317000 0.0122777
2318000 0.00818515
2319000 0.00292327
2320000 0.00935446
2321000 0.0122777
2322000 0.00935446
2323000 0.0105238
2324000 0.00701584
2325000 0.00993911
2326000 0.0076005
2327000 0.0076005
2328000 0.0111084
2329000 0.015201
2330000 0.0116931
2331000 0.0111084
2332000 0.0122777
2333000 0.0111084
2334000 0.0128624
2335000 0.0116931
2336000 0.00818515
2337000 0.00818515
2338000 0.0105238
2339000 0.0122777
2340000 0.00993911
2341000 0.0105238
2342000 0.00701584
2343000 0.0087698
2344000 0.00993911
2345000 0.015201
2346000 0.00993911
2347000 0.0105238
2348000 0.0105238
2349000 0.0122777
2350000 0.0105238
2351000 0.0105238
2352000 0.0087698
2353000 0.0111084
2354000 0.00701584
2355000 0.00935446
2356000 0.0105238
2357000 0.0087698
2358000 0.0076005
2359000 0.0076005
2360000 0.00584654
2361000 0.0116931
2362000 0.0076005
2363000 0.00935446
2364000 0.013447
2365000 0.0087698
2366000 0.0087698
2367000 0.00701584
2368000 0.00818515
2369000 0.00935446
2370000 0.00935446
2371000 0.013447
2372000 0.00993911
2373000 0.00818515
2374000 0.00818515
2375000 0.00409258
2376000 0.0087698
2377000 0.0105238
2378000 0.00818515
2379000 0.00935446
2380000 0.0111084
2381000 0.0087698
2382000 0.00643119
2383000 0.0076005
2384000 0.0111084
2385000 0.0116931
2386000 0.00993911
2387000 0.00584654
2388000 0.0111084
2389000 0.00818515
2390000 0.00643119
2391000 0.0105238
2392000 0.00935446
2393000 0.00818515
2394000 0.00409258
2395000 0.0105238
2396000 0.0105238
2397000 0.00643119
2398000 0.00993911
2399000 0.00993911
2400000 0.013447
2401000 0.0111084
2402000 0.015201
2403000 0.016955
2404000 0.0087698
2405000 0.00993911
2406000 0.00584654
2407000 0.00993911
2408000 0.00993911
2409000 0.00935446
2410000 0.00409258
2411000 0.00993911
2412000 0.013447
2413000 0.00643119
2414000 0.0111084
2415000 0.00993911
2416000 0.0105238
2417000 0.0128624
2418000 0.0140317
2419000 0.00584654
2420000 0.0076005
2421000 0.0140317
2422000 0.00701584
2423000 0.0087698
2424000 0.00818515
2425000 0.0111084
2426000 0.00993911
2427000 0.0105238
2428000 0.00993911
2429000 0.00818515
2430000 0.00701584
2431000 0.0105238
2432000 0.00467723
2433000 0.0111084
2434000 0.0076005
2435000 0.00701584
2436000 0.00701584
2437000 0.0122777
2438000 0.0087698
2439000 0.00643119
2440000 0.0087698
2441000 0.00701584
2442000 0.0116931
2443000 0.0116931
2444000 0.0105238
2445000 0.0076005
2446000 0.00467723
2447000 0.0111084
2448000 0.00935446
2449000 0.00993911
2450000 0.0111084
2451000 0.00643119
2452000 0.00584654
2453000 0.0111084
2454000 0.00818515
2455000 0.00701584
2456000 0.0087698
2457000 0.0076005
2458000 0.00584654
2459000 0.0076005
2460000 0.0122777
2461000 0.0105238
2462000 0.00935446
2463000 0.0111084
2464000 0.0122777
2465000 0.00409258
2466000 0.0087698
2467000 0.0122777
2468000 0.0146163
2469000 0.0087698
2470000 0.00935446
2471000 0.00935446
2472000 0.0076005
2473000 0.0087698
2474000 0.00818515
2475000 0.00409258
2476000 0.00818515
2477000 0.00935446
2478000 0.0116931
2479000 0.00935446
2480000 0.0105238
2481000 0.0105238
2482000 0.0087698
2483000 0.00701584
2484000 0.00584654
2485000 0.00935446
2486000 0.0128624
2487000 0.0087698
2488000 0.00993911
2489000 0.0116931
2490000 0.00935446
2491000 0.0087698
2492000 0.0146163
2493000 0.00701584
2494000 0.00526188
2495000 0.00701584
2496000 0.00993911
2497000 0.00993911
2498000 0.0105238
2499000 0.0076005
2500000 0.0087698
2501000 0.0122777
2502000 0.00935446
