# Time-averaged data for fix myat1
# TimeStep v_nC
3000 24
4000 27
5000 11
6000 16
7000 15
8000 14
9000 17
10000 15
11000 12
12000 21
13000 12
14000 14
15000 14
16000 17
17000 18
18000 21
19000 16
20000 12
21000 19
22000 13
23000 16
24000 11
25000 11
26000 18
27000 12
28000 15
29000 14
30000 16
31000 14
32000 20
33000 12
34000 17
35000 20
36000 15
37000 10
38000 18
39000 12
40000 21
41000 18
42000 16
43000 17
44000 12
45000 14
46000 16
47000 22
48000 17
49000 15
50000 12
51000 11
52000 10
53000 17
54000 15
55000 19
56000 16
57000 16
58000 12
59000 17
60000 14
61000 19
62000 13
63000 12
64000 13
65000 11
66000 12
67000 14
68000 11
69000 13
70000 20
71000 13
72000 17
73000 16
74000 11
75000 20
76000 19
77000 13
78000 18
79000 14
80000 19
81000 19
82000 17
83000 10
84000 13
85000 16
86000 21
87000 16
88000 20
89000 12
90000 9
91000 17
92000 14
93000 18
94000 19
95000 19
96000 14
97000 9
98000 21
99000 14
100000 17
101000 17
102000 16
103000 8
104000 13
105000 14
106000 23
107000 22
108000 14
109000 18
110000 22
111000 12
112000 7
113000 14
114000 11
115000 16
116000 18
117000 9
118000 18
119000 10
120000 14
121000 9
122000 17
123000 14
124000 12
125000 20
126000 15
127000 17
128000 17
129000 23
130000 17
131000 11
132000 16
133000 19
134000 19
135000 20
136000 15
137000 12
138000 23
139000 13
140000 15
141000 11
142000 14
143000 22
144000 19
145000 11
146000 17
147000 16
148000 21
149000 15
150000 18
151000 17
152000 18
153000 25
154000 14
155000 19
156000 20
157000 22
158000 18
159000 13
160000 13
161000 11
162000 14
163000 13
164000 17
165000 15
166000 13
167000 22
168000 20
169000 24
170000 12
171000 12
172000 17
173000 10
174000 11
175000 18
176000 16
177000 15
178000 18
179000 18
180000 26
181000 18
182000 12
183000 20
184000 15
185000 12
186000 11
187000 16
188000 11
189000 12
190000 20
191000 17
192000 21
193000 25
194000 13
195000 9
196000 12
197000 17
198000 10
199000 24
200000 17
201000 16
202000 16
203000 15
204000 11
205000 14
206000 19
207000 14
208000 14
209000 12
210000 11
211000 22
212000 14
213000 13
214000 19
215000 15
216000 9
217000 15
218000 21
219000 21
220000 20
221000 19
222000 9
223000 9
224000 13
225000 20
226000 14
227000 16
228000 19
229000 21
230000 17
231000 17
232000 7
233000 15
234000 19
235000 10
236000 12
237000 12
238000 18
239000 17
240000 20
241000 16
242000 15
243000 8
244000 10
245000 13
246000 16
247000 22
248000 18
249000 15
250000 18
251000 17
252000 11
253000 16
254000 17
255000 13
256000 13
257000 15
258000 10
259000 23
260000 15
261000 17
262000 15
263000 18
264000 15
265000 11
266000 16
267000 15
268000 16
269000 14
270000 19
271000 9
272000 13
273000 15
274000 11
275000 25
276000 19
277000 15
278000 21
279000 10
280000 12
281000 15
282000 13
283000 15
284000 10
285000 12
286000 21
287000 17
288000 26
289000 11
290000 19
291000 21
292000 18
293000 17
294000 19
295000 16
296000 16
297000 15
298000 21
299000 13
300000 22
301000 21
302000 13
303000 16
304000 17
305000 15
306000 20
307000 11
308000 17
309000 10
310000 13
311000 14
312000 5
313000 14
314000 17
315000 15
316000 14
317000 21
318000 15
319000 20
320000 22
321000 11
322000 15
323000 9
324000 20
325000 10
326000 21
327000 12
328000 15
329000 19
330000 18
331000 9
332000 20
333000 19
334000 13
335000 10
336000 12
337000 19
338000 15
339000 16
340000 11
341000 7
342000 15
343000 18
344000 11
345000 10
346000 17
347000 22
348000 17
349000 16
350000 16
351000 17
352000 14
353000 16
354000 22
355000 20
356000 16
357000 16
358000 11
359000 13
360000 21
361000 15
362000 17
363000 23
364000 20
365000 22
366000 17
367000 15
368000 12
369000 15
370000 13
371000 19
372000 8
373000 14
374000 12
375000 10
376000 9
377000 17
378000 12
379000 11
380000 16
381000 12
382000 20
383000 14
384000 13
385000 14
386000 10
387000 13
388000 17
389000 13
390000 20
391000 17
392000 14
393000 22
394000 15
395000 19
396000 20
397000 18
398000 12
399000 15
400000 16
401000 17
402000 18
403000 11
404000 15
405000 22
406000 17
407000 18
408000 14
409000 19
410000 9
411000 17
412000 12
413000 22
414000 11
415000 11
416000 17
417000 14
418000 12
419000 16
420000 21
421000 16
422000 12
423000 17
424000 21
425000 15
426000 19
427000 21
428000 18
429000 15
430000 11
431000 7
432000 21
433000 15
434000 16
435000 25
436000 20
437000 23
438000 18
439000 24
440000 15
441000 19
442000 22
443000 17
444000 11
445000 12
446000 24
447000 22
448000 17
449000 13
450000 19
451000 14
452000 13
453000 20
454000 12
455000 25
456000 16
457000 18
458000 17
459000 10
460000 13
461000 14
462000 14
463000 15
464000 19
465000 22
466000 17
467000 10
468000 21
469000 17
470000 10
471000 15
472000 16
473000 15
474000 16
475000 12
476000 11
477000 9
478000 21
479000 19
480000 14
481000 14
482000 12
483000 14
484000 26
485000 14
486000 12
487000 16
488000 13
489000 10
490000 14
491000 19
492000 15
493000 14
494000 16
495000 25
496000 12
497000 16
498000 15
499000 24
500000 14
501000 17
502000 11
503000 20
504000 19
505000 15
506000 25
507000 17
508000 15
509000 23
510000 13
511000 12
512000 15
513000 17
514000 16
515000 15
516000 11
517000 16
518000 16
519000 14
520000 12
521000 19
522000 12
523000 19
524000 20
525000 21
526000 9
527000 18
528000 20
529000 12
530000 18
531000 15
532000 21
533000 12
534000 16
535000 18
536000 12
537000 15
538000 19
539000 11
540000 7
541000 16
542000 8
543000 11
544000 15
545000 14
546000 21
547000 9
548000 9
549000 6
550000 23
551000 22
552000 16
553000 15
554000 15
555000 17
556000 17
557000 12
558000 20
559000 15
560000 11
561000 15
562000 14
563000 15
564000 13
565000 14
566000 17
567000 10
568000 15
569000 16
570000 17
571000 14
572000 14
573000 16
574000 16
575000 16
576000 19
577000 18
578000 10
579000 17
580000 13
581000 15
582000 21
583000 10
584000 14
585000 12
586000 12
587000 10
588000 19
589000 11
590000 23
591000 23
592000 19
593000 19
594000 11
595000 20
596000 22
597000 17
598000 13
599000 13
600000 20
601000 14
602000 14
603000 16
604000 15
605000 13
606000 12
607000 11
608000 16
609000 19
610000 22
611000 15
612000 13
613000 20
614000 19
615000 19
616000 23
617000 15
618000 17
619000 18
620000 12
621000 12
622000 11
623000 12
624000 20
625000 13
626000 18
627000 14
628000 11
629000 13
630000 11
631000 15
632000 19
633000 8
634000 19
635000 17
636000 13
637000 19
638000 11
639000 21
640000 21
641000 15
642000 13
643000 12
644000 18
645000 20
646000 11
647000 23
648000 10
649000 13
650000 15
651000 13
652000 13
653000 7
654000 17
655000 12
656000 17
657000 15
658000 25
659000 21
660000 19
661000 16
662000 21
663000 13
664000 17
665000 11
666000 11
667000 17
668000 9
669000 14
670000 16
671000 11
672000 9
673000 22
674000 22
675000 19
676000 13
677000 19
678000 16
679000 15
680000 17
681000 17
682000 20
683000 16
684000 16
685000 18
686000 17
687000 15
688000 12
689000 10
690000 17
691000 17
692000 10
693000 13
694000 21
695000 21
696000 17
697000 19
698000 11
699000 16
700000 14
701000 11
702000 14
703000 16
704000 13
705000 19
706000 20
707000 9
708000 11
709000 20
710000 14
711000 9
712000 8
713000 18
714000 18
715000 16
716000 9
717000 20
718000 24
719000 17
720000 14
721000 17
722000 13
723000 19
724000 21
725000 19
726000 21
727000 20
728000 12
729000 10
730000 15
731000 19
732000 17
733000 18
734000 13
735000 15
736000 10
737000 11
738000 19
739000 18
740000 17
741000 16
742000 15
743000 13
744000 14
745000 17
746000 20
747000 26
748000 25
749000 16
750000 10
751000 18
752000 13
753000 20
754000 23
755000 12
756000 17
757000 14
758000 19
759000 18
760000 10
761000 16
762000 13
763000 19
764000 14
765000 25
766000 16
767000 19
768000 13
769000 16
770000 9
771000 14
772000 14
773000 10
774000 15
775000 13
776000 15
777000 17
778000 17
779000 18
780000 19
781000 17
782000 11
783000 13
784000 12
785000 18
786000 17
787000 15
788000 18
789000 23
790000 27
791000 12
792000 17
793000 14
794000 11
795000 21
796000 21
797000 13
798000 12
799000 21
800000 18
801000 17
802000 19
803000 16
804000 19
805000 16
806000 16
807000 13
808000 19
809000 19
810000 15
811000 21
812000 26
813000 22
814000 15
815000 24
816000 8
817000 12
818000 19
819000 15
820000 13
821000 14
822000 18
823000 21
824000 12
825000 16
826000 19
827000 13
828000 14
829000 19
830000 16
831000 15
832000 18
833000 12
834000 10
835000 13
836000 16
837000 16
838000 16
839000 9
840000 14
841000 18
842000 12
843000 15
844000 17
845000 12
846000 18
847000 19
848000 8
849000 13
850000 14
851000 16
852000 13
853000 7
854000 11
855000 22
856000 11
857000 22
858000 18
859000 17
860000 17
861000 22
862000 21
863000 16
864000 11
865000 24
866000 15
867000 12
868000 14
869000 20
870000 20
871000 16
872000 20
873000 13
874000 14
875000 21
876000 12
877000 12
878000 23
879000 19
880000 15
881000 16
882000 14
883000 18
884000 20
885000 11
886000 15
887000 21
888000 17
889000 11
890000 23
891000 24
892000 19
893000 10
894000 12
895000 13
896000 24
897000 12
898000 17
899000 15
900000 14
901000 19
902000 14
903000 14
904000 17
905000 17
906000 14
907000 15
908000 12
909000 18
910000 13
911000 11
912000 22
913000 21
914000 17
915000 23
916000 18
917000 16
918000 14
919000 17
920000 16
921000 20
922000 22
923000 18
924000 19
925000 13
926000 7
927000 14
928000 20
929000 7
930000 16
931000 18
932000 10
933000 21
934000 17
935000 15
936000 20
937000 18
938000 19
939000 11
940000 11
941000 16
942000 15
943000 11
944000 15
945000 10
946000 12
947000 14
948000 24
949000 15
950000 9
951000 13
952000 14
953000 12
954000 23
955000 21
956000 18
957000 16
958000 25
959000 16
960000 10
961000 20
962000 10
963000 12
964000 19
965000 17
966000 10
967000 11
968000 12
969000 12
970000 18
971000 18
972000 16
973000 19
974000 21
975000 16
976000 13
977000 13
978000 16
979000 20
980000 12
981000 11
982000 18
983000 15
984000 16
985000 16
986000 17
987000 12
988000 19
989000 19
990000 7
991000 17
992000 18
993000 14
994000 19
995000 13
996000 20
997000 15
998000 12
999000 17
1000000 20
1001000 18
1002000 15
1003000 13
1004000 16
1005000 18
1006000 15
1007000 24
1008000 18
1009000 13
1010000 18
1011000 18
1012000 17
1013000 13
1014000 17
1015000 17
1016000 22
1017000 17
1018000 26
1019000 16
1020000 15
1021000 18
1022000 23
1023000 18
1024000 17
1025000 19
1026000 22
1027000 17
1028000 12
1029000 19
1030000 17
1031000 17
1032000 11
1033000 14
1034000 16
1035000 27
1036000 16
1037000 11
1038000 13
1039000 12
1040000 16
1041000 15
1042000 23
1043000 19
1044000 18
1045000 10
1046000 17
1047000 8
1048000 15
1049000 18
1050000 20
1051000 14
1052000 14
1053000 18
1054000 16
1055000 13
1056000 6
1057000 23
1058000 17
1059000 12
1060000 14
1061000 23
1062000 15
1063000 12
1064000 16
1065000 17
1066000 15
1067000 9
1068000 22
1069000 18
1070000 19
1071000 15
1072000 21
1073000 19
1074000 18
1075000 12
1076000 12
1077000 14
1078000 15
1079000 12
1080000 20
1081000 20
1082000 8
1083000 26
1084000 13
1085000 23
1086000 16
1087000 25
1088000 17
1089000 14
1090000 14
1091000 19
1092000 23
1093000 10
1094000 13
1095000 14
1096000 24
1097000 17
1098000 19
1099000 8
1100000 21
1101000 22
1102000 8
1103000 14
1104000 18
1105000 17
1106000 13
1107000 21
1108000 15
1109000 15
1110000 20
1111000 21
1112000 13
1113000 15
1114000 25
1115000 16
1116000 15
1117000 17
1118000 23
1119000 20
1120000 15
1121000 12
1122000 19
1123000 11
1124000 18
1125000 16
1126000 10
1127000 24
1128000 13
1129000 15
1130000 13
1131000 18
1132000 15
1133000 19
1134000 15
1135000 20
1136000 12
1137000 22
1138000 12
1139000 22
1140000 13
1141000 16
1142000 13
1143000 10
1144000 21
1145000 14
1146000 10
1147000 11
1148000 17
1149000 16
1150000 15
1151000 15
1152000 13
1153000 15
1154000 13
1155000 10
1156000 12
1157000 19
1158000 15
1159000 15
1160000 19
1161000 19
1162000 14
1163000 11
1164000 16
1165000 12
1166000 15
1167000 12
1168000 10
1169000 15
1170000 23
1171000 21
1172000 13
1173000 23
1174000 15
1175000 15
1176000 19
1177000 9
1178000 8
1179000 8
1180000 17
1181000 15
1182000 18
1183000 16
1184000 17
1185000 12
1186000 19
1187000 15
1188000 12
1189000 12
1190000 13
1191000 12
1192000 14
1193000 18
1194000 12
1195000 14
1196000 11
1197000 11
1198000 18
1199000 23
1200000 16
1201000 15
1202000 13
1203000 21
1204000 18
1205000 24
1206000 22
1207000 17
1208000 18
1209000 15
1210000 15
1211000 13
1212000 16
1213000 21
1214000 12
1215000 14
1216000 11
1217000 14
1218000 18
1219000 15
1220000 12
1221000 20
1222000 13
1223000 8
1224000 12
1225000 9
1226000 13
1227000 18
1228000 18
1229000 15
1230000 18
1231000 11
1232000 18
1233000 22
1234000 8
1235000 17
1236000 20
1237000 13
1238000 19
1239000 13
1240000 18
1241000 9
1242000 18
1243000 19
1244000 17
1245000 19
1246000 15
1247000 16
1248000 10
1249000 25
1250000 14
1251000 9
1252000 21
1253000 14
1254000 13
1255000 12
1256000 15
1257000 12
1258000 23
1259000 16
1260000 20
1261000 16
1262000 28
1263000 20
1264000 20
1265000 14
1266000 19
1267000 14
1268000 19
1269000 14
1270000 15
1271000 21
1272000 14
1273000 10
1274000 14
1275000 13
1276000 15
1277000 21
1278000 17
1279000 22
1280000 20
1281000 11
1282000 14
1283000 11
1284000 14
1285000 9
1286000 26
1287000 14
1288000 18
1289000 11
1290000 21
1291000 20
1292000 20
1293000 17
1294000 18
1295000 23
1296000 14
1297000 16
1298000 22
1299000 9
1300000 14
1301000 20
1302000 17
1303000 14
1304000 11
1305000 15
1306000 16
1307000 15
1308000 14
1309000 19
1310000 12
1311000 17
1312000 16
1313000 24
1314000 16
1315000 14
1316000 14
1317000 15
1318000 15
1319000 18
1320000 15
1321000 16
1322000 21
1323000 18
1324000 12
1325000 11
1326000 9
1327000 16
1328000 14
1329000 11
1330000 14
1331000 13
1332000 27
1333000 21
1334000 16
1335000 18
1336000 20
1337000 19
1338000 18
1339000 15
1340000 8
1341000 12
1342000 15
1343000 15
1344000 10
1345000 15
1346000 10
1347000 21
1348000 15
1349000 16
1350000 14
1351000 12
1352000 18
1353000 17
1354000 16
1355000 12
1356000 16
1357000 16
1358000 18
1359000 21
1360000 18
1361000 19
1362000 22
1363000 21
1364000 15
1365000 14
1366000 12
1367000 15
1368000 16
1369000 18
1370000 16
1371000 12
1372000 14
1373000 15
1374000 13
1375000 17
1376000 12
1377000 20
1378000 7
1379000 18
1380000 9
1381000 14
1382000 17
1383000 16
1384000 20
1385000 25
1386000 19
1387000 33
1388000 12
1389000 9
1390000 23
1391000 19
1392000 14
1393000 18
1394000 19
1395000 15
1396000 11
1397000 10
1398000 14
1399000 18
1400000 11
1401000 16
1402000 19
1403000 20
1404000 23
1405000 15
1406000 15
1407000 10
1408000 19
1409000 12
1410000 8
1411000 7
1412000 14
1413000 15
1414000 18
1415000 22
1416000 10
1417000 13
1418000 23
1419000 21
1420000 17
1421000 15
1422000 17
1423000 20
1424000 22
1425000 17
1426000 24
1427000 16
1428000 12
1429000 22
1430000 17
1431000 20
1432000 13
1433000 14
1434000 19
1435000 18
1436000 16
1437000 15
1438000 20
1439000 23
1440000 14
1441000 15
1442000 26
1443000 16
1444000 18
1445000 13
1446000 15
1447000 14
1448000 20
1449000 20
1450000 4
1451000 11
1452000 15
1453000 12
1454000 14
1455000 12
1456000 20
1457000 13
1458000 18
1459000 18
1460000 23
1461000 17
1462000 18
1463000 9
1464000 17
1465000 15
1466000 11
1467000 10
1468000 15
1469000 12
1470000 15
1471000 19
1472000 13
1473000 18
1474000 9
1475000 22
1476000 23
1477000 12
1478000 23
1479000 19
1480000 15
1481000 30
1482000 24
1483000 15
1484000 12
1485000 12
1486000 14
1487000 14
1488000 12
1489000 13
1490000 19
1491000 13
1492000 13
1493000 13
1494000 10
1495000 18
1496000 11
1497000 5
1498000 13
1499000 11
1500000 20
1501000 15
1502000 18
1503000 16
1504000 16
1505000 21
1506000 20
1507000 24
1508000 26
1509000 19
1510000 15
1511000 14
1512000 11
1513000 11
1514000 10
1515000 17
1516000 27
1517000 30
1518000 17
1519000 22
1520000 14
1521000 11
1522000 12
1523000 18
1524000 17
1525000 18
1526000 18
1527000 11
1528000 15
1529000 20
1530000 13
1531000 22
1532000 16
1533000 19
1534000 17
1535000 19
1536000 17
1537000 15
1538000 17
1539000 18
1540000 14
1541000 10
1542000 14
1543000 9
1544000 8
1545000 14
1546000 18
1547000 17
1548000 19
1549000 14
1550000 16
1551000 20
1552000 14
1553000 13
1554000 14
1555000 14
1556000 20
1557000 21
1558000 15
1559000 18
1560000 16
1561000 14
1562000 5
1563000 15
1564000 14
1565000 17
1566000 19
1567000 17
1568000 12
1569000 17
1570000 19
1571000 13
1572000 14
1573000 14
1574000 15
1575000 17
1576000 10
1577000 19
1578000 15
1579000 12
1580000 16
1581000 10
1582000 15
1583000 21
1584000 17
1585000 17
1586000 17
1587000 20
1588000 23
1589000 19
1590000 13
1591000 17
1592000 25
1593000 13
1594000 11
1595000 10
1596000 15
1597000 17
1598000 17
1599000 17
1600000 10
1601000 16
1602000 13
1603000 13
1604000 13
1605000 22
1606000 12
1607000 11
1608000 15
1609000 22
1610000 13
1611000 18
1612000 15
1613000 12
1614000 10
1615000 19
1616000 15
1617000 21
1618000 17
1619000 18
1620000 16
1621000 14
1622000 21
1623000 17
1624000 11
1625000 8
1626000 12
1627000 12
1628000 9
1629000 8
1630000 15
1631000 16
1632000 12
1633000 15
1634000 17
1635000 17
1636000 18
1637000 10
1638000 13
1639000 15
1640000 11
1641000 17
1642000 15
1643000 20
1644000 22
1645000 25
1646000 18
1647000 14
1648000 14
1649000 8
1650000 15
1651000 18
1652000 10
1653000 16
1654000 14
1655000 11
1656000 16
1657000 16
1658000 17
1659000 7
1660000 11
1661000 14
1662000 16
1663000 20
1664000 10
1665000 20
1666000 16
1667000 18
1668000 16
1669000 13
1670000 13
1671000 17
1672000 20
1673000 12
1674000 20
1675000 17
1676000 13
1677000 15
1678000 13
1679000 7
1680000 11
1681000 17
1682000 17
1683000 19
1684000 18
1685000 12
1686000 15
1687000 13
1688000 20
1689000 14
1690000 17
1691000 10
1692000 18
1693000 14
1694000 18
1695000 14
1696000 14
1697000 14
1698000 17
1699000 18
1700000 21
1701000 24
1702000 11
1703000 13
1704000 18
1705000 20
1706000 19
1707000 17
1708000 13
1709000 14
1710000 17
1711000 21
1712000 13
1713000 17
1714000 17
1715000 17
1716000 18
1717000 15
1718000 17
1719000 20
1720000 22
1721000 11
1722000 15
1723000 13
1724000 13
1725000 13
1726000 12
1727000 15
1728000 23
1729000 14
1730000 16
1731000 21
1732000 24
1733000 15
1734000 21
1735000 8
1736000 12
1737000 12
1738000 10
1739000 16
1740000 13
1741000 18
1742000 18
1743000 18
1744000 13
1745000 20
1746000 14
1747000 10
1748000 19
1749000 15
1750000 20
1751000 13
1752000 15
1753000 14
1754000 16
1755000 16
1756000 11
1757000 25
1758000 20
1759000 17
1760000 14
1761000 14
1762000 20
1763000 15
1764000 9
1765000 17
1766000 18
1767000 10
1768000 10
1769000 15
1770000 18
1771000 16
1772000 15
1773000 24
1774000 24
1775000 20
1776000 13
1777000 14
1778000 6
1779000 16
1780000 17
1781000 17
1782000 19
1783000 14
1784000 8
1785000 16
1786000 11
1787000 17
1788000 16
1789000 21
1790000 12
1791000 14
1792000 9
1793000 16
1794000 16
1795000 12
1796000 26
1797000 14
1798000 22
1799000 21
1800000 14
1801000 14
1802000 10
1803000 10
1804000 15
1805000 22
1806000 20
1807000 11
1808000 12
1809000 12
1810000 18
1811000 17
1812000 21
1813000 19
1814000 20
1815000 13
1816000 16
1817000 21
1818000 12
1819000 19
1820000 8
1821000 20
1822000 11
1823000 21
1824000 18
1825000 22
1826000 20
1827000 14
1828000 15
1829000 16
1830000 20
1831000 16
1832000 18
1833000 18
1834000 19
1835000 14
1836000 16
1837000 16
1838000 20
1839000 22
1840000 22
1841000 14
1842000 18
1843000 23
1844000 18
1845000 19
1846000 16
1847000 12
1848000 9
1849000 19
1850000 18
1851000 15
1852000 15
1853000 13
1854000 13
1855000 15
1856000 13
1857000 16
1858000 12
1859000 12
1860000 16
1861000 15
1862000 15
1863000 11
1864000 9
1865000 14
1866000 26
1867000 11
1868000 12
1869000 9
1870000 15
1871000 15
1872000 17
1873000 16
1874000 21
1875000 13
1876000 12
1877000 17
1878000 15
1879000 11
1880000 16
1881000 11
1882000 12
1883000 16
1884000 15
1885000 14
1886000 13
1887000 21
1888000 9
1889000 19
1890000 17
1891000 17
1892000 12
1893000 15
1894000 13
1895000 10
1896000 23
1897000 16
1898000 10
1899000 16
1900000 18
1901000 22
1902000 14
1903000 19
1904000 18
1905000 24
1906000 21
1907000 12
1908000 12
1909000 13
1910000 8
1911000 14
1912000 21
1913000 17
1914000 17
1915000 22
1916000 15
1917000 13
1918000 9
1919000 16
1920000 17
1921000 18
1922000 19
1923000 14
1924000 17
1925000 23
1926000 18
1927000 9
1928000 13
1929000 17
1930000 16
1931000 22
1932000 26
1933000 12
1934000 12
1935000 14
1936000 17
1937000 25
1938000 19
1939000 19
1940000 13
1941000 12
1942000 22
1943000 15
1944000 11
1945000 18
1946000 17
1947000 14
1948000 18
1949000 14
1950000 14
1951000 14
1952000 18
1953000 13
1954000 19
1955000 18
1956000 24
1957000 24
1958000 16
1959000 16
1960000 17
1961000 13
1962000 15
1963000 17
1964000 16
1965000 17
1966000 8
1967000 18
1968000 20
1969000 17
1970000 25
1971000 13
1972000 19
1973000 16
1974000 11
1975000 21
1976000 20
1977000 23
1978000 17
1979000 16
1980000 9
1981000 11
1982000 13
1983000 17
1984000 15
1985000 17
1986000 23
1987000 18
1988000 21
1989000 19
1990000 14
1991000 13
1992000 17
1993000 6
1994000 19
1995000 14
1996000 13
1997000 11
1998000 10
1999000 17
2000000 18
2001000 17
2002000 12
2003000 18
2004000 13
2005000 24
2006000 16
2007000 15
2008000 19
2009000 15
2010000 12
2011000 17
2012000 19
2013000 15
2014000 12
2015000 11
2016000 13
2017000 17
2018000 25
2019000 21
2020000 23
2021000 24
2022000 18
2023000 14
2024000 18
2025000 15
2026000 12
2027000 22
2028000 24
2029000 16
2030000 15
2031000 10
2032000 19
2033000 19
2034000 21
2035000 22
2036000 11
2037000 17
2038000 10
2039000 19
2040000 18
2041000 20
2042000 13
2043000 16
2044000 9
2045000 17
2046000 17
2047000 16
2048000 19
2049000 12
2050000 10
2051000 15
2052000 10
2053000 15
2054000 14
2055000 15
2056000 17
2057000 14
2058000 19
2059000 8
2060000 11
2061000 15
2062000 6
2063000 18
2064000 16
2065000 15
2066000 18
2067000 17
2068000 12
2069000 17
2070000 14
2071000 14
2072000 12
2073000 16
2074000 12
2075000 17
2076000 13
2077000 17
2078000 14
2079000 16
2080000 13
2081000 16
2082000 13
2083000 18
2084000 8
2085000 13
2086000 23
2087000 7
2088000 14
2089000 15
2090000 13
2091000 14
2092000 16
2093000 15
2094000 19
2095000 16
2096000 11
2097000 19
2098000 14
2099000 20
2100000 16
2101000 24
2102000 14
2103000 8
2104000 13
2105000 18
2106000 11
2107000 12
2108000 13
2109000 14
2110000 11
2111000 17
2112000 20
2113000 19
2114000 10
2115000 22
2116000 20
2117000 14
2118000 13
2119000 21
2120000 15
2121000 13
2122000 6
2123000 16
2124000 17
2125000 21
2126000 17
2127000 23
2128000 15
2129000 13
2130000 19
2131000 10
2132000 16
2133000 20
2134000 9
2135000 16
2136000 15
2137000 23
2138000 12
2139000 13
2140000 18
2141000 16
2142000 19
2143000 15
2144000 15
2145000 18
2146000 14
2147000 20
2148000 19
2149000 20
2150000 23
2151000 14
2152000 18
2153000 12
2154000 16
2155000 16
2156000 21
2157000 17
2158000 17
2159000 16
2160000 19
2161000 12
2162000 24
2163000 11
2164000 12
2165000 13
2166000 16
2167000 12
2168000 19
2169000 15
2170000 19
2171000 16
2172000 18
2173000 15
2174000 16
2175000 16
2176000 11
2177000 18
2178000 19
2179000 23
2180000 18
2181000 15
2182000 12
2183000 18
2184000 17
2185000 12
2186000 12
2187000 20
2188000 13
2189000 13
2190000 17
2191000 14
2192000 12
2193000 17
2194000 17
2195000 21
2196000 9
2197000 20
2198000 14
2199000 17
2200000 17
2201000 13
2202000 12
2203000 11
2204000 10
2205000 17
2206000 12
2207000 23
2208000 13
2209000 23
2210000 14
2211000 13
2212000 16
2213000 21
2214000 13
2215000 10
2216000 15
2217000 20
2218000 22
2219000 16
2220000 14
2221000 15
2222000 16
2223000 17
2224000 14
2225000 19
2226000 21
2227000 10
2228000 19
2229000 17
2230000 16
2231000 15
2232000 22
2233000 19
2234000 9
2235000 16
2236000 11
2237000 16
2238000 23
2239000 9
2240000 19
2241000 17
2242000 17
2243000 12
2244000 16
2245000 14
2246000 17
2247000 20
2248000 17
2249000 13
2250000 10
2251000 22
2252000 14
2253000 16
2254000 18
2255000 16
2256000 18
2257000 13
2258000 20
2259000 26
2260000 17
2261000 17
2262000 10
2263000 21
2264000 10
2265000 18
2266000 15
2267000 18
2268000 9
2269000 9
2270000 15
2271000 14
2272000 20
2273000 16
2274000 17
2275000 21
2276000 9
2277000 20
2278000 15
2279000 23
2280000 17
2281000 20
2282000 16
2283000 18
2284000 12
2285000 12
2286000 10
2287000 8
2288000 15
2289000 24
2290000 9
2291000 10
2292000 20
2293000 17
2294000 20
2295000 13
2296000 13
2297000 17
2298000 18
2299000 15
2300000 20
2301000 18
2302000 10
2303000 11
2304000 15
2305000 16
2306000 29
2307000 22
2308000 15
2309000 25
2310000 14
2311000 14
2312000 17
2313000 11
2314000 18
2315000 16
2316000 14
2317000 21
2318000 14
2319000 5
2320000 16
2321000 21
2322000 16
2323000 18
2324000 12
2325000 17
2326000 13
2327000 13
2328000 19
2329000 26
2330000 20
2331000 19
2332000 21
2333000 19
2334000 22
2335000 20
2336000 14
2337000 14
2338000 18
2339000 21
2340000 17
2341000 18
2342000 12
2343000 15
2344000 17
2345000 26
2346000 17
2347000 18
2348000 18
2349000 21
2350000 18
2351000 18
2352000 15
2353000 19
2354000 12
2355000 16
2356000 18
2357000 15
2358000 13
2359000 13
2360000 10
2361000 20
2362000 13
2363000 16
2364000 23
2365000 15
2366000 15
2367000 12
2368000 14
2369000 16
2370000 16
2371000 23
2372000 17
2373000 14
2374000 14
2375000 7
2376000 15
2377000 18
2378000 14
2379000 16
2380000 19
2381000 15
2382000 11
2383000 13
2384000 19
2385000 20
2386000 17
2387000 10
2388000 19
2389000 14
2390000 11
2391000 18
2392000 16
2393000 14
2394000 7
2395000 18
2396000 18
2397000 11
2398000 17
2399000 17
2400000 23
2401000 19
2402000 26
2403000 29
2404000 15
2405000 17
2406000 10
2407000 17
2408000 17
2409000 16
2410000 7
2411000 17
2412000 23
2413000 11
2414000 19
2415000 17
2416000 18
2417000 22
2418000 24
2419000 10
2420000 13
2421000 24
2422000 12
2423000 15
2424000 14
2425000 19
2426000 17
2427000 18
2428000 17
2429000 14
2430000 12
2431000 18
2432000 8
2433000 19
2434000 13
2435000 12
2436000 12
2437000 21
2438000 15
2439000 11
2440000 15
2441000 12
2442000 20
2443000 20
2444000 18
2445000 13
2446000 8
2447000 19
2448000 16
2449000 17
2450000 19
2451000 11
2452000 10
2453000 19
2454000 14
2455000 12
2456000 15
2457000 13
2458000 10
2459000 13
2460000 21
2461000 18
2462000 16
2463000 19
2464000 21
2465000 7
2466000 15
2467000 21
2468000 25
2469000 15
2470000 16
2471000 16
2472000 13
2473000 15
2474000 14
2475000 7
2476000 14
2477000 16
2478000 20
2479000 16
2480000 18
2481000 18
2482000 15
2483000 12
2484000 10
2485000 16
2486000 22
2487000 15
2488000 17
2489000 20
2490000 16
2491000 15
2492000 25
2493000 12
2494000 9
2495000 12
2496000 17
2497000 17
2498000 18
2499000 13
2500000 15
2501000 21
2502000 16
