0.000000000000000000e+00 3.519673729657920580e-01
1.000000000000000000e+00 8.110552507472600370e-01
2.000000000000000000e+00 8.433614347392890398e-01
3.000000000000000000e+00 8.637653404184655326e-01
4.000000000000000000e+00 8.858695715709068441e-01
5.000000000000000000e+00 9.079738027233477116e-01
6.000000000000000000e+00 9.113744536698770160e-01
7.000000000000000000e+00 9.147751046164064315e-01
8.000000000000000000e+00 9.147751046164064315e-01
9.000000000000000000e+00 9.198760810362006657e-01
1.000000000000000000e+01 9.266773829292591635e-01
1.100000000000000000e+01 9.266773829292591635e-01
1.200000000000000000e+01 9.266773829292591635e-01
1.300000000000000000e+01 9.232767319827300811e-01
1.400000000000000000e+01 9.266773829292591635e-01
1.500000000000000000e+01 9.300780338757885790e-01
1.600000000000000000e+01 9.300780338757885790e-01
1.700000000000000000e+01 9.300780338757885790e-01
1.800000000000000000e+01 9.351790102955829243e-01
1.900000000000000000e+01 9.368793357688476320e-01
2.000000000000000000e+01 9.402799867153768254e-01
2.100000000000000000e+01 9.453809631351709486e-01
2.200000000000000000e+01 9.504819395549650718e-01
2.300000000000000000e+01 9.521822650282297795e-01
2.400000000000000000e+01 9.538825905014943762e-01
2.500000000000000000e+01 9.572832414480239027e-01
2.600000000000000000e+01 9.589835669212884994e-01
2.700000000000000000e+01 9.589835669212884994e-01
2.800000000000000000e+01 9.606838923945533182e-01
2.900000000000000000e+01 9.606838923945533182e-01
3.000000000000000000e+01 9.640845433410826226e-01
3.100000000000000000e+01 9.657848688143474414e-01
3.200000000000000000e+01 9.657848688143474414e-01
3.300000000000000000e+01 9.674851942876120381e-01
3.400000000000000000e+01 9.691855197608767458e-01
3.500000000000000000e+01 9.725861707074060503e-01
3.600000000000000000e+01 9.742864961806706470e-01
3.700000000000000000e+01 9.759868216539354657e-01
3.800000000000000000e+01 9.776871471272001735e-01
3.900000000000000000e+01 9.827881235469942967e-01
4.000000000000000000e+01 9.861887744935237121e-01
4.100000000000000000e+01 9.878890999667883088e-01
4.200000000000000000e+01 9.878890999667883088e-01
4.300000000000000000e+01 9.895894254400530166e-01
4.400000000000000000e+01 9.912897509133176133e-01
4.500000000000000000e+01 9.946904018598473618e-01
4.600000000000000000e+01 9.963907273331119585e-01
4.700000000000000000e+01 9.963907273331119585e-01
4.800000000000000000e+01 9.980910528063766662e-01
4.900000000000000000e+01 9.997913782796412629e-01
5.000000000000000000e+01 1.003192029226170678e+00
5.100000000000000000e+01 1.003192029226170678e+00
5.200000000000000000e+01 1.004892354699435275e+00
5.300000000000000000e+01 1.004892354699435275e+00
5.400000000000000000e+01 1.004892354699435275e+00
5.500000000000000000e+01 1.003192029226170678e+00
5.600000000000000000e+01 1.003192029226170678e+00
5.700000000000000000e+01 1.003192029226170678e+00
5.800000000000000000e+01 1.003192029226170678e+00
5.900000000000000000e+01 1.004892354699435275e+00
6.000000000000000000e+01 1.004892354699435275e+00
6.100000000000000000e+01 1.006592680172700094e+00
6.200000000000000000e+01 1.008293005645964913e+00
6.300000000000000000e+01 1.008293005645964913e+00
6.400000000000000000e+01 1.011693656592494106e+00
6.500000000000000000e+01 1.009993331119229509e+00
6.600000000000000000e+01 1.013393982065758925e+00
6.700000000000000000e+01 1.015094307539023522e+00
6.800000000000000000e+01 1.015094307539023522e+00
6.900000000000000000e+01 1.016794633012288118e+00
7.000000000000000000e+01 1.015094307539023522e+00
7.100000000000000000e+01 1.015094307539023522e+00
7.200000000000000000e+01 1.015094307539023522e+00
7.300000000000000000e+01 1.016794633012288118e+00
7.400000000000000000e+01 1.016794633012288118e+00
7.500000000000000000e+01 1.016794633012288118e+00
7.600000000000000000e+01 1.016794633012288118e+00
7.700000000000000000e+01 1.018494958485552937e+00
7.800000000000000000e+01 1.020195283958817534e+00
7.900000000000000000e+01 1.020195283958817534e+00
8.000000000000000000e+01 1.020195283958817534e+00
8.100000000000000000e+01 1.020195283958817534e+00
8.200000000000000000e+01 1.020195283958817534e+00
8.300000000000000000e+01 1.023595934905347171e+00
8.400000000000000000e+01 1.023595934905347171e+00
8.500000000000000000e+01 1.021895609432082352e+00
8.600000000000000000e+01 1.023595934905347171e+00
8.700000000000000000e+01 1.023595934905347171e+00
8.800000000000000000e+01 1.023595934905347171e+00
8.900000000000000000e+01 1.023595934905347171e+00
9.000000000000000000e+01 1.023595934905347171e+00
9.100000000000000000e+01 1.025296260378611768e+00
9.200000000000000000e+01 1.023595934905347171e+00
9.300000000000000000e+01 1.023595934905347171e+00
9.400000000000000000e+01 1.023595934905347171e+00
9.500000000000000000e+01 1.023595934905347171e+00
9.600000000000000000e+01 1.023595934905347171e+00
9.700000000000000000e+01 1.025296260378611768e+00
9.800000000000000000e+01 1.025296260378611768e+00
9.900000000000000000e+01 1.025296260378611768e+00
1.000000000000000000e+02 1.025296260378611768e+00
1.010000000000000000e+02 1.025296260378611768e+00
1.020000000000000000e+02 1.025296260378611768e+00
1.030000000000000000e+02 1.025296260378611768e+00
1.040000000000000000e+02 1.026996585851876365e+00
1.050000000000000000e+02 1.026996585851876365e+00
1.060000000000000000e+02 1.026996585851876365e+00
1.070000000000000000e+02 1.026996585851876365e+00
1.080000000000000000e+02 1.026996585851876365e+00
1.090000000000000000e+02 1.026996585851876365e+00
1.100000000000000000e+02 1.026996585851876365e+00
1.110000000000000000e+02 1.025296260378611768e+00
1.120000000000000000e+02 1.026996585851876365e+00
1.130000000000000000e+02 1.026996585851876365e+00
1.140000000000000000e+02 1.028696911325140961e+00
1.150000000000000000e+02 1.028696911325140961e+00
1.160000000000000000e+02 1.028696911325140961e+00
1.170000000000000000e+02 1.028696911325140961e+00
1.180000000000000000e+02 1.032097562271670599e+00
1.190000000000000000e+02 1.030397236798405780e+00
1.200000000000000000e+02 1.030397236798405780e+00
1.210000000000000000e+02 1.030397236798405780e+00
1.220000000000000000e+02 1.028696911325140961e+00
1.230000000000000000e+02 1.028696911325140961e+00
1.240000000000000000e+02 1.032097562271670599e+00
1.250000000000000000e+02 1.033797887744935196e+00
1.260000000000000000e+02 1.035498213218199792e+00
1.270000000000000000e+02 1.035498213218199792e+00
1.280000000000000000e+02 1.035498213218199792e+00
1.290000000000000000e+02 1.035498213218199792e+00
1.300000000000000000e+02 1.035498213218199792e+00
1.310000000000000000e+02 1.037198538691464611e+00
1.320000000000000000e+02 1.037198538691464611e+00
1.330000000000000000e+02 1.037198538691464611e+00
1.340000000000000000e+02 1.037198538691464611e+00
1.350000000000000000e+02 1.037198538691464611e+00
1.360000000000000000e+02 1.037198538691464611e+00
1.370000000000000000e+02 1.037198538691464611e+00
1.380000000000000000e+02 1.037198538691464611e+00
1.390000000000000000e+02 1.037198538691464611e+00
1.400000000000000000e+02 1.038898864164729208e+00
1.410000000000000000e+02 1.038898864164729208e+00
1.420000000000000000e+02 1.038898864164729208e+00
1.430000000000000000e+02 1.038898864164729208e+00
1.440000000000000000e+02 1.038898864164729208e+00
1.450000000000000000e+02 1.038898864164729208e+00
1.460000000000000000e+02 1.038898864164729208e+00
1.470000000000000000e+02 1.038898864164729208e+00
1.480000000000000000e+02 1.038898864164729208e+00
1.490000000000000000e+02 1.040599189637994026e+00
1.500000000000000000e+02 1.040599189637994026e+00
1.510000000000000000e+02 1.040599189637994026e+00
1.520000000000000000e+02 1.040599189637994026e+00
1.530000000000000000e+02 1.040599189637994026e+00
1.540000000000000000e+02 1.040599189637994026e+00
1.550000000000000000e+02 1.040599189637994026e+00
1.560000000000000000e+02 1.040599189637994026e+00
1.570000000000000000e+02 1.040599189637994026e+00
1.580000000000000000e+02 1.040599189637994026e+00
1.590000000000000000e+02 1.040599189637994026e+00
1.600000000000000000e+02 1.040599189637994026e+00
1.610000000000000000e+02 1.040599189637994026e+00
1.620000000000000000e+02 1.040599189637994026e+00
1.630000000000000000e+02 1.042299515111258845e+00
1.640000000000000000e+02 1.043999840584523442e+00
1.650000000000000000e+02 1.043999840584523442e+00
1.660000000000000000e+02 1.043999840584523442e+00
1.670000000000000000e+02 1.043999840584523442e+00
1.680000000000000000e+02 1.045700166057788261e+00
1.690000000000000000e+02 1.043999840584523442e+00
1.700000000000000000e+02 1.043999840584523442e+00
1.710000000000000000e+02 1.043999840584523442e+00
1.720000000000000000e+02 1.043999840584523442e+00
1.730000000000000000e+02 1.043999840584523442e+00
1.740000000000000000e+02 1.043999840584523442e+00
1.750000000000000000e+02 1.043999840584523442e+00
1.760000000000000000e+02 1.043999840584523442e+00
1.770000000000000000e+02 1.043999840584523442e+00
1.780000000000000000e+02 1.043999840584523442e+00
1.790000000000000000e+02 1.043999840584523442e+00
1.800000000000000000e+02 1.043999840584523442e+00
1.810000000000000000e+02 1.043999840584523442e+00
1.820000000000000000e+02 1.045700166057788261e+00
1.830000000000000000e+02 1.045700166057788261e+00
1.840000000000000000e+02 1.045700166057788261e+00
1.850000000000000000e+02 1.045700166057788261e+00
1.860000000000000000e+02 1.045700166057788261e+00
1.870000000000000000e+02 1.045700166057788261e+00
1.880000000000000000e+02 1.045700166057788261e+00
1.890000000000000000e+02 1.045700166057788261e+00
1.900000000000000000e+02 1.047400491531052857e+00
1.910000000000000000e+02 1.047400491531052857e+00
1.920000000000000000e+02 1.047400491531052857e+00
1.930000000000000000e+02 1.047400491531052857e+00
1.940000000000000000e+02 1.047400491531052857e+00
1.950000000000000000e+02 1.047400491531052857e+00
1.960000000000000000e+02 1.047400491531052857e+00
1.970000000000000000e+02 1.047400491531052857e+00
1.980000000000000000e+02 1.049100817004317232e+00
1.990000000000000000e+02 1.050801142477582051e+00
2.000000000000000000e+02 1.050801142477582051e+00
2.010000000000000000e+02 1.050801142477582051e+00
2.020000000000000000e+02 1.052501467950846870e+00
2.030000000000000000e+02 1.052501467950846870e+00
2.040000000000000000e+02 1.055902118897376507e+00
2.050000000000000000e+02 1.055902118897376507e+00
2.060000000000000000e+02 1.055902118897376507e+00
2.070000000000000000e+02 1.055902118897376507e+00
2.080000000000000000e+02 1.055902118897376507e+00
2.090000000000000000e+02 1.055902118897376507e+00
2.100000000000000000e+02 1.055902118897376507e+00
2.110000000000000000e+02 1.055902118897376507e+00
2.120000000000000000e+02 1.055902118897376507e+00
2.130000000000000000e+02 1.055902118897376507e+00
2.140000000000000000e+02 1.055902118897376507e+00
2.150000000000000000e+02 1.057602444370641104e+00
2.160000000000000000e+02 1.057602444370641104e+00
2.170000000000000000e+02 1.057602444370641104e+00
2.180000000000000000e+02 1.057602444370641104e+00
2.190000000000000000e+02 1.057602444370641104e+00
2.200000000000000000e+02 1.057602444370641104e+00
2.210000000000000000e+02 1.057602444370641104e+00
2.220000000000000000e+02 1.059302769843905700e+00
2.230000000000000000e+02 1.059302769843905700e+00
2.240000000000000000e+02 1.059302769843905700e+00
2.250000000000000000e+02 1.059302769843905700e+00
2.260000000000000000e+02 1.059302769843905700e+00
2.270000000000000000e+02 1.059302769843905700e+00
2.280000000000000000e+02 1.059302769843905700e+00
2.290000000000000000e+02 1.059302769843905700e+00
2.300000000000000000e+02 1.059302769843905700e+00
2.310000000000000000e+02 1.059302769843905700e+00
2.320000000000000000e+02 1.059302769843905700e+00
2.330000000000000000e+02 1.059302769843905700e+00
2.340000000000000000e+02 1.059302769843905700e+00
2.350000000000000000e+02 1.061003095317170297e+00
2.360000000000000000e+02 1.061003095317170297e+00
2.370000000000000000e+02 1.061003095317170297e+00
2.380000000000000000e+02 1.061003095317170297e+00
2.390000000000000000e+02 1.061003095317170297e+00
2.400000000000000000e+02 1.061003095317170297e+00
2.410000000000000000e+02 1.061003095317170297e+00
2.420000000000000000e+02 1.061003095317170297e+00
2.430000000000000000e+02 1.061003095317170297e+00
2.440000000000000000e+02 1.061003095317170297e+00
2.450000000000000000e+02 1.061003095317170297e+00
2.460000000000000000e+02 1.061003095317170297e+00
2.470000000000000000e+02 1.061003095317170297e+00
2.480000000000000000e+02 1.061003095317170297e+00
2.490000000000000000e+02 1.061003095317170297e+00
2.500000000000000000e+02 1.061003095317170297e+00
