# Time-averaged data for fix myat2
# TimeStep v_density
3000 0.626749
4000 0.753034
5000 0.841901
6000 0.935446
7000 1.02431
8000 1.10383
9000 1.12253
10000 1.16463
11000 1.19737
12000 1.23011
13000 1.24882
14000 1.26285
15000 1.27688
16000 1.28156
17000 1.30027
18000 1.3143
19000 1.3143
20000 1.33301
21000 1.33301
22000 1.34236
23000 1.35172
24000 1.3564
25000 1.36107
26000 1.36107
27000 1.36575
28000 1.36575
29000 1.36575
30000 1.37043
31000 1.37511
32000 1.37511
33000 1.37511
34000 1.37511
35000 1.37511
36000 1.37511
37000 1.37511
38000 1.37511
39000 1.37511
40000 1.37511
41000 1.37511
42000 1.37511
43000 1.37511
44000 1.37511
45000 1.37978
46000 1.38446
47000 1.38446
48000 1.38446
49000 1.38446
50000 1.38446
51000 1.38914
52000 1.38914
53000 1.38914
54000 1.38914
55000 1.38914
56000 1.38914
57000 1.38914
58000 1.38914
59000 1.38914
60000 1.39381
61000 1.39381
62000 1.39381
63000 1.39381
64000 1.39381
65000 1.39381
66000 1.39381
67000 1.39381
68000 1.39381
69000 1.39381
70000 1.39381
71000 1.39381
72000 1.39381
73000 1.39381
74000 1.39381
75000 1.39381
76000 1.39381
77000 1.39381
78000 1.39381
79000 1.39381
80000 1.39381
81000 1.39381
82000 1.39381
83000 1.39381
84000 1.39381
85000 1.39381
86000 1.39849
87000 1.39849
88000 1.39849
89000 1.39849
90000 1.39849
91000 1.39849
92000 1.39849
93000 1.39849
94000 1.39849
95000 1.39849
96000 1.39849
97000 1.39849
98000 1.39849
99000 1.39849
100000 1.39849
101000 1.39849
102000 1.39849
103000 1.39849
104000 1.39849
105000 1.39849
106000 1.39849
107000 1.39849
108000 1.39849
109000 1.39849
110000 1.39849
111000 1.39849
112000 1.39849
113000 1.39849
114000 1.39849
115000 1.39849
116000 1.39849
117000 1.39849
118000 1.39849
119000 1.39849
120000 1.39849
121000 1.39849
122000 1.40317
123000 1.40317
124000 1.40317
125000 1.40317
126000 1.40317
127000 1.40317
128000 1.40317
129000 1.40317
130000 1.40317
131000 1.40317
132000 1.40317
133000 1.40317
134000 1.40317
135000 1.40317
136000 1.40317
137000 1.40317
138000 1.40317
139000 1.40317
140000 1.40317
141000 1.40317
142000 1.40317
143000 1.40317
144000 1.40785
145000 1.40785
146000 1.40785
147000 1.40785
148000 1.40785
149000 1.40785
150000 1.40785
151000 1.40785
152000 1.40785
153000 1.40785
154000 1.40785
155000 1.40785
156000 1.40785
157000 1.40785
158000 1.40785
159000 1.40785
160000 1.40785
161000 1.40785
162000 1.40785
163000 1.40785
164000 1.40785
165000 1.40785
166000 1.40785
167000 1.40785
168000 1.40785
169000 1.40785
170000 1.40785
171000 1.40785
172000 1.40785
173000 1.40785
174000 1.40785
175000 1.40785
176000 1.40785
177000 1.40785
178000 1.40785
179000 1.40785
180000 1.40785
181000 1.40785
182000 1.40785
183000 1.40785
184000 1.40785
185000 1.40785
186000 1.41252
187000 1.41252
188000 1.41252
189000 1.41252
190000 1.41252
191000 1.41252
192000 1.41252
193000 1.41252
194000 1.41252
195000 1.41252
196000 1.41252
197000 1.41252
198000 1.41252
199000 1.41252
200000 1.41252
201000 1.41252
202000 1.41252
203000 1.41252
204000 1.41252
205000 1.41252
206000 1.41252
207000 1.41252
208000 1.41252
209000 1.41252
210000 1.41252
211000 1.41252
212000 1.41252
213000 1.41252
214000 1.41252
215000 1.41252
216000 1.41252
217000 1.41252
218000 1.41252
219000 1.41252
220000 1.41252
221000 1.41252
222000 1.41252
223000 1.41252
224000 1.41252
225000 1.41252
226000 1.41252
227000 1.41252
228000 1.41252
229000 1.41252
230000 1.41252
231000 1.41252
232000 1.41252
233000 1.41252
234000 1.41252
235000 1.41252
236000 1.41252
237000 1.41252
238000 1.41252
239000 1.41252
240000 1.41252
241000 1.41252
242000 1.41252
243000 1.41252
244000 1.41252
245000 1.41252
246000 1.41252
247000 1.41252
248000 1.41252
249000 1.41252
250000 1.41252
251000 1.41252
252000 1.41252
253000 1.41252
254000 1.41252
255000 1.41252
256000 1.41252
257000 1.41252
258000 1.41252
259000 1.41252
260000 1.41252
261000 1.41252
262000 1.41252
263000 1.41252
264000 1.41252
265000 1.41252
266000 1.41252
267000 1.41252
268000 1.41252
269000 1.41252
270000 1.41252
271000 1.41252
272000 1.41252
273000 1.41252
274000 1.41252
275000 1.41252
276000 1.41252
277000 1.41252
278000 1.41252
279000 1.41252
280000 1.41252
281000 1.41252
282000 1.41252
283000 1.41252
284000 1.41252
285000 1.41252
286000 1.41252
287000 1.41252
288000 1.41252
289000 1.41252
290000 1.41252
291000 1.41252
292000 1.41252
293000 1.41252
294000 1.41252
295000 1.41252
296000 1.41252
297000 1.41252
298000 1.41252
299000 1.41252
300000 1.41252
301000 1.41252
302000 1.41252
303000 1.41252
304000 1.41252
305000 1.41252
306000 1.41252
307000 1.41252
308000 1.41252
309000 1.41252
310000 1.41252
311000 1.41252
312000 1.41252
313000 1.41252
314000 1.41252
315000 1.41252
316000 1.41252
317000 1.41252
318000 1.41252
319000 1.41252
320000 1.41252
321000 1.41252
322000 1.41252
323000 1.41252
324000 1.41252
325000 1.41252
326000 1.41252
327000 1.41252
328000 1.41252
329000 1.41252
330000 1.41252
331000 1.41252
332000 1.41252
333000 1.41252
334000 1.41252
335000 1.41252
336000 1.41252
337000 1.41252
338000 1.41252
339000 1.41252
340000 1.41252
341000 1.41252
342000 1.41252
343000 1.41252
344000 1.41252
345000 1.41252
346000 1.41252
347000 1.41252
348000 1.41252
349000 1.41252
350000 1.41252
351000 1.41252
352000 1.41252
353000 1.41252
354000 1.41252
355000 1.41252
356000 1.41252
357000 1.41252
358000 1.41252
359000 1.41252
360000 1.41252
361000 1.41252
362000 1.41252
363000 1.41252
364000 1.41252
365000 1.41252
366000 1.41252
367000 1.41252
368000 1.41252
369000 1.41252
370000 1.41252
371000 1.41252
372000 1.41252
373000 1.41252
374000 1.41252
375000 1.41252
376000 1.41252
377000 1.41252
378000 1.41252
379000 1.41252
380000 1.41252
381000 1.41252
382000 1.41252
383000 1.41252
384000 1.41252
385000 1.41252
386000 1.41252
387000 1.41252
388000 1.41252
389000 1.41252
390000 1.41252
391000 1.41252
392000 1.41252
393000 1.41252
394000 1.41252
395000 1.41252
396000 1.41252
397000 1.41252
398000 1.41252
399000 1.41252
400000 1.41252
401000 1.41252
402000 1.41252
403000 1.41252
404000 1.41252
405000 1.41252
406000 1.41252
407000 1.41252
408000 1.41252
409000 1.41252
410000 1.41252
411000 1.41252
412000 1.41252
413000 1.41252
414000 1.41252
415000 1.41252
416000 1.41252
417000 1.41252
418000 1.41252
419000 1.41252
420000 1.41252
421000 1.41252
422000 1.41252
423000 1.41252
424000 1.41252
425000 1.41252
426000 1.41252
427000 1.41252
428000 1.41252
429000 1.41252
430000 1.41252
431000 1.41252
432000 1.41252
433000 1.41252
434000 1.41252
435000 1.41252
436000 1.41252
437000 1.41252
438000 1.41252
439000 1.41252
440000 1.41252
441000 1.41252
442000 1.41252
443000 1.41252
444000 1.41252
445000 1.41252
446000 1.41252
447000 1.41252
448000 1.41252
449000 1.41252
450000 1.41252
451000 1.41252
452000 1.41252
453000 1.41252
454000 1.41252
455000 1.41252
456000 1.41252
457000 1.41252
458000 1.41252
459000 1.41252
460000 1.41252
461000 1.41252
462000 1.41252
463000 1.41252
464000 1.41252
465000 1.41252
466000 1.41252
467000 1.41252
468000 1.41252
469000 1.41252
470000 1.41252
471000 1.41252
472000 1.41252
473000 1.41252
474000 1.41252
475000 1.41252
476000 1.41252
477000 1.41252
478000 1.41252
479000 1.41252
480000 1.41252
481000 1.41252
482000 1.41252
483000 1.41252
484000 1.41252
485000 1.41252
486000 1.41252
487000 1.41252
488000 1.41252
489000 1.41252
490000 1.41252
491000 1.41252
492000 1.41252
493000 1.41252
494000 1.41252
495000 1.41252
496000 1.41252
497000 1.41252
498000 1.41252
499000 1.41252
500000 1.41252
501000 1.41252
502000 1.41252
503000 1.41252
504000 1.41252
505000 1.41252
506000 1.41252
507000 1.41252
508000 1.41252
509000 1.41252
510000 1.41252
511000 1.41252
512000 1.41252
513000 1.41252
514000 1.41252
515000 1.41252
516000 1.41252
517000 1.41252
518000 1.41252
519000 1.41252
520000 1.41252
521000 1.41252
522000 1.41252
523000 1.41252
524000 1.41252
525000 1.41252
526000 1.41252
527000 1.41252
528000 1.41252
529000 1.41252
530000 1.41252
531000 1.41252
532000 1.41252
533000 1.41252
534000 1.41252
535000 1.41252
536000 1.41252
537000 1.41252
538000 1.41252
539000 1.41252
540000 1.41252
541000 1.41252
542000 1.41252
543000 1.41252
544000 1.41252
545000 1.41252
546000 1.41252
547000 1.41252
548000 1.41252
549000 1.41252
550000 1.41252
551000 1.41252
552000 1.41252
553000 1.41252
554000 1.41252
555000 1.41252
556000 1.41252
557000 1.41252
558000 1.41252
559000 1.41252
560000 1.41252
561000 1.41252
562000 1.41252
563000 1.41252
564000 1.41252
565000 1.41252
566000 1.41252
567000 1.41252
568000 1.41252
569000 1.41252
570000 1.41252
571000 1.41252
572000 1.41252
573000 1.41252
574000 1.41252
575000 1.41252
576000 1.41252
577000 1.41252
578000 1.41252
579000 1.41252
580000 1.41252
581000 1.41252
582000 1.41252
583000 1.41252
584000 1.41252
585000 1.41252
586000 1.41252
587000 1.41252
588000 1.41252
589000 1.41252
590000 1.41252
591000 1.41252
592000 1.4172
593000 1.4172
594000 1.4172
595000 1.4172
596000 1.4172
597000 1.4172
598000 1.4172
599000 1.4172
600000 1.4172
601000 1.4172
602000 1.4172
603000 1.4172
604000 1.4172
605000 1.4172
606000 1.4172
607000 1.4172
608000 1.4172
609000 1.4172
610000 1.4172
611000 1.4172
612000 1.4172
613000 1.4172
614000 1.4172
615000 1.4172
616000 1.4172
617000 1.4172
618000 1.4172
619000 1.4172
620000 1.4172
621000 1.4172
622000 1.4172
623000 1.4172
624000 1.4172
625000 1.4172
626000 1.4172
627000 1.4172
628000 1.4172
629000 1.4172
630000 1.4172
631000 1.4172
632000 1.4172
633000 1.4172
634000 1.4172
635000 1.4172
636000 1.4172
637000 1.4172
638000 1.4172
639000 1.4172
640000 1.4172
641000 1.4172
642000 1.4172
643000 1.4172
644000 1.4172
645000 1.4172
646000 1.4172
647000 1.4172
648000 1.4172
649000 1.4172
650000 1.4172
651000 1.4172
652000 1.4172
653000 1.4172
654000 1.4172
655000 1.4172
656000 1.4172
657000 1.4172
658000 1.4172
659000 1.4172
660000 1.4172
661000 1.4172
662000 1.4172
663000 1.4172
664000 1.4172
665000 1.4172
666000 1.4172
667000 1.4172
668000 1.4172
669000 1.4172
670000 1.4172
671000 1.4172
672000 1.4172
673000 1.4172
674000 1.4172
675000 1.4172
676000 1.4172
677000 1.4172
678000 1.4172
679000 1.4172
680000 1.4172
681000 1.4172
682000 1.4172
683000 1.4172
684000 1.4172
685000 1.4172
686000 1.4172
687000 1.4172
688000 1.4172
689000 1.4172
690000 1.4172
691000 1.4172
692000 1.4172
693000 1.4172
694000 1.4172
695000 1.4172
696000 1.4172
697000 1.4172
698000 1.4172
699000 1.4172
700000 1.4172
701000 1.4172
702000 1.4172
703000 1.4172
704000 1.4172
705000 1.4172
706000 1.4172
707000 1.4172
708000 1.4172
709000 1.4172
710000 1.4172
711000 1.4172
712000 1.4172
713000 1.4172
714000 1.4172
715000 1.4172
716000 1.4172
717000 1.4172
718000 1.4172
719000 1.4172
720000 1.4172
721000 1.4172
722000 1.4172
723000 1.4172
724000 1.4172
725000 1.4172
726000 1.4172
727000 1.4172
728000 1.4172
729000 1.4172
730000 1.4172
731000 1.4172
732000 1.4172
733000 1.4172
734000 1.4172
735000 1.4172
736000 1.4172
737000 1.4172
738000 1.4172
739000 1.4172
740000 1.4172
741000 1.4172
742000 1.4172
743000 1.4172
744000 1.4172
745000 1.4172
746000 1.4172
747000 1.4172
748000 1.4172
749000 1.4172
750000 1.4172
751000 1.4172
752000 1.4172
753000 1.4172
754000 1.4172
755000 1.4172
756000 1.4172
757000 1.4172
758000 1.4172
759000 1.4172
760000 1.4172
761000 1.4172
762000 1.4172
763000 1.4172
764000 1.4172
765000 1.4172
766000 1.4172
767000 1.4172
768000 1.4172
769000 1.4172
770000 1.4172
771000 1.4172
772000 1.4172
773000 1.4172
774000 1.4172
775000 1.4172
776000 1.4172
777000 1.4172
778000 1.4172
779000 1.4172
780000 1.4172
781000 1.4172
782000 1.4172
783000 1.4172
784000 1.4172
785000 1.4172
786000 1.4172
787000 1.4172
788000 1.4172
789000 1.4172
790000 1.4172
791000 1.4172
792000 1.4172
793000 1.4172
794000 1.4172
795000 1.4172
796000 1.4172
797000 1.4172
798000 1.4172
799000 1.4172
800000 1.4172
801000 1.4172
802000 1.4172
803000 1.4172
804000 1.4172
805000 1.4172
806000 1.4172
807000 1.4172
808000 1.4172
809000 1.4172
810000 1.4172
811000 1.4172
812000 1.4172
813000 1.4172
814000 1.4172
815000 1.4172
816000 1.4172
817000 1.4172
818000 1.4172
819000 1.4172
820000 1.4172
821000 1.4172
822000 1.4172
823000 1.4172
824000 1.4172
825000 1.4172
826000 1.4172
827000 1.4172
828000 1.4172
829000 1.4172
830000 1.4172
831000 1.4172
832000 1.4172
833000 1.4172
834000 1.4172
835000 1.4172
836000 1.4172
837000 1.4172
838000 1.4172
839000 1.4172
840000 1.4172
841000 1.4172
842000 1.4172
843000 1.4172
844000 1.4172
845000 1.4172
846000 1.4172
847000 1.4172
848000 1.4172
849000 1.4172
850000 1.4172
851000 1.4172
852000 1.4172
853000 1.4172
854000 1.4172
855000 1.4172
856000 1.4172
857000 1.4172
858000 1.4172
859000 1.4172
860000 1.4172
861000 1.4172
862000 1.4172
863000 1.4172
864000 1.4172
865000 1.4172
866000 1.4172
867000 1.4172
868000 1.4172
869000 1.4172
870000 1.4172
871000 1.4172
872000 1.4172
873000 1.4172
874000 1.4172
875000 1.4172
876000 1.4172
877000 1.4172
878000 1.4172
879000 1.4172
880000 1.4172
881000 1.4172
882000 1.4172
883000 1.4172
884000 1.4172
885000 1.4172
886000 1.4172
887000 1.4172
888000 1.4172
889000 1.4172
890000 1.4172
891000 1.4172
892000 1.4172
893000 1.4172
894000 1.4172
895000 1.4172
896000 1.4172
897000 1.4172
898000 1.4172
899000 1.4172
900000 1.4172
901000 1.4172
902000 1.4172
903000 1.4172
904000 1.4172
905000 1.4172
906000 1.4172
907000 1.4172
908000 1.4172
909000 1.4172
910000 1.4172
911000 1.4172
912000 1.4172
913000 1.4172
914000 1.4172
915000 1.4172
916000 1.4172
917000 1.4172
918000 1.4172
919000 1.4172
920000 1.4172
921000 1.4172
922000 1.4172
923000 1.4172
924000 1.4172
925000 1.4172
926000 1.4172
927000 1.4172
928000 1.4172
929000 1.4172
930000 1.4172
931000 1.4172
932000 1.4172
933000 1.4172
934000 1.4172
935000 1.4172
936000 1.4172
937000 1.4172
938000 1.4172
939000 1.4172
940000 1.4172
941000 1.4172
942000 1.4172
943000 1.4172
944000 1.4172
945000 1.4172
946000 1.4172
947000 1.4172
948000 1.4172
949000 1.4172
950000 1.4172
951000 1.4172
952000 1.4172
953000 1.4172
954000 1.4172
955000 1.4172
956000 1.4172
957000 1.4172
958000 1.4172
959000 1.4172
960000 1.4172
961000 1.4172
962000 1.4172
963000 1.4172
964000 1.4172
965000 1.4172
966000 1.4172
967000 1.4172
968000 1.4172
969000 1.4172
970000 1.4172
971000 1.4172
972000 1.4172
973000 1.4172
974000 1.4172
975000 1.4172
976000 1.4172
977000 1.4172
978000 1.4172
979000 1.4172
980000 1.4172
981000 1.4172
982000 1.4172
983000 1.4172
984000 1.4172
985000 1.4172
986000 1.4172
987000 1.4172
988000 1.4172
989000 1.4172
990000 1.4172
991000 1.4172
992000 1.4172
993000 1.4172
994000 1.4172
995000 1.4172
996000 1.4172
997000 1.4172
998000 1.4172
999000 1.4172
1000000 1.4172
1001000 1.4172
1002000 1.4172
1003000 1.4172
1004000 1.4172
1005000 1.4172
1006000 1.4172
1007000 1.4172
1008000 1.4172
1009000 1.4172
1010000 1.4172
1011000 1.4172
1012000 1.4172
1013000 1.4172
1014000 1.4172
1015000 1.4172
1016000 1.4172
1017000 1.4172
1018000 1.4172
1019000 1.4172
1020000 1.4172
1021000 1.4172
1022000 1.4172
1023000 1.4172
1024000 1.4172
1025000 1.4172
1026000 1.4172
1027000 1.4172
1028000 1.4172
1029000 1.4172
1030000 1.4172
1031000 1.4172
1032000 1.4172
1033000 1.4172
1034000 1.4172
1035000 1.4172
1036000 1.4172
1037000 1.4172
1038000 1.4172
1039000 1.4172
1040000 1.4172
1041000 1.4172
1042000 1.4172
1043000 1.4172
1044000 1.4172
1045000 1.4172
1046000 1.4172
1047000 1.4172
1048000 1.4172
1049000 1.4172
1050000 1.4172
1051000 1.4172
1052000 1.4172
1053000 1.4172
1054000 1.4172
1055000 1.4172
1056000 1.4172
1057000 1.4172
1058000 1.4172
1059000 1.4172
1060000 1.4172
1061000 1.4172
1062000 1.4172
1063000 1.4172
1064000 1.4172
1065000 1.4172
1066000 1.4172
1067000 1.4172
1068000 1.4172
1069000 1.4172
1070000 1.4172
1071000 1.4172
1072000 1.4172
1073000 1.4172
1074000 1.4172
1075000 1.4172
1076000 1.4172
1077000 1.4172
1078000 1.4172
1079000 1.4172
1080000 1.4172
1081000 1.4172
1082000 1.4172
1083000 1.4172
1084000 1.4172
1085000 1.4172
1086000 1.4172
1087000 1.4172
1088000 1.4172
1089000 1.4172
1090000 1.4172
1091000 1.4172
1092000 1.4172
1093000 1.4172
1094000 1.4172
1095000 1.4172
1096000 1.4172
1097000 1.4172
1098000 1.4172
1099000 1.4172
1100000 1.4172
1101000 1.4172
1102000 1.4172
1103000 1.4172
1104000 1.4172
1105000 1.4172
1106000 1.4172
1107000 1.4172
1108000 1.4172
1109000 1.4172
1110000 1.4172
1111000 1.4172
1112000 1.4172
1113000 1.4172
1114000 1.4172
1115000 1.4172
1116000 1.4172
1117000 1.4172
1118000 1.4172
1119000 1.4172
1120000 1.4172
1121000 1.4172
1122000 1.4172
1123000 1.4172
1124000 1.4172
1125000 1.4172
1126000 1.4172
1127000 1.4172
1128000 1.4172
1129000 1.4172
1130000 1.4172
1131000 1.4172
1132000 1.4172
1133000 1.4172
1134000 1.4172
1135000 1.4172
1136000 1.4172
1137000 1.4172
1138000 1.4172
1139000 1.4172
1140000 1.4172
1141000 1.4172
1142000 1.4172
1143000 1.4172
1144000 1.4172
1145000 1.4172
1146000 1.4172
1147000 1.4172
1148000 1.4172
1149000 1.4172
1150000 1.4172
1151000 1.4172
1152000 1.4172
1153000 1.4172
1154000 1.4172
1155000 1.4172
1156000 1.4172
1157000 1.4172
1158000 1.4172
1159000 1.4172
1160000 1.4172
1161000 1.4172
1162000 1.4172
1163000 1.4172
1164000 1.4172
1165000 1.4172
1166000 1.4172
1167000 1.4172
1168000 1.4172
1169000 1.4172
1170000 1.4172
1171000 1.4172
1172000 1.4172
1173000 1.4172
1174000 1.4172
1175000 1.4172
1176000 1.4172
1177000 1.4172
1178000 1.4172
1179000 1.4172
1180000 1.4172
1181000 1.4172
1182000 1.4172
1183000 1.4172
1184000 1.4172
1185000 1.4172
1186000 1.4172
1187000 1.4172
1188000 1.4172
1189000 1.4172
1190000 1.4172
1191000 1.4172
1192000 1.4172
1193000 1.4172
1194000 1.4172
1195000 1.4172
1196000 1.4172
1197000 1.4172
1198000 1.4172
1199000 1.4172
1200000 1.4172
1201000 1.4172
1202000 1.4172
1203000 1.4172
1204000 1.4172
1205000 1.4172
1206000 1.4172
1207000 1.4172
1208000 1.4172
1209000 1.4172
1210000 1.4172
1211000 1.4172
1212000 1.4172
1213000 1.4172
1214000 1.4172
1215000 1.4172
1216000 1.4172
1217000 1.4172
1218000 1.4172
1219000 1.4172
1220000 1.4172
1221000 1.4172
1222000 1.4172
1223000 1.4172
1224000 1.4172
1225000 1.4172
1226000 1.4172
1227000 1.4172
1228000 1.4172
1229000 1.4172
1230000 1.4172
1231000 1.4172
1232000 1.4172
1233000 1.4172
1234000 1.4172
1235000 1.4172
1236000 1.4172
1237000 1.4172
1238000 1.4172
1239000 1.4172
1240000 1.4172
1241000 1.4172
1242000 1.4172
1243000 1.4172
1244000 1.4172
1245000 1.4172
1246000 1.4172
1247000 1.4172
1248000 1.4172
1249000 1.4172
1250000 1.4172
1251000 1.4172
1252000 1.4172
1253000 1.4172
1254000 1.4172
1255000 1.4172
1256000 1.4172
1257000 1.4172
1258000 1.4172
1259000 1.4172
1260000 1.4172
1261000 1.4172
1262000 1.4172
1263000 1.4172
1264000 1.4172
1265000 1.4172
1266000 1.4172
1267000 1.4172
1268000 1.4172
1269000 1.4172
1270000 1.4172
1271000 1.4172
1272000 1.4172
1273000 1.4172
1274000 1.4172
1275000 1.4172
1276000 1.4172
1277000 1.4172
1278000 1.4172
1279000 1.4172
1280000 1.4172
1281000 1.4172
1282000 1.4172
1283000 1.4172
1284000 1.4172
1285000 1.4172
1286000 1.4172
1287000 1.4172
1288000 1.4172
1289000 1.4172
1290000 1.4172
1291000 1.4172
1292000 1.4172
1293000 1.4172
1294000 1.4172
1295000 1.4172
1296000 1.4172
1297000 1.4172
1298000 1.4172
1299000 1.4172
1300000 1.4172
1301000 1.4172
1302000 1.4172
1303000 1.4172
1304000 1.4172
1305000 1.4172
1306000 1.4172
1307000 1.4172
1308000 1.4172
1309000 1.4172
1310000 1.4172
1311000 1.4172
1312000 1.4172
1313000 1.4172
1314000 1.4172
1315000 1.4172
1316000 1.4172
1317000 1.4172
1318000 1.4172
1319000 1.4172
1320000 1.4172
1321000 1.4172
1322000 1.4172
1323000 1.4172
1324000 1.4172
1325000 1.4172
1326000 1.4172
1327000 1.4172
1328000 1.4172
1329000 1.4172
1330000 1.4172
1331000 1.4172
1332000 1.4172
1333000 1.4172
1334000 1.4172
1335000 1.4172
1336000 1.4172
1337000 1.4172
1338000 1.4172
1339000 1.4172
1340000 1.4172
1341000 1.4172
1342000 1.4172
1343000 1.4172
1344000 1.4172
1345000 1.4172
1346000 1.4172
1347000 1.4172
1348000 1.4172
1349000 1.4172
1350000 1.4172
1351000 1.4172
1352000 1.4172
1353000 1.4172
1354000 1.4172
1355000 1.4172
1356000 1.4172
1357000 1.4172
1358000 1.4172
1359000 1.4172
1360000 1.4172
1361000 1.4172
1362000 1.4172
1363000 1.4172
1364000 1.4172
1365000 1.4172
1366000 1.4172
1367000 1.4172
1368000 1.4172
1369000 1.4172
1370000 1.4172
1371000 1.4172
1372000 1.4172
1373000 1.4172
1374000 1.4172
1375000 1.4172
1376000 1.4172
1377000 1.4172
1378000 1.4172
1379000 1.4172
1380000 1.4172
1381000 1.4172
1382000 1.4172
1383000 1.4172
1384000 1.4172
1385000 1.4172
1386000 1.4172
1387000 1.4172
1388000 1.4172
1389000 1.4172
1390000 1.4172
1391000 1.4172
1392000 1.4172
1393000 1.4172
1394000 1.4172
1395000 1.4172
1396000 1.4172
1397000 1.4172
1398000 1.4172
1399000 1.4172
1400000 1.4172
1401000 1.4172
1402000 1.4172
1403000 1.4172
1404000 1.4172
1405000 1.4172
1406000 1.4172
1407000 1.4172
1408000 1.4172
1409000 1.4172
1410000 1.4172
1411000 1.4172
1412000 1.4172
1413000 1.4172
1414000 1.4172
1415000 1.4172
1416000 1.4172
1417000 1.4172
1418000 1.4172
1419000 1.4172
1420000 1.4172
1421000 1.4172
1422000 1.4172
1423000 1.4172
1424000 1.4172
1425000 1.4172
1426000 1.4172
1427000 1.4172
1428000 1.4172
1429000 1.4172
1430000 1.4172
1431000 1.4172
1432000 1.4172
1433000 1.4172
1434000 1.4172
1435000 1.4172
1436000 1.4172
1437000 1.4172
1438000 1.4172
1439000 1.4172
1440000 1.4172
1441000 1.4172
1442000 1.4172
1443000 1.4172
1444000 1.4172
1445000 1.4172
1446000 1.4172
1447000 1.4172
1448000 1.4172
1449000 1.4172
1450000 1.4172
1451000 1.4172
1452000 1.4172
1453000 1.4172
1454000 1.4172
1455000 1.4172
1456000 1.4172
1457000 1.4172
1458000 1.4172
1459000 1.4172
1460000 1.4172
1461000 1.4172
1462000 1.4172
1463000 1.4172
1464000 1.4172
1465000 1.4172
1466000 1.4172
1467000 1.4172
1468000 1.4172
1469000 1.4172
1470000 1.4172
1471000 1.4172
1472000 1.4172
1473000 1.4172
1474000 1.4172
1475000 1.4172
1476000 1.4172
1477000 1.4172
1478000 1.4172
1479000 1.4172
1480000 1.4172
1481000 1.4172
1482000 1.4172
1483000 1.4172
1484000 1.4172
1485000 1.4172
1486000 1.4172
1487000 1.4172
1488000 1.4172
1489000 1.4172
1490000 1.4172
1491000 1.4172
1492000 1.4172
1493000 1.4172
1494000 1.4172
1495000 1.4172
1496000 1.4172
1497000 1.4172
1498000 1.4172
1499000 1.4172
1500000 1.4172
1501000 1.4172
1502000 1.4172
1503000 1.4172
1504000 1.4172
1505000 1.4172
1506000 1.4172
1507000 1.4172
1508000 1.4172
1509000 1.4172
1510000 1.4172
1511000 1.4172
1512000 1.4172
1513000 1.4172
1514000 1.4172
1515000 1.4172
1516000 1.4172
1517000 1.4172
1518000 1.4172
1519000 1.4172
1520000 1.4172
1521000 1.4172
1522000 1.4172
1523000 1.4172
1524000 1.4172
1525000 1.4172
1526000 1.4172
1527000 1.4172
1528000 1.4172
1529000 1.4172
1530000 1.4172
1531000 1.4172
1532000 1.4172
1533000 1.4172
1534000 1.4172
1535000 1.4172
1536000 1.4172
1537000 1.4172
1538000 1.4172
1539000 1.4172
1540000 1.4172
1541000 1.4172
1542000 1.4172
1543000 1.4172
1544000 1.4172
1545000 1.4172
1546000 1.4172
1547000 1.4172
1548000 1.4172
1549000 1.4172
1550000 1.4172
1551000 1.4172
1552000 1.4172
1553000 1.4172
1554000 1.4172
1555000 1.4172
1556000 1.4172
1557000 1.4172
1558000 1.4172
1559000 1.4172
1560000 1.4172
1561000 1.4172
1562000 1.4172
1563000 1.4172
1564000 1.4172
1565000 1.4172
1566000 1.4172
1567000 1.4172
1568000 1.4172
1569000 1.4172
1570000 1.4172
1571000 1.4172
1572000 1.4172
1573000 1.4172
1574000 1.4172
1575000 1.4172
1576000 1.4172
1577000 1.4172
1578000 1.4172
1579000 1.4172
1580000 1.4172
1581000 1.4172
1582000 1.4172
1583000 1.4172
1584000 1.4172
1585000 1.4172
1586000 1.4172
1587000 1.4172
1588000 1.4172
1589000 1.4172
1590000 1.4172
1591000 1.4172
1592000 1.4172
1593000 1.4172
1594000 1.4172
1595000 1.4172
1596000 1.4172
1597000 1.4172
1598000 1.4172
1599000 1.4172
1600000 1.4172
1601000 1.4172
1602000 1.4172
1603000 1.4172
1604000 1.4172
1605000 1.4172
1606000 1.4172
1607000 1.4172
1608000 1.4172
1609000 1.4172
1610000 1.4172
1611000 1.4172
1612000 1.4172
1613000 1.4172
1614000 1.4172
1615000 1.4172
1616000 1.4172
1617000 1.4172
1618000 1.4172
1619000 1.4172
1620000 1.4172
1621000 1.4172
1622000 1.4172
1623000 1.4172
1624000 1.4172
1625000 1.4172
1626000 1.4172
1627000 1.4172
1628000 1.4172
1629000 1.4172
1630000 1.4172
1631000 1.4172
1632000 1.4172
1633000 1.4172
1634000 1.4172
1635000 1.4172
1636000 1.4172
1637000 1.4172
1638000 1.4172
1639000 1.4172
1640000 1.4172
1641000 1.4172
1642000 1.4172
1643000 1.4172
1644000 1.4172
1645000 1.4172
1646000 1.4172
1647000 1.4172
1648000 1.4172
1649000 1.4172
1650000 1.4172
1651000 1.4172
1652000 1.4172
1653000 1.4172
1654000 1.4172
1655000 1.4172
1656000 1.4172
1657000 1.4172
1658000 1.4172
1659000 1.4172
1660000 1.4172
1661000 1.4172
1662000 1.4172
1663000 1.4172
1664000 1.4172
1665000 1.4172
1666000 1.4172
1667000 1.4172
1668000 1.4172
1669000 1.4172
1670000 1.4172
1671000 1.4172
1672000 1.4172
1673000 1.4172
1674000 1.4172
1675000 1.4172
1676000 1.4172
1677000 1.4172
1678000 1.4172
1679000 1.4172
1680000 1.4172
1681000 1.4172
1682000 1.4172
1683000 1.4172
1684000 1.4172
1685000 1.4172
1686000 1.4172
1687000 1.4172
1688000 1.4172
1689000 1.4172
1690000 1.4172
1691000 1.4172
1692000 1.4172
1693000 1.4172
1694000 1.4172
1695000 1.4172
1696000 1.4172
1697000 1.4172
1698000 1.4172
1699000 1.4172
1700000 1.4172
1701000 1.4172
1702000 1.4172
1703000 1.4172
1704000 1.4172
1705000 1.4172
1706000 1.4172
1707000 1.4172
1708000 1.4172
1709000 1.4172
1710000 1.4172
1711000 1.4172
1712000 1.4172
1713000 1.4172
1714000 1.4172
1715000 1.4172
1716000 1.4172
1717000 1.4172
1718000 1.4172
1719000 1.4172
1720000 1.4172
1721000 1.4172
1722000 1.4172
1723000 1.4172
1724000 1.4172
1725000 1.4172
1726000 1.4172
1727000 1.4172
1728000 1.4172
1729000 1.4172
1730000 1.4172
1731000 1.4172
1732000 1.4172
1733000 1.4172
1734000 1.4172
1735000 1.4172
1736000 1.4172
1737000 1.4172
1738000 1.4172
1739000 1.4172
1740000 1.4172
1741000 1.4172
1742000 1.4172
1743000 1.4172
1744000 1.4172
1745000 1.4172
1746000 1.4172
1747000 1.4172
1748000 1.4172
1749000 1.4172
1750000 1.4172
1751000 1.4172
1752000 1.4172
1753000 1.4172
1754000 1.4172
1755000 1.4172
1756000 1.4172
1757000 1.4172
1758000 1.4172
1759000 1.4172
1760000 1.4172
1761000 1.4172
1762000 1.4172
1763000 1.4172
1764000 1.4172
1765000 1.4172
1766000 1.4172
1767000 1.4172
1768000 1.4172
1769000 1.4172
1770000 1.4172
1771000 1.4172
1772000 1.4172
1773000 1.4172
1774000 1.4172
1775000 1.4172
1776000 1.4172
1777000 1.4172
1778000 1.4172
1779000 1.4172
1780000 1.4172
1781000 1.4172
1782000 1.4172
1783000 1.4172
1784000 1.4172
1785000 1.4172
1786000 1.4172
1787000 1.4172
1788000 1.4172
1789000 1.4172
1790000 1.4172
1791000 1.4172
1792000 1.4172
1793000 1.4172
1794000 1.4172
1795000 1.4172
1796000 1.4172
1797000 1.4172
1798000 1.4172
1799000 1.4172
1800000 1.4172
1801000 1.4172
1802000 1.4172
1803000 1.4172
1804000 1.4172
1805000 1.4172
1806000 1.4172
1807000 1.4172
1808000 1.4172
1809000 1.4172
1810000 1.4172
1811000 1.4172
1812000 1.4172
1813000 1.4172
1814000 1.4172
1815000 1.4172
1816000 1.4172
1817000 1.4172
1818000 1.4172
1819000 1.4172
1820000 1.4172
1821000 1.4172
1822000 1.4172
1823000 1.4172
1824000 1.4172
1825000 1.4172
1826000 1.4172
1827000 1.4172
1828000 1.4172
1829000 1.4172
1830000 1.4172
1831000 1.4172
1832000 1.4172
1833000 1.4172
1834000 1.4172
1835000 1.4172
1836000 1.4172
1837000 1.4172
1838000 1.4172
1839000 1.4172
1840000 1.4172
1841000 1.4172
1842000 1.4172
1843000 1.4172
1844000 1.4172
1845000 1.4172
1846000 1.4172
1847000 1.4172
1848000 1.4172
1849000 1.4172
1850000 1.4172
1851000 1.4172
1852000 1.4172
1853000 1.4172
1854000 1.4172
1855000 1.4172
1856000 1.4172
1857000 1.4172
1858000 1.4172
1859000 1.4172
1860000 1.4172
1861000 1.4172
1862000 1.4172
1863000 1.4172
1864000 1.4172
1865000 1.4172
1866000 1.4172
1867000 1.4172
1868000 1.4172
1869000 1.4172
1870000 1.4172
1871000 1.4172
1872000 1.4172
1873000 1.4172
1874000 1.4172
1875000 1.4172
1876000 1.4172
1877000 1.4172
1878000 1.4172
1879000 1.4172
1880000 1.4172
1881000 1.4172
1882000 1.4172
1883000 1.4172
1884000 1.4172
1885000 1.4172
1886000 1.4172
1887000 1.4172
1888000 1.4172
1889000 1.4172
1890000 1.4172
1891000 1.4172
1892000 1.4172
1893000 1.4172
1894000 1.4172
1895000 1.4172
1896000 1.4172
1897000 1.4172
1898000 1.4172
1899000 1.4172
1900000 1.4172
1901000 1.4172
1902000 1.4172
1903000 1.4172
1904000 1.4172
1905000 1.4172
1906000 1.4172
1907000 1.4172
1908000 1.4172
1909000 1.4172
1910000 1.4172
1911000 1.4172
1912000 1.4172
1913000 1.4172
1914000 1.4172
1915000 1.4172
1916000 1.4172
1917000 1.4172
1918000 1.4172
1919000 1.4172
1920000 1.4172
1921000 1.4172
1922000 1.4172
1923000 1.4172
1924000 1.4172
1925000 1.4172
1926000 1.4172
1927000 1.4172
1928000 1.4172
1929000 1.4172
1930000 1.4172
1931000 1.4172
1932000 1.4172
1933000 1.4172
1934000 1.4172
1935000 1.4172
1936000 1.4172
1937000 1.4172
1938000 1.4172
1939000 1.4172
1940000 1.4172
1941000 1.4172
1942000 1.4172
1943000 1.4172
1944000 1.4172
1945000 1.4172
1946000 1.4172
1947000 1.4172
1948000 1.4172
1949000 1.4172
1950000 1.4172
1951000 1.4172
1952000 1.4172
1953000 1.4172
1954000 1.4172
1955000 1.4172
1956000 1.4172
1957000 1.4172
1958000 1.4172
1959000 1.4172
1960000 1.4172
1961000 1.4172
1962000 1.4172
1963000 1.4172
1964000 1.4172
1965000 1.4172
1966000 1.4172
1967000 1.4172
1968000 1.4172
1969000 1.4172
1970000 1.4172
1971000 1.4172
1972000 1.4172
1973000 1.4172
1974000 1.4172
1975000 1.4172
1976000 1.4172
1977000 1.4172
1978000 1.4172
1979000 1.4172
1980000 1.4172
1981000 1.4172
1982000 1.4172
1983000 1.4172
1984000 1.4172
1985000 1.4172
1986000 1.4172
1987000 1.4172
1988000 1.4172
1989000 1.4172
1990000 1.4172
1991000 1.4172
1992000 1.4172
1993000 1.4172
1994000 1.4172
1995000 1.4172
1996000 1.4172
1997000 1.4172
1998000 1.4172
1999000 1.4172
2000000 1.4172
2001000 1.4172
2002000 1.4172
2003000 1.4172
2004000 1.4172
2005000 1.4172
2006000 1.4172
2007000 1.4172
2008000 1.4172
2009000 1.4172
2010000 1.4172
2011000 1.4172
2012000 1.4172
2013000 1.4172
2014000 1.4172
2015000 1.4172
2016000 1.4172
2017000 1.4172
2018000 1.4172
2019000 1.4172
2020000 1.4172
2021000 1.4172
2022000 1.4172
2023000 1.4172
2024000 1.4172
2025000 1.4172
2026000 1.4172
2027000 1.4172
2028000 1.4172
2029000 1.4172
2030000 1.4172
2031000 1.4172
2032000 1.4172
2033000 1.4172
2034000 1.4172
2035000 1.4172
2036000 1.4172
2037000 1.4172
2038000 1.4172
2039000 1.4172
2040000 1.4172
2041000 1.4172
2042000 1.4172
2043000 1.4172
2044000 1.4172
2045000 1.4172
2046000 1.4172
2047000 1.4172
2048000 1.4172
2049000 1.4172
2050000 1.4172
2051000 1.4172
2052000 1.4172
2053000 1.4172
2054000 1.4172
2055000 1.4172
2056000 1.4172
2057000 1.4172
2058000 1.4172
2059000 1.4172
2060000 1.4172
2061000 1.4172
2062000 1.4172
2063000 1.4172
2064000 1.4172
2065000 1.4172
2066000 1.4172
2067000 1.4172
2068000 1.4172
2069000 1.4172
2070000 1.4172
2071000 1.4172
2072000 1.4172
2073000 1.4172
2074000 1.4172
2075000 1.4172
2076000 1.4172
2077000 1.4172
2078000 1.4172
2079000 1.4172
2080000 1.4172
2081000 1.4172
2082000 1.4172
2083000 1.4172
2084000 1.4172
2085000 1.4172
2086000 1.4172
2087000 1.4172
2088000 1.4172
2089000 1.4172
2090000 1.4172
2091000 1.4172
2092000 1.4172
2093000 1.4172
2094000 1.4172
2095000 1.4172
2096000 1.4172
2097000 1.4172
2098000 1.4172
2099000 1.4172
2100000 1.4172
2101000 1.4172
2102000 1.4172
2103000 1.4172
2104000 1.4172
2105000 1.4172
2106000 1.4172
2107000 1.4172
2108000 1.4172
2109000 1.4172
2110000 1.4172
2111000 1.4172
2112000 1.4172
2113000 1.4172
2114000 1.4172
2115000 1.4172
2116000 1.4172
2117000 1.4172
2118000 1.4172
2119000 1.4172
2120000 1.4172
2121000 1.4172
2122000 1.4172
2123000 1.4172
2124000 1.4172
2125000 1.4172
2126000 1.4172
2127000 1.4172
2128000 1.4172
2129000 1.4172
2130000 1.4172
2131000 1.4172
2132000 1.4172
2133000 1.4172
2134000 1.4172
2135000 1.4172
2136000 1.4172
2137000 1.4172
2138000 1.4172
2139000 1.4172
2140000 1.4172
2141000 1.4172
2142000 1.4172
2143000 1.4172
2144000 1.4172
2145000 1.4172
2146000 1.4172
2147000 1.4172
2148000 1.4172
2149000 1.4172
2150000 1.4172
2151000 1.4172
2152000 1.4172
2153000 1.4172
2154000 1.4172
2155000 1.4172
2156000 1.4172
2157000 1.4172
2158000 1.4172
2159000 1.4172
2160000 1.4172
2161000 1.4172
2162000 1.4172
2163000 1.4172
2164000 1.4172
2165000 1.4172
2166000 1.4172
2167000 1.4172
2168000 1.4172
2169000 1.4172
2170000 1.4172
2171000 1.4172
2172000 1.4172
2173000 1.4172
2174000 1.4172
2175000 1.4172
2176000 1.4172
2177000 1.4172
2178000 1.4172
2179000 1.4172
2180000 1.4172
2181000 1.4172
2182000 1.4172
2183000 1.4172
2184000 1.4172
2185000 1.4172
2186000 1.4172
2187000 1.4172
2188000 1.4172
2189000 1.4172
2190000 1.4172
2191000 1.4172
2192000 1.4172
2193000 1.4172
2194000 1.4172
2195000 1.4172
2196000 1.4172
2197000 1.4172
2198000 1.4172
2199000 1.4172
2200000 1.4172
2201000 1.4172
2202000 1.4172
2203000 1.4172
2204000 1.4172
2205000 1.4172
2206000 1.4172
2207000 1.4172
2208000 1.4172
2209000 1.4172
2210000 1.4172
2211000 1.4172
2212000 1.4172
2213000 1.4172
2214000 1.4172
2215000 1.4172
2216000 1.4172
2217000 1.4172
2218000 1.4172
2219000 1.4172
2220000 1.4172
2221000 1.4172
2222000 1.4172
2223000 1.4172
2224000 1.4172
2225000 1.4172
2226000 1.4172
2227000 1.4172
2228000 1.4172
2229000 1.4172
2230000 1.4172
2231000 1.4172
2232000 1.4172
2233000 1.4172
2234000 1.4172
2235000 1.4172
2236000 1.4172
2237000 1.4172
2238000 1.4172
2239000 1.4172
2240000 1.4172
2241000 1.4172
2242000 1.4172
2243000 1.4172
2244000 1.4172
2245000 1.4172
2246000 1.4172
2247000 1.4172
2248000 1.4172
2249000 1.4172
2250000 1.4172
2251000 1.4172
2252000 1.4172
2253000 1.4172
2254000 1.4172
2255000 1.4172
2256000 1.4172
2257000 1.4172
2258000 1.4172
2259000 1.4172
2260000 1.4172
2261000 1.4172
2262000 1.4172
2263000 1.4172
2264000 1.4172
2265000 1.4172
2266000 1.4172
2267000 1.4172
2268000 1.4172
2269000 1.4172
2270000 1.4172
2271000 1.4172
2272000 1.4172
2273000 1.4172
2274000 1.4172
2275000 1.4172
2276000 1.4172
2277000 1.4172
2278000 1.4172
2279000 1.4172
2280000 1.4172
2281000 1.4172
2282000 1.4172
2283000 1.4172
2284000 1.4172
2285000 1.4172
2286000 1.4172
2287000 1.4172
2288000 1.4172
2289000 1.4172
2290000 1.4172
2291000 1.4172
2292000 1.4172
2293000 1.4172
2294000 1.4172
2295000 1.4172
2296000 1.4172
2297000 1.4172
2298000 1.4172
2299000 1.4172
2300000 1.4172
2301000 1.4172
2302000 1.4172
2303000 1.4172
2304000 1.4172
2305000 1.4172
2306000 1.4172
2307000 1.4172
2308000 1.4172
2309000 1.4172
2310000 1.4172
2311000 1.4172
2312000 1.4172
2313000 1.4172
2314000 1.4172
2315000 1.4172
2316000 1.4172
2317000 1.4172
2318000 1.4172
2319000 1.4172
2320000 1.4172
2321000 1.4172
2322000 1.4172
2323000 1.4172
2324000 1.4172
2325000 1.4172
2326000 1.4172
2327000 1.4172
2328000 1.4172
2329000 1.4172
2330000 1.4172
2331000 1.4172
2332000 1.4172
2333000 1.4172
2334000 1.4172
2335000 1.4172
2336000 1.4172
2337000 1.4172
2338000 1.4172
2339000 1.4172
2340000 1.4172
2341000 1.4172
2342000 1.4172
2343000 1.4172
2344000 1.4172
2345000 1.4172
2346000 1.4172
2347000 1.4172
2348000 1.4172
2349000 1.4172
2350000 1.4172
2351000 1.4172
2352000 1.4172
2353000 1.4172
2354000 1.4172
2355000 1.4172
2356000 1.4172
2357000 1.4172
2358000 1.4172
2359000 1.4172
2360000 1.4172
2361000 1.4172
2362000 1.4172
2363000 1.4172
2364000 1.4172
2365000 1.4172
2366000 1.4172
2367000 1.4172
2368000 1.4172
2369000 1.4172
2370000 1.4172
2371000 1.4172
2372000 1.4172
2373000 1.4172
2374000 1.4172
2375000 1.4172
2376000 1.4172
2377000 1.4172
2378000 1.4172
2379000 1.4172
2380000 1.4172
2381000 1.4172
2382000 1.4172
2383000 1.4172
2384000 1.4172
2385000 1.4172
2386000 1.4172
2387000 1.4172
2388000 1.4172
2389000 1.4172
2390000 1.4172
2391000 1.4172
2392000 1.4172
2393000 1.4172
2394000 1.4172
2395000 1.4172
2396000 1.4172
2397000 1.4172
2398000 1.4172
2399000 1.4172
2400000 1.4172
2401000 1.4172
2402000 1.4172
2403000 1.4172
2404000 1.4172
2405000 1.4172
2406000 1.4172
2407000 1.4172
2408000 1.4172
2409000 1.4172
2410000 1.4172
2411000 1.4172
2412000 1.4172
2413000 1.4172
2414000 1.4172
2415000 1.4172
2416000 1.4172
2417000 1.4172
2418000 1.4172
2419000 1.4172
2420000 1.4172
2421000 1.4172
2422000 1.4172
2423000 1.4172
2424000 1.4172
2425000 1.4172
2426000 1.4172
2427000 1.4172
2428000 1.4172
2429000 1.4172
2430000 1.4172
2431000 1.4172
2432000 1.4172
2433000 1.4172
2434000 1.4172
2435000 1.4172
2436000 1.4172
2437000 1.4172
2438000 1.4172
2439000 1.4172
2440000 1.4172
2441000 1.4172
2442000 1.4172
2443000 1.4172
2444000 1.4172
2445000 1.4172
2446000 1.4172
2447000 1.4172
2448000 1.4172
2449000 1.4172
2450000 1.4172
2451000 1.4172
2452000 1.4172
2453000 1.4172
2454000 1.4172
2455000 1.4172
2456000 1.4172
2457000 1.4172
2458000 1.4172
2459000 1.4172
2460000 1.4172
2461000 1.4172
2462000 1.4172
2463000 1.4172
2464000 1.4172
2465000 1.4172
2466000 1.4172
2467000 1.4172
2468000 1.4172
2469000 1.4172
2470000 1.4172
2471000 1.4172
2472000 1.4172
2473000 1.4172
2474000 1.4172
2475000 1.4172
2476000 1.4172
2477000 1.4172
2478000 1.4172
2479000 1.4172
2480000 1.4172
2481000 1.4172
2482000 1.4172
2483000 1.4172
2484000 1.4172
2485000 1.4172
2486000 1.4172
2487000 1.4172
2488000 1.4172
2489000 1.4172
2490000 1.4172
2491000 1.4172
2492000 1.4172
2493000 1.4172
2494000 1.4172
2495000 1.4172
2496000 1.4172
2497000 1.4172
2498000 1.4172
2499000 1.4172
2500000 1.4172
2501000 1.4172
2502000 1.4172
