# Time-averaged data for fix myat3
# TimeStep c_press
3000 311.532
4000 194.092
5000 229.316
6000 283.637
7000 233.121
8000 215.641
9000 139.189
10000 208.185
11000 339.415
12000 327.8
13000 321.765
14000 209.476
15000 182.111
16000 294.266
17000 240.614
18000 268.136
19000 316.984
20000 167.555
21000 36.1579
22000 204.912
23000 159.234
24000 338.881
25000 119.925
26000 307.301
27000 311.575
28000 288.462
29000 260.663
30000 192.618
31000 79.7326
32000 279.73
33000 332.992
34000 242.425
35000 213.058
36000 376.367
37000 213.561
38000 30.7861
39000 301.909
40000 153.579
41000 204.266
42000 207.887
43000 300.621
44000 228.847
45000 250.249
46000 442.964
47000 374.243
48000 208.955
49000 337.751
50000 205.048
51000 151.346
52000 351.219
53000 252.954
54000 397.282
55000 457.253
56000 322.056
57000 269.346
58000 194.478
59000 382.127
60000 280.267
61000 418.97
62000 281.586
63000 319.502
64000 332.673
65000 431.414
66000 359.74
67000 290.605
68000 258.922
69000 383.948
70000 408.751
71000 415.013
72000 311.348
73000 376.838
74000 331.069
75000 330.599
76000 351.075
77000 540.601
78000 307.133
79000 139.853
80000 491.345
81000 353.301
82000 419.115
83000 333.639
84000 413.378
85000 374.787
86000 564.621
87000 636.914
88000 377.309
89000 391.035
90000 560.498
91000 378.112
92000 366.309
93000 396.602
94000 462.029
95000 426.445
96000 275.167
97000 319.539
98000 517.147
99000 427.839
100000 532.214
101000 344.736
102000 452.959
103000 406.867
104000 489.027
105000 383.754
106000 425.131
107000 596.944
108000 514.068
109000 470.157
110000 461.994
111000 467.363
112000 419.604
113000 471.623
114000 545.733
115000 454.673
116000 504.765
117000 348.546
118000 463.126
119000 446.175
120000 375.898
121000 599.08
122000 567.01
123000 375.008
124000 527.201
125000 340.034
126000 376.366
127000 375.788
128000 369.398
129000 470.336
130000 422.325
131000 422.297
132000 572.268
133000 568.309
134000 450.213
135000 425.836
136000 217.843
137000 99.08
138000 507.639
139000 391.956
140000 410.152
141000 595.995
142000 579.403
143000 393.177
144000 300.134
145000 403.331
146000 385.728
147000 369.37
148000 423.682
149000 464.13
150000 383.957
151000 360.898
152000 212.27
153000 357.437
154000 184.767
155000 398.126
156000 284.478
157000 455.341
158000 443.109
159000 448.647
160000 403.089
161000 344.266
162000 416.764
163000 465.048
164000 528.418
165000 496.182
166000 470.296
167000 502.927
168000 357.643
169000 537.59
170000 347.175
171000 465.499
172000 533.935
173000 474.447
174000 474.212
175000 369.081
176000 318.541
177000 277.878
178000 522.753
179000 672.341
180000 464.239
181000 329.284
182000 387.377
183000 398.221
184000 416.514
185000 482.839
186000 337.1
187000 304.162
188000 548.779
189000 452.559
190000 409.218
191000 577.465
192000 550.836
193000 461.437
194000 430.176
195000 575.339
196000 683.339
197000 347.007
198000 565.128
199000 448.571
200000 399.435
201000 327.692
202000 422.316
203000 409.658
204000 489.64
205000 487.816
206000 379.656
207000 257.546
208000 369.808
209000 333.845
210000 364.588
211000 446.689
212000 341.965
213000 493.899
214000 562.309
215000 522.799
216000 626.454
217000 432.767
218000 611.686
219000 421.714
220000 462.564
221000 390.166
222000 466.008
223000 324.285
224000 330.081
225000 393.766
226000 437.927
227000 503.742
228000 507.741
229000 515.671
230000 479.49
231000 498.736
232000 507.733
233000 647.018
234000 458.723
235000 316.703
236000 430.863
237000 575.945
238000 535.957
239000 420.483
240000 604.194
241000 481.691
242000 433.697
243000 566.375
244000 384.557
245000 343.588
246000 318.095
247000 362.39
248000 218.559
249000 185.885
250000 346.919
251000 448.066
252000 515.865
253000 564.753
254000 436.855
255000 587.882
256000 477.695
257000 688.707
258000 427.452
259000 554.813
260000 560.735
261000 482.671
262000 551.241
263000 457.001
264000 445.984
265000 472.48
266000 457.016
267000 328.683
268000 471.056
269000 408.719
270000 500.599
271000 364.642
272000 349.454
273000 725.773
274000 397.46
275000 577.471
276000 427.602
277000 340.883
278000 645.604
279000 571.953
280000 434.685
281000 432.998
282000 425.456
283000 189.87
284000 608.776
285000 609.756
286000 651.731
287000 367.306
288000 554.973
289000 435.27
290000 483.148
291000 556.805
292000 507.021
293000 584.354
294000 500.925
295000 434.735
296000 410.648
297000 551.622
298000 403.621
299000 593.898
300000 208.942
301000 437.005
302000 435.806
303000 532.131
304000 611.423
305000 350.714
306000 685.272
307000 419.196
308000 319.436
309000 317.614
310000 626.436
311000 630.346
312000 680.027
313000 527.533
314000 545.003
315000 579.078
316000 625.172
317000 469.124
318000 590.344
319000 453.062
320000 523.237
321000 365.082
322000 518.547
323000 402.79
324000 624.504
325000 471.91
326000 527.026
327000 429.04
328000 304.139
329000 461.9
330000 349.546
331000 417.17
332000 579.386
333000 418.284
334000 517.794
335000 286.482
336000 503.346
337000 543.154
338000 573.318
339000 465.483
340000 635.64
341000 758.952
342000 436.651
343000 624.122
344000 584.629
345000 507.378
346000 707.545
347000 436.956
348000 465.026
349000 393.017
350000 524.314
351000 514.265
352000 570.124
353000 620.892
354000 754.545
355000 749.351
356000 622.583
357000 554.646
358000 483.852
359000 421.746
360000 697.826
361000 757.62
362000 501.095
363000 509.434
364000 519.717
365000 595.259
366000 580.543
367000 402.225
368000 768.426
369000 726.942
370000 565.866
371000 841.943
372000 714.721
373000 694.273
374000 627.007
375000 692.939
376000 837.714
377000 627.492
378000 688.77
379000 794.887
380000 626.754
381000 630.568
382000 625.169
383000 638.756
384000 871.01
385000 748.068
386000 655.823
387000 647.082
388000 773.118
389000 800.815
390000 595.821
391000 779.624
392000 809.668
393000 739.958
394000 724.417
395000 765.84
396000 724.068
397000 793.524
398000 632.586
399000 586.54
400000 664.371
401000 527.811
402000 742.567
403000 694.209
404000 899.135
405000 722.757
406000 682.221
407000 735.831
408000 761.525
409000 652.234
410000 767.877
411000 802.463
412000 759.956
413000 666.503
414000 713.243
415000 830.573
416000 618.64
417000 470.654
418000 487.99
419000 646.77
420000 716.496
421000 660.208
422000 621.896
423000 763.647
424000 808.276
425000 581.31
426000 696.565
427000 660.371
428000 578.833
429000 600.541
430000 749.364
431000 605.869
432000 578.216
433000 756.003
434000 610.314
435000 724.454
436000 700.166
437000 432.077
438000 504.842
439000 546.738
440000 650.116
441000 561.97
442000 600.598
443000 702.44
444000 615.394
445000 746.536
446000 571.051
447000 856.466
448000 629.823
449000 650.403
450000 658.658
451000 797.972
452000 895.915
453000 795.944
454000 760.256
455000 720.054
456000 721.83
457000 632.556
458000 963.61
459000 800.623
460000 735.002
461000 789.92
462000 687.305
463000 654.537
464000 594.664
465000 632.739
466000 509.504
467000 812.701
468000 639.173
469000 754.24
470000 417.655
471000 697.51
472000 553.311
473000 561.762
474000 686.531
475000 664.19
476000 412.391
477000 588.732
478000 451.748
479000 515.724
480000 563.614
481000 804.361
482000 616.709
483000 614.783
484000 696.572
485000 519.966
486000 648.7
487000 502.232
488000 804.266
489000 836.301
490000 574.027
491000 619.357
492000 476.266
493000 882.952
494000 620.414
495000 801.024
496000 860.985
497000 804.401
498000 697.091
499000 670.373
500000 598.401
501000 586.937
502000 605.786
503000 700.436
504000 860.733
505000 742.458
506000 574.49
507000 677.999
508000 620.494
509000 688.171
510000 484.5
511000 634.837
512000 582.832
513000 762.107
514000 817.312
515000 580.667
516000 521.464
517000 624.997
518000 672.716
519000 657.767
520000 796.307
521000 806.724
522000 704.982
523000 702.601
524000 736.728
525000 499.798
526000 521.529
527000 641.651
528000 856.431
529000 499.81
530000 630.727
531000 618.982
532000 628.413
533000 641.402
534000 694.278
535000 511.679
536000 708.194
537000 740.876
538000 688.648
539000 603.412
540000 694.714
541000 527.951
542000 761.825
543000 695.692
544000 668.692
545000 458.647
546000 708.796
547000 702.332
548000 565.784
549000 485.658
550000 631.319
551000 544.448
552000 698.788
553000 687.308
554000 809.588
555000 528.384
556000 553.71
557000 634.579
558000 812.546
559000 626.393
560000 760.78
561000 764.809
562000 674.695
563000 641.948
564000 685.968
565000 535.331
566000 687.612
567000 733.522
568000 745.033
569000 763.939
570000 765.134
571000 658.633
572000 709.079
573000 531.592
574000 551.324
575000 441.263
576000 791.587
577000 750.384
578000 825.264
579000 846.899
580000 695.4
581000 570.739
582000 673.422
583000 561.085
584000 540.273
585000 397.565
586000 729.433
587000 772.629
588000 491.056
589000 663.348
590000 472.035
591000 672.395
592000 701.669
593000 731.612
594000 745.812
595000 763.038
596000 642.04
597000 835.616
598000 564.73
599000 660.1
600000 939.447
601000 567.76
602000 486.025
603000 752.214
604000 829.053
605000 880.062
606000 653.198
607000 741.77
608000 625.76
609000 670.25
610000 630.568
611000 623.089
612000 576.876
613000 447.84
614000 674.451
615000 821.739
616000 718.927
617000 793.508
618000 892.012
619000 620.753
620000 980.863
621000 819.949
622000 825.009
623000 642.337
624000 778.869
625000 755.107
626000 982.281
627000 848.114
628000 531.341
629000 908.434
630000 772.787
631000 765.69
632000 627.083
633000 723.599
634000 648.207
635000 803.176
636000 504.701
637000 761.561
638000 786.698
639000 600.019
640000 581.856
641000 850.726
642000 509.789
643000 638.947
644000 637.93
645000 779.939
646000 1029.7
647000 597.754
648000 783.648
649000 799.029
650000 671.258
651000 770.605
652000 791.093
653000 789.057
654000 772.837
655000 794.129
656000 894.39
657000 814.954
658000 796.875
659000 1017.85
660000 853.375
661000 699.712
662000 709.856
663000 628.278
664000 553.885
665000 539.317
666000 838.658
667000 712.205
668000 783.958
669000 643.315
670000 768.606
671000 711.029
672000 840.658
673000 506.602
674000 497.885
675000 755.005
676000 784.444
677000 671.993
678000 631.889
679000 624.973
680000 866.012
681000 684.47
682000 642.522
683000 725.325
684000 870.325
685000 670.149
686000 695.259
687000 796.524
688000 817.134
689000 697.016
690000 661.045
691000 480.387
692000 804.762
693000 690.705
694000 766.542
695000 543.482
696000 626.694
697000 754.727
698000 614.654
699000 713.135
700000 746.589
701000 777.903
702000 550.024
703000 670.261
704000 744.837
705000 771.875
706000 705.326
707000 406.67
708000 640.944
709000 814.604
710000 700.144
711000 657.747
712000 703.83
713000 722.785
714000 757.026
715000 863.989
716000 618.489
717000 697.372
718000 619.799
719000 615.901
720000 574.329
721000 784.313
722000 547.677
723000 698.506
724000 705.919
725000 552.771
726000 693.287
727000 638.638
728000 770.652
729000 658.886
730000 820.15
731000 668.879
732000 466.093
733000 732.888
734000 625.311
735000 743.52
736000 474.7
737000 775.545
738000 597.14
739000 636.729
740000 836.058
741000 623.237
742000 886.478
743000 883.168
744000 677.589
745000 809.008
746000 798.807
747000 675.349
748000 740.173
749000 728.363
750000 646.273
751000 623.886
752000 600.146
753000 626.123
754000 675.574
755000 723.383
756000 565.919
757000 505.914
758000 491.899
759000 826.643
760000 715.512
761000 495.682
762000 596.235
763000 745.814
764000 548.734
765000 565.439
766000 663.323
767000 734.902
768000 725.749
769000 666.801
770000 692.491
771000 634.656
772000 666.8
773000 600.97
774000 588.901
775000 482.13
776000 735.708
777000 723.812
778000 842.12
779000 684.165
780000 978.031
781000 759.008
782000 831.95
783000 627.657
784000 791.118
785000 573.491
786000 716.538
787000 970.332
788000 763.098
789000 626.362
790000 834.733
791000 748.279
792000 750.133
793000 564.823
794000 692.705
795000 772.661
796000 700.869
797000 745.124
798000 690.252
799000 665.838
800000 713.139
801000 698.988
802000 727.74
803000 732.096
804000 762.95
805000 715.45
806000 781.886
807000 860.66
808000 687.413
809000 651.044
810000 671.548
811000 508.903
812000 530.487
813000 623.676
814000 765.537
815000 785.969
816000 797.081
817000 646.175
818000 673.637
819000 741.218
820000 693.558
821000 625.604
822000 841.956
823000 834.786
824000 642.043
825000 805.114
826000 707.393
827000 782.731
828000 702.921
829000 641.891
830000 691.738
831000 649.865
832000 736.235
833000 687.817
834000 638.101
835000 738.874
836000 582.374
837000 594.123
838000 646.787
839000 798.55
840000 627.328
841000 812.384
842000 561.374
843000 602.272
844000 774.451
845000 549.453
846000 723.472
847000 634.466
848000 551.218
849000 680.689
850000 656.315
851000 807.794
852000 790.852
853000 495.227
854000 835.583
855000 675.316
856000 729.642
857000 545.165
858000 813.883
859000 582.655
860000 798.051
861000 716.793
862000 702.339
863000 697.006
864000 440.755
865000 958.756
866000 692.656
867000 878.489
868000 635.866
869000 688.071
870000 745.733
871000 743.517
872000 789.344
873000 782.797
874000 821.607
875000 603.035
876000 587.634
877000 715.187
878000 636.044
879000 734.564
880000 806.327
881000 666.779
882000 539.373
883000 723.964
884000 683.883
885000 744.174
886000 733.306
887000 630.599
888000 683.507
889000 680.254
890000 794.382
891000 520.855
892000 991.016
893000 631.415
894000 771.348
895000 779.688
896000 662.085
897000 822.678
898000 801.48
899000 840.347
900000 927.786
901000 672.523
902000 672.831
903000 734.181
904000 754.689
905000 825.213
906000 705.33
907000 786.882
908000 702.436
909000 641.341
910000 787.29
911000 667.214
912000 957.327
913000 706.797
914000 784.651
915000 597.156
916000 603.258
917000 745.112
918000 845.278
919000 736.741
920000 747.894
921000 798.658
922000 638.343
923000 880.125
924000 751.833
925000 726.338
926000 864.666
927000 721.668
928000 735.376
929000 721.392
930000 781.544
931000 778.388
932000 653.387
933000 697.741
934000 804.71
935000 880.146
936000 539.633
937000 739.661
938000 1079.23
939000 958.29
940000 786.004
941000 776.402
942000 759.867
943000 631.642
944000 792.205
945000 858.828
946000 902.772
947000 650.701
948000 650.527
949000 733.191
950000 700.206
951000 699.458
952000 603.003
953000 875.742
954000 669.136
955000 783.998
956000 835.458
957000 643.002
958000 669.13
959000 666.747
960000 771.645
961000 752.659
962000 765.977
963000 717.559
964000 575.371
965000 662.652
966000 612.268
967000 724.063
968000 632.142
969000 577.762
970000 802.185
971000 888.855
972000 913.45
973000 631.768
974000 836.444
975000 812.413
976000 638.778
977000 634.225
978000 849.517
979000 645.497
980000 351.201
981000 618.372
982000 762.429
983000 867.101
984000 860.899
985000 877.601
986000 617.386
987000 637.687
988000 585.925
989000 657.778
990000 589.884
991000 515.728
992000 547.831
993000 617.719
994000 512.637
995000 574.277
996000 662.419
997000 630.943
998000 532.684
999000 597.899
1000000 586.316
1001000 586.021
1002000 692.708
