0.000000000000000000e+00 0.000000000000000000e+00
1.000000000000000000e+00 3.073727820038810732e-01
2.000000000000000000e+00 3.488681075744050619e-01
3.000000000000000000e+00 3.626998827645797618e-01
4.000000000000000000e+00 3.657736105846185470e-01
5.000000000000000000e+00 3.703842023146767803e-01
6.000000000000000000e+00 3.749947940447349581e-01
7.000000000000000000e+00 3.749947940447349581e-01
8.000000000000000000e+00 3.780685218647737988e-01
9.000000000000000000e+00 3.734579301347155655e-01
1.000000000000000000e+01 3.780685218647737988e-01
1.100000000000000000e+01 3.796053857747931359e-01
1.200000000000000000e+01 3.811422496848125840e-01
1.300000000000000000e+01 3.872897053248902099e-01
1.400000000000000000e+01 3.857528414148708173e-01
1.500000000000000000e+01 3.919002970549484433e-01
1.600000000000000000e+01 3.888265692349096025e-01
1.700000000000000000e+01 3.903634331449290507e-01
1.800000000000000000e+01 3.903634331449290507e-01
1.900000000000000000e+01 3.965108887850066766e-01
2.000000000000000000e+01 3.980477526950260692e-01
2.100000000000000000e+01 3.934371609649678359e-01
2.200000000000000000e+01 3.980477526950260692e-01
2.300000000000000000e+01 3.995846166050454618e-01
2.400000000000000000e+01 4.041952083351036951e-01
2.500000000000000000e+01 4.057320722451230877e-01
2.600000000000000000e+01 4.041952083351036951e-01
2.700000000000000000e+01 4.011214805150648544e-01
2.800000000000000000e+01 4.041952083351036951e-01
2.900000000000000000e+01 4.026583444250842470e-01
3.000000000000000000e+01 4.026583444250842470e-01
3.100000000000000000e+01 4.026583444250842470e-01
3.200000000000000000e+01 4.026583444250842470e-01
3.300000000000000000e+01 4.026583444250842470e-01
3.400000000000000000e+01 4.011214805150648544e-01
3.500000000000000000e+01 4.026583444250842470e-01
3.600000000000000000e+01 4.041952083351036951e-01
3.700000000000000000e+01 4.072689361551425358e-01
3.800000000000000000e+01 4.057320722451230877e-01
3.900000000000000000e+01 4.088058000651619284e-01
4.000000000000000000e+01 4.118795278852007136e-01
4.100000000000000000e+01 4.103426639751812655e-01
4.200000000000000000e+01 4.118795278852007136e-01
4.300000000000000000e+01 4.118795278852007136e-01
4.400000000000000000e+01 4.180269835252783950e-01
4.500000000000000000e+01 4.149532557052394988e-01
4.600000000000000000e+01 4.195638474352977321e-01
4.700000000000000000e+01 4.257113030753753580e-01
4.800000000000000000e+01 4.303218948054335913e-01
4.900000000000000000e+01 4.318587587154529839e-01
5.000000000000000000e+01 4.287850308954141987e-01
5.100000000000000000e+01 4.226375752553365728e-01
5.200000000000000000e+01 4.211007113453171247e-01
5.300000000000000000e+01 4.211007113453171247e-01
5.400000000000000000e+01 4.195638474352977321e-01
5.500000000000000000e+01 4.211007113453171247e-01
5.600000000000000000e+01 4.180269835252783950e-01
5.700000000000000000e+01 4.226375752553365728e-01
5.800000000000000000e+01 4.195638474352977321e-01
5.900000000000000000e+01 4.257113030753753580e-01
6.000000000000000000e+01 4.226375752553365728e-01
6.100000000000000000e+01 4.272481669853948061e-01
6.200000000000000000e+01 4.241744391653560209e-01
6.300000000000000000e+01 4.226375752553365728e-01
6.400000000000000000e+01 4.272481669853948061e-01
6.500000000000000000e+01 4.318587587154529839e-01
6.600000000000000000e+01 4.318587587154529839e-01
6.700000000000000000e+01 4.318587587154529839e-01
6.800000000000000000e+01 4.287850308954141987e-01
6.900000000000000000e+01 4.257113030753753580e-01
7.000000000000000000e+01 4.333956226254724320e-01
7.100000000000000000e+01 4.333956226254724320e-01
7.200000000000000000e+01 4.395430782655500579e-01
7.300000000000000000e+01 4.380062143555306653e-01
7.400000000000000000e+01 4.410799421755694505e-01
7.500000000000000000e+01 4.410799421755694505e-01
7.600000000000000000e+01 4.364693504455112172e-01
7.700000000000000000e+01 4.380062143555306653e-01
7.800000000000000000e+01 4.380062143555306653e-01
7.900000000000000000e+01 4.349324865354917136e-01
8.000000000000000000e+01 4.349324865354917136e-01
8.100000000000000000e+01 4.364693504455112172e-01
8.200000000000000000e+01 4.333956226254724320e-01
8.300000000000000000e+01 4.303218948054335913e-01
8.400000000000000000e+01 4.333956226254724320e-01
8.500000000000000000e+01 4.318587587154529839e-01
8.600000000000000000e+01 4.333956226254724320e-01
8.700000000000000000e+01 4.395430782655500579e-01
8.800000000000000000e+01 4.410799421755694505e-01
8.900000000000000000e+01 4.333956226254724320e-01
9.000000000000000000e+01 4.333956226254724320e-01
9.100000000000000000e+01 4.349324865354917136e-01
9.200000000000000000e+01 4.380062143555306653e-01
9.300000000000000000e+01 4.364693504455112172e-01
9.400000000000000000e+01 4.410799421755694505e-01
9.500000000000000000e+01 4.426168060855887876e-01
9.600000000000000000e+01 4.380062143555306653e-01
9.700000000000000000e+01 4.318587587154529839e-01
9.800000000000000000e+01 4.333956226254724320e-01
9.900000000000000000e+01 4.395430782655500579e-01
1.000000000000000000e+02 4.456905339056276283e-01
1.010000000000000000e+02 4.456905339056276283e-01
1.020000000000000000e+02 4.456905339056276283e-01
1.030000000000000000e+02 4.426168060855887876e-01
1.040000000000000000e+02 4.410799421755694505e-01
1.050000000000000000e+02 4.441536699956082912e-01
1.060000000000000000e+02 4.456905339056276283e-01
1.070000000000000000e+02 4.472273978156470764e-01
1.080000000000000000e+02 4.441536699956082912e-01
1.090000000000000000e+02 4.426168060855887876e-01
1.100000000000000000e+02 4.456905339056276283e-01
1.110000000000000000e+02 4.410799421755694505e-01
1.120000000000000000e+02 4.410799421755694505e-01
1.130000000000000000e+02 4.441536699956082912e-01
1.140000000000000000e+02 4.395430782655500579e-01
1.150000000000000000e+02 4.318587587154529839e-01
1.160000000000000000e+02 4.333956226254724320e-01
1.170000000000000000e+02 4.303218948054335913e-01
1.180000000000000000e+02 4.318587587154529839e-01
1.190000000000000000e+02 4.349324865354917136e-01
1.200000000000000000e+02 4.364693504455112172e-01
1.210000000000000000e+02 4.364693504455112172e-01
1.220000000000000000e+02 4.410799421755694505e-01
1.230000000000000000e+02 4.456905339056276283e-01
1.240000000000000000e+02 4.441536699956082912e-01
1.250000000000000000e+02 4.410799421755694505e-01
1.260000000000000000e+02 4.410799421755694505e-01
1.270000000000000000e+02 4.395430782655500579e-01
1.280000000000000000e+02 4.410799421755694505e-01
1.290000000000000000e+02 4.395430782655500579e-01
1.300000000000000000e+02 4.395430782655500579e-01
1.310000000000000000e+02 4.318587587154529839e-01
1.320000000000000000e+02 4.318587587154529839e-01
1.330000000000000000e+02 4.395430782655500579e-01
1.340000000000000000e+02 4.364693504455112172e-01
1.350000000000000000e+02 4.410799421755694505e-01
1.360000000000000000e+02 4.426168060855887876e-01
1.370000000000000000e+02 4.441536699956082912e-01
1.380000000000000000e+02 4.426168060855887876e-01
1.390000000000000000e+02 4.456905339056276283e-01
1.400000000000000000e+02 4.380062143555306653e-01
1.410000000000000000e+02 4.410799421755694505e-01
1.420000000000000000e+02 4.380062143555306653e-01
1.430000000000000000e+02 4.410799421755694505e-01
1.440000000000000000e+02 4.441536699956082912e-01
1.450000000000000000e+02 4.380062143555306653e-01
1.460000000000000000e+02 4.364693504455112172e-01
1.470000000000000000e+02 4.349324865354917136e-01
1.480000000000000000e+02 4.395430782655500579e-01
1.490000000000000000e+02 4.333956226254724320e-01
1.500000000000000000e+02 4.349324865354917136e-01
1.510000000000000000e+02 4.333956226254724320e-01
1.520000000000000000e+02 4.410799421755694505e-01
1.530000000000000000e+02 4.395430782655500579e-01
1.540000000000000000e+02 4.380062143555306653e-01
1.550000000000000000e+02 4.410799421755694505e-01
1.560000000000000000e+02 4.410799421755694505e-01
1.570000000000000000e+02 4.456905339056276283e-01
1.580000000000000000e+02 4.349324865354917136e-01
1.590000000000000000e+02 4.395430782655500579e-01
1.600000000000000000e+02 4.395430782655500579e-01
1.610000000000000000e+02 4.410799421755694505e-01
1.620000000000000000e+02 4.364693504455112172e-01
1.630000000000000000e+02 4.380062143555306653e-01
1.640000000000000000e+02 4.395430782655500579e-01
1.650000000000000000e+02 4.380062143555306653e-01
1.660000000000000000e+02 4.349324865354917136e-01
1.670000000000000000e+02 4.395430782655500579e-01
1.680000000000000000e+02 4.349324865354917136e-01
1.690000000000000000e+02 4.380062143555306653e-01
1.700000000000000000e+02 4.456905339056276283e-01
1.710000000000000000e+02 4.472273978156470764e-01
1.720000000000000000e+02 4.518379895457052542e-01
1.730000000000000000e+02 4.503011256356857506e-01
1.740000000000000000e+02 4.549117173657440394e-01
1.750000000000000000e+02 4.518379895457052542e-01
1.760000000000000000e+02 4.503011256356857506e-01
1.770000000000000000e+02 4.487642617256665245e-01
1.780000000000000000e+02 4.487642617256665245e-01
1.790000000000000000e+02 4.472273978156470764e-01
1.800000000000000000e+02 4.441536699956082912e-01
1.810000000000000000e+02 4.395430782655500579e-01
1.820000000000000000e+02 4.410799421755694505e-01
1.830000000000000000e+02 4.395430782655500579e-01
1.840000000000000000e+02 4.456905339056276283e-01
1.850000000000000000e+02 4.456905339056276283e-01
1.860000000000000000e+02 4.456905339056276283e-01
1.870000000000000000e+02 4.487642617256665245e-01
1.880000000000000000e+02 4.456905339056276283e-01
1.890000000000000000e+02 4.426168060855887876e-01
1.900000000000000000e+02 4.426168060855887876e-01
1.910000000000000000e+02 4.487642617256665245e-01
1.920000000000000000e+02 4.426168060855887876e-01
1.930000000000000000e+02 4.456905339056276283e-01
1.940000000000000000e+02 4.441536699956082912e-01
1.950000000000000000e+02 4.472273978156470764e-01
1.960000000000000000e+02 4.441536699956082912e-01
1.970000000000000000e+02 4.503011256356857506e-01
1.980000000000000000e+02 4.456905339056276283e-01
1.990000000000000000e+02 4.503011256356857506e-01
2.000000000000000000e+02 4.503011256356857506e-01
2.010000000000000000e+02 4.503011256356857506e-01
2.020000000000000000e+02 4.503011256356857506e-01
2.030000000000000000e+02 4.549117173657440394e-01
2.040000000000000000e+02 4.549117173657440394e-01
2.050000000000000000e+02 4.564485812757634875e-01
2.060000000000000000e+02 4.549117173657440394e-01
2.070000000000000000e+02 4.533748534557247023e-01
2.080000000000000000e+02 4.533748534557247023e-01
2.090000000000000000e+02 4.456905339056276283e-01
2.100000000000000000e+02 4.518379895457052542e-01
2.110000000000000000e+02 4.503011256356857506e-01
2.120000000000000000e+02 4.518379895457052542e-01
2.130000000000000000e+02 4.518379895457052542e-01
2.140000000000000000e+02 4.472273978156470764e-01
2.150000000000000000e+02 4.503011256356857506e-01
2.160000000000000000e+02 4.472273978156470764e-01
2.170000000000000000e+02 4.518379895457052542e-01
2.180000000000000000e+02 4.487642617256665245e-01
2.190000000000000000e+02 4.487642617256665245e-01
2.200000000000000000e+02 4.487642617256665245e-01
2.210000000000000000e+02 4.472273978156470764e-01
2.220000000000000000e+02 4.472273978156470764e-01
2.230000000000000000e+02 4.472273978156470764e-01
2.240000000000000000e+02 4.441536699956082912e-01
2.250000000000000000e+02 4.456905339056276283e-01
2.260000000000000000e+02 4.472273978156470764e-01
2.270000000000000000e+02 4.426168060855887876e-01
2.280000000000000000e+02 4.410799421755694505e-01
2.290000000000000000e+02 4.380062143555306653e-01
2.300000000000000000e+02 4.395430782655500579e-01
2.310000000000000000e+02 4.410799421755694505e-01
2.320000000000000000e+02 4.441536699956082912e-01
2.330000000000000000e+02 4.472273978156470764e-01
2.340000000000000000e+02 4.426168060855887876e-01
2.350000000000000000e+02 4.472273978156470764e-01
2.360000000000000000e+02 4.456905339056276283e-01
2.370000000000000000e+02 4.426168060855887876e-01
2.380000000000000000e+02 4.410799421755694505e-01
2.390000000000000000e+02 4.441536699956082912e-01
2.400000000000000000e+02 4.426168060855887876e-01
2.410000000000000000e+02 4.426168060855887876e-01
2.420000000000000000e+02 4.441536699956082912e-01
2.430000000000000000e+02 4.487642617256665245e-01
2.440000000000000000e+02 4.472273978156470764e-01
2.450000000000000000e+02 4.456905339056276283e-01
2.460000000000000000e+02 4.441536699956082912e-01
2.470000000000000000e+02 4.456905339056276283e-01
2.480000000000000000e+02 4.503011256356857506e-01
2.490000000000000000e+02 4.472273978156470764e-01
2.500000000000000000e+02 4.410799421755694505e-01
