0.000000000000000000e+00 0.000000000000000000e+00
1.000000000000000000e+00 1.556694464048488668e-04
2.000000000000000000e+00 1.037796309365659157e-04
3.000000000000000000e+00 2.075592618731318315e-04
4.000000000000000000e+00 5.188981546828295787e-05
5.000000000000000000e+00 1.037796309365659157e-04
6.000000000000000000e+00 3.632287082779807525e-04
7.000000000000000000e+00 2.594490773414148232e-04
8.000000000000000000e+00 5.188981546828296465e-04
9.000000000000000000e+00 3.632287082779807525e-04
1.000000000000000000e+01 4.151185237462636630e-04
1.100000000000000000e+01 5.707879701511125569e-04
1.200000000000000000e+01 5.188981546828296465e-04
1.300000000000000000e+01 4.670083392145466276e-04
1.400000000000000000e+01 4.151185237462636630e-04
1.500000000000000000e+01 5.188981546828296465e-04
1.600000000000000000e+01 4.670083392145466276e-04
1.700000000000000000e+01 4.151185237462636630e-04
1.800000000000000000e+01 5.188981546828296465e-04
1.900000000000000000e+01 3.632287082779807525e-04
2.000000000000000000e+01 3.113388928096977337e-04
2.100000000000000000e+01 6.226777856193954673e-04
2.200000000000000000e+01 4.670083392145466276e-04
2.300000000000000000e+01 4.670083392145466276e-04
2.400000000000000000e+01 4.151185237462636630e-04
2.500000000000000000e+01 4.151185237462636630e-04
2.600000000000000000e+01 3.113388928096977337e-04
2.700000000000000000e+01 4.670083392145466276e-04
2.800000000000000000e+01 4.151185237462636630e-04
2.900000000000000000e+01 4.151185237462636630e-04
3.000000000000000000e+01 4.670083392145466276e-04
3.100000000000000000e+01 3.632287082779807525e-04
3.200000000000000000e+01 4.670083392145466276e-04
3.300000000000000000e+01 4.151185237462636630e-04
3.400000000000000000e+01 4.670083392145466276e-04
3.500000000000000000e+01 4.151185237462636630e-04
3.600000000000000000e+01 6.226777856193954673e-04
3.700000000000000000e+01 3.113388928096977337e-04
3.800000000000000000e+01 3.113388928096977337e-04
3.900000000000000000e+01 2.594490773414148232e-04
4.000000000000000000e+01 4.151185237462636630e-04
4.100000000000000000e+01 4.670083392145466276e-04
4.200000000000000000e+01 7.264574165559615051e-04
4.300000000000000000e+01 5.707879701511125569e-04
4.400000000000000000e+01 4.670083392145466276e-04
4.500000000000000000e+01 4.670083392145466276e-04
4.600000000000000000e+01 6.226777856193954673e-04
4.700000000000000000e+01 6.226777856193954673e-04
4.800000000000000000e+01 7.783472320242444155e-04
4.900000000000000000e+01 9.859064938973762741e-04
5.000000000000000000e+01 8.302370474925273259e-04
5.100000000000000000e+01 8.302370474925273259e-04
5.200000000000000000e+01 9.340166784290932552e-04
5.300000000000000000e+01 9.340166784290932552e-04
5.400000000000000000e+01 8.302370474925273259e-04
5.500000000000000000e+01 8.302370474925273259e-04
5.600000000000000000e+01 7.783472320242444155e-04
5.700000000000000000e+01 9.340166784290932552e-04
5.800000000000000000e+01 1.089686124833942095e-03
5.900000000000000000e+01 8.302370474925273259e-04
6.000000000000000000e+01 8.821268629608103448e-04
6.100000000000000000e+01 1.141575940302225114e-03
6.200000000000000000e+01 1.245355571238790935e-03
6.300000000000000000e+01 1.141575940302225114e-03
6.400000000000000000e+01 9.859064938973762741e-04
6.500000000000000000e+01 9.859064938973762741e-04
6.600000000000000000e+01 1.037796309365659293e-03
6.700000000000000000e+01 1.037796309365659293e-03
6.800000000000000000e+01 9.859064938973762741e-04
6.900000000000000000e+01 9.340166784290932552e-04
7.000000000000000000e+01 1.089686124833942095e-03
7.100000000000000000e+01 1.141575940302225114e-03
7.200000000000000000e+01 1.193465755770508350e-03
7.300000000000000000e+01 9.859064938973762741e-04
7.400000000000000000e+01 1.193465755770508350e-03
7.500000000000000000e+01 1.141575940302225114e-03
7.600000000000000000e+01 1.089686124833942095e-03
7.700000000000000000e+01 1.089686124833942095e-03
7.800000000000000000e+01 1.297245386707074170e-03
7.900000000000000000e+01 1.037796309365659293e-03
8.000000000000000000e+01 1.141575940302225114e-03
8.100000000000000000e+01 1.297245386707074170e-03
8.200000000000000000e+01 1.089686124833942095e-03
8.300000000000000000e+01 1.089686124833942095e-03
8.400000000000000000e+01 1.089686124833942095e-03
8.500000000000000000e+01 1.193465755770508350e-03
8.600000000000000000e+01 1.349135202175356972e-03
8.700000000000000000e+01 1.297245386707074170e-03
8.800000000000000000e+01 1.349135202175356972e-03
8.900000000000000000e+01 1.349135202175356972e-03
9.000000000000000000e+01 1.297245386707074170e-03
9.100000000000000000e+01 1.556694464048488831e-03
9.200000000000000000e+01 1.452914833111923010e-03
9.300000000000000000e+01 1.504804648580205812e-03
9.400000000000000000e+01 1.660474094985054652e-03
9.500000000000000000e+01 1.660474094985054652e-03
9.600000000000000000e+01 1.712363910453337671e-03
9.700000000000000000e+01 1.971812987794752548e-03
9.800000000000000000e+01 1.868033356858186510e-03
9.900000000000000000e+01 2.127482434199601605e-03
1.000000000000000000e+02 2.075592618731318586e-03
1.010000000000000000e+02 1.868033356858186510e-03
1.020000000000000000e+02 1.919923172326469529e-03
1.030000000000000000e+02 2.075592618731318586e-03
1.040000000000000000e+02 2.023702803263035133e-03
1.050000000000000000e+02 2.127482434199601605e-03
1.060000000000000000e+02 2.179372249667884190e-03
1.070000000000000000e+02 2.179372249667884190e-03
1.080000000000000000e+02 2.283151880604450228e-03
1.090000000000000000e+02 2.179372249667884190e-03
1.100000000000000000e+02 2.179372249667884190e-03
1.110000000000000000e+02 2.386931511541016699e-03
1.120000000000000000e+02 2.283151880604450228e-03
1.130000000000000000e+02 2.335041696072733246e-03
1.140000000000000000e+02 2.438821327009299284e-03
1.150000000000000000e+02 2.386931511541016699e-03
1.160000000000000000e+02 2.594490773414148341e-03
1.170000000000000000e+02 2.542600957945865322e-03
1.180000000000000000e+02 2.646380588882430926e-03
1.190000000000000000e+02 2.750160219818996964e-03
1.200000000000000000e+02 2.853939850755563001e-03
1.210000000000000000e+02 2.853939850755563001e-03
1.220000000000000000e+02 2.853939850755563001e-03
1.230000000000000000e+02 2.646380588882430926e-03
1.240000000000000000e+02 2.802050035287279549e-03
1.250000000000000000e+02 2.957719481692128172e-03
1.260000000000000000e+02 3.113388928096977662e-03
1.270000000000000000e+02 2.905829666223846020e-03
1.280000000000000000e+02 2.802050035287279549e-03
1.290000000000000000e+02 2.853939850755563001e-03
1.300000000000000000e+02 2.905829666223846020e-03
1.310000000000000000e+02 3.061499112628694643e-03
1.320000000000000000e+02 3.372838005438392756e-03
1.330000000000000000e+02 3.061499112628694643e-03
1.340000000000000000e+02 3.113388928096977662e-03
1.350000000000000000e+02 3.269058374501826719e-03
1.360000000000000000e+02 3.269058374501826719e-03
1.370000000000000000e+02 3.476617636374958794e-03
1.380000000000000000e+02 3.372838005438392756e-03
1.390000000000000000e+02 3.632287082779807417e-03
1.400000000000000000e+02 3.476617636374958794e-03
1.410000000000000000e+02 3.528507451843241379e-03
1.420000000000000000e+02 3.424727820906675341e-03
1.430000000000000000e+02 3.580397267311523964e-03
1.440000000000000000e+02 3.787956529184656473e-03
1.450000000000000000e+02 3.632287082779807417e-03
1.460000000000000000e+02 3.995515791057787681e-03
1.470000000000000000e+02 4.099295421994353719e-03
1.480000000000000000e+02 4.099295421994353719e-03
1.490000000000000000e+02 3.995515791057787681e-03
1.500000000000000000e+02 4.099295421994353719e-03
1.510000000000000000e+02 3.943625975589505096e-03
1.520000000000000000e+02 4.203075052930919757e-03
1.530000000000000000e+02 4.151185237462637172e-03
1.540000000000000000e+02 4.099295421994353719e-03
1.550000000000000000e+02 4.254964868399203209e-03
1.560000000000000000e+02 4.358744499335768380e-03
1.570000000000000000e+02 4.462524130272335285e-03
1.580000000000000000e+02 4.462524130272335285e-03
1.590000000000000000e+02 4.514413945740617003e-03
1.600000000000000000e+02 4.410634314804051832e-03
1.610000000000000000e+02 4.410634314804051832e-03
1.620000000000000000e+02 4.566303761208900455e-03
1.630000000000000000e+02 4.306854683867486662e-03
1.640000000000000000e+02 4.358744499335768380e-03
1.650000000000000000e+02 4.514413945740617003e-03
1.660000000000000000e+02 4.462524130272335285e-03
1.670000000000000000e+02 4.358744499335768380e-03
1.680000000000000000e+02 4.670083392145466493e-03
1.690000000000000000e+02 4.670083392145466493e-03
1.700000000000000000e+02 4.981422284955163739e-03
1.710000000000000000e+02 5.033312100423447191e-03
1.720000000000000000e+02 5.292761177764861852e-03
1.730000000000000000e+02 5.655989886042842550e-03
1.740000000000000000e+02 5.655989886042842550e-03
1.750000000000000000e+02 5.396540808701427890e-03
1.760000000000000000e+02 5.707879701511126003e-03
1.770000000000000000e+02 5.811659332447692040e-03
1.780000000000000000e+02 6.019218594320823248e-03
1.790000000000000000e+02 5.811659332447692040e-03
1.800000000000000000e+02 5.967328778852539796e-03
1.810000000000000000e+02 6.122998225257389286e-03
1.820000000000000000e+02 6.071108409789105834e-03
1.830000000000000000e+02 6.122998225257389286e-03
1.840000000000000000e+02 6.278667671662238776e-03
1.850000000000000000e+02 6.071108409789105834e-03
1.860000000000000000e+02 6.174888040725672739e-03
1.870000000000000000e+02 6.538116749003653437e-03
1.880000000000000000e+02 6.434337118067086532e-03
1.890000000000000000e+02 6.538116749003653437e-03
1.900000000000000000e+02 6.849455641813350683e-03
1.910000000000000000e+02 6.693786195408502060e-03
1.920000000000000000e+02 7.160794534623047929e-03
1.930000000000000000e+02 6.953235272749917588e-03
1.940000000000000000e+02 7.005125088218201040e-03
1.950000000000000000e+02 7.420243611964463457e-03
1.960000000000000000e+02 7.368353796496180871e-03
1.970000000000000000e+02 7.939141766647294512e-03
1.980000000000000000e+02 7.575913058369312947e-03
1.990000000000000000e+02 7.939141766647294512e-03
2.000000000000000000e+02 8.146701028520424853e-03
2.010000000000000000e+02 8.198590843988707438e-03
2.020000000000000000e+02 8.354260290393556929e-03
2.030000000000000000e+02 8.354260290393556929e-03
2.040000000000000000e+02 8.821268629608103665e-03
2.050000000000000000e+02 8.769378814139819345e-03
2.060000000000000000e+02 8.925048260544670570e-03
2.070000000000000000e+02 8.976938076012951420e-03
2.080000000000000000e+02 9.080717706949518325e-03
2.090000000000000000e+02 9.495836230695780741e-03
2.100000000000000000e+02 9.599615861632345912e-03
2.110000000000000000e+02 9.443946415227499891e-03
2.120000000000000000e+02 9.859064938973764042e-03
2.130000000000000000e+02 9.807175123505479722e-03
2.140000000000000000e+02 1.037796309365659336e-02
2.150000000000000000e+02 1.063741217099800629e-02
2.160000000000000000e+02 1.053363254006143938e-02
2.170000000000000000e+02 1.048174272459315853e-02
2.180000000000000000e+02 1.042985290912487421e-02
2.190000000000000000e+02 1.063741217099800629e-02
2.200000000000000000e+02 1.084497143287113836e-02
2.210000000000000000e+02 1.115631032568083734e-02
2.220000000000000000e+02 1.141575940302225201e-02
2.230000000000000000e+02 1.151953903395881718e-02
2.240000000000000000e+02 1.188276774223679874e-02
2.250000000000000000e+02 1.214221681957821167e-02
2.260000000000000000e+02 1.260922515879276014e-02
2.270000000000000000e+02 1.266111497426104446e-02
2.280000000000000000e+02 1.260922515879276014e-02
2.290000000000000000e+02 1.318001312894387031e-02
2.300000000000000000e+02 1.276489460519760789e-02
2.310000000000000000e+02 1.328379275988043721e-02
2.320000000000000000e+02 1.369891128362670137e-02
2.330000000000000000e+02 1.421780943830953242e-02
2.340000000000000000e+02 1.432158906924609586e-02
2.350000000000000000e+02 1.437347888471438018e-02
2.360000000000000000e+02 1.458103814658751052e-02
2.370000000000000000e+02 1.484048722392892691e-02
2.380000000000000000e+02 1.463292796205579657e-02
2.390000000000000000e+02 1.484048722392892691e-02
2.400000000000000000e+02 1.473670759299236174e-02
2.410000000000000000e+02 1.463292796205579657e-02
2.420000000000000000e+02 1.489237703939720776e-02
2.430000000000000000e+02 1.494426685486549208e-02
2.440000000000000000e+02 1.546316500954832140e-02
2.450000000000000000e+02 1.546316500954832140e-02
2.460000000000000000e+02 1.582639371782630644e-02
2.470000000000000000e+02 1.629340205704084971e-02
2.480000000000000000e+02 1.655285113438226610e-02
2.490000000000000000e+02 1.660474094985054869e-02
2.500000000000000000e+02 1.686419002719196161e-02
