0.000000000000000000e+00 0.000000000000000000e+00
1.000000000000000000e+00 1.961557622052474326e-05
2.000000000000000000e+00 1.307705081368316161e-05
3.000000000000000000e+00 2.615410162736632322e-05
4.000000000000000000e+00 6.538525406841580805e-06
5.000000000000000000e+00 1.307705081368316161e-05
6.000000000000000000e+00 4.576967784789105970e-05
7.000000000000000000e+00 3.269262703420790656e-05
8.000000000000000000e+00 6.538525406841581313e-05
9.000000000000000000e+00 4.576967784789105970e-05
1.000000000000000000e+01 5.230820325473264644e-05
1.100000000000000000e+01 7.192377947525739309e-05
1.200000000000000000e+01 6.538525406841581313e-05
1.300000000000000000e+01 5.884672866157421284e-05
1.400000000000000000e+01 5.230820325473264644e-05
1.500000000000000000e+01 6.538525406841581313e-05
1.600000000000000000e+01 5.884672866157421284e-05
1.700000000000000000e+01 5.230820325473264644e-05
1.800000000000000000e+01 6.538525406841581313e-05
1.900000000000000000e+01 4.576967784789105970e-05
2.000000000000000000e+01 3.923115244104948652e-05
2.100000000000000000e+01 7.846230488209897304e-05
2.200000000000000000e+01 5.884672866157421284e-05
2.300000000000000000e+01 5.884672866157421284e-05
2.400000000000000000e+01 5.230820325473264644e-05
2.500000000000000000e+01 5.230820325473264644e-05
2.600000000000000000e+01 3.923115244104948652e-05
2.700000000000000000e+01 5.884672866157421284e-05
2.800000000000000000e+01 5.230820325473264644e-05
2.900000000000000000e+01 5.230820325473264644e-05
3.000000000000000000e+01 5.884672866157421284e-05
3.100000000000000000e+01 4.576967784789105970e-05
3.200000000000000000e+01 5.884672866157421284e-05
3.300000000000000000e+01 5.230820325473264644e-05
3.400000000000000000e+01 5.884672866157421284e-05
3.500000000000000000e+01 5.230820325473264644e-05
3.600000000000000000e+01 7.846230488209897304e-05
3.700000000000000000e+01 3.923115244104948652e-05
3.800000000000000000e+01 3.923115244104948652e-05
3.900000000000000000e+01 3.269262703420790656e-05
4.000000000000000000e+01 5.230820325473264644e-05
4.100000000000000000e+01 5.884672866157421284e-05
4.200000000000000000e+01 9.153935569578211941e-05
4.300000000000000000e+01 7.192377947525739309e-05
4.400000000000000000e+01 5.884672866157421284e-05
4.500000000000000000e+01 5.884672866157421284e-05
4.600000000000000000e+01 7.846230488209897304e-05
4.700000000000000000e+01 7.846230488209897304e-05
4.800000000000000000e+01 9.807788110262371292e-05
4.900000000000000000e+01 1.242319827299900599e-04
5.000000000000000000e+01 1.046164065094652929e-04
5.100000000000000000e+01 1.046164065094652929e-04
5.200000000000000000e+01 1.176934573231484257e-04
5.300000000000000000e+01 1.176934573231484257e-04
5.400000000000000000e+01 1.046164065094652929e-04
5.500000000000000000e+01 1.046164065094652929e-04
5.600000000000000000e+01 9.807788110262371292e-05
5.700000000000000000e+01 1.176934573231484257e-04
5.800000000000000000e+01 1.373090335436731927e-04
5.900000000000000000e+01 1.046164065094652929e-04
6.000000000000000000e+01 1.111549319163068593e-04
6.100000000000000000e+01 1.438475589505147862e-04
6.200000000000000000e+01 1.569246097641979461e-04
6.300000000000000000e+01 1.438475589505147862e-04
6.400000000000000000e+01 1.242319827299900599e-04
6.500000000000000000e+01 1.242319827299900599e-04
6.600000000000000000e+01 1.307705081368316263e-04
6.700000000000000000e+01 1.307705081368316263e-04
6.800000000000000000e+01 1.242319827299900599e-04
6.900000000000000000e+01 1.176934573231484257e-04
7.000000000000000000e+01 1.373090335436731927e-04
7.100000000000000000e+01 1.438475589505147862e-04
7.200000000000000000e+01 1.503860843573563526e-04
7.300000000000000000e+01 1.242319827299900599e-04
7.400000000000000000e+01 1.503860843573563526e-04
7.500000000000000000e+01 1.438475589505147862e-04
7.600000000000000000e+01 1.373090335436731927e-04
7.700000000000000000e+01 1.373090335436731927e-04
7.800000000000000000e+01 1.634631351710395125e-04
7.900000000000000000e+01 1.307705081368316263e-04
8.000000000000000000e+01 1.438475589505147862e-04
8.100000000000000000e+01 1.634631351710395125e-04
8.200000000000000000e+01 1.373090335436731927e-04
8.300000000000000000e+01 1.373090335436731927e-04
8.400000000000000000e+01 1.373090335436731927e-04
8.500000000000000000e+01 1.503860843573563526e-04
8.600000000000000000e+01 1.700016605778810789e-04
8.700000000000000000e+01 1.634631351710395125e-04
8.800000000000000000e+01 1.700016605778810789e-04
8.900000000000000000e+01 1.700016605778810789e-04
9.000000000000000000e+01 1.634631351710395125e-04
9.100000000000000000e+01 1.961557622052474258e-04
9.200000000000000000e+01 1.830787113915642388e-04
9.300000000000000000e+01 1.896172367984058594e-04
9.400000000000000000e+01 2.092328130189305857e-04
9.500000000000000000e+01 2.092328130189305857e-04
9.600000000000000000e+01 2.157713384257721793e-04
9.700000000000000000e+01 2.484639654599801197e-04
9.800000000000000000e+01 2.353869146462968514e-04
9.900000000000000000e+01 2.680795416805048189e-04
1.000000000000000000e+02 2.615410162736632525e-04
1.010000000000000000e+02 2.353869146462968514e-04
1.020000000000000000e+02 2.419254400531384720e-04
1.030000000000000000e+02 2.615410162736632525e-04
1.040000000000000000e+02 2.550024908668216319e-04
1.050000000000000000e+02 2.680795416805048189e-04
1.060000000000000000e+02 2.746180670873463853e-04
1.070000000000000000e+02 2.746180670873463853e-04
1.080000000000000000e+02 2.876951179010295723e-04
1.090000000000000000e+02 2.746180670873463853e-04
1.100000000000000000e+02 2.746180670873463853e-04
1.110000000000000000e+02 3.007721687147127052e-04
1.120000000000000000e+02 2.876951179010295723e-04
1.130000000000000000e+02 2.942336433078711387e-04
1.140000000000000000e+02 3.073106941215542716e-04
1.150000000000000000e+02 3.007721687147127052e-04
1.160000000000000000e+02 3.269262703420790250e-04
1.170000000000000000e+02 3.203877449352374586e-04
1.180000000000000000e+02 3.334647957489206456e-04
1.190000000000000000e+02 3.465418465626037784e-04
1.200000000000000000e+02 3.596188973762869112e-04
1.210000000000000000e+02 3.596188973762869112e-04
1.220000000000000000e+02 3.596188973762869112e-04
1.230000000000000000e+02 3.334647957489206456e-04
1.240000000000000000e+02 3.530803719694453448e-04
1.250000000000000000e+02 3.726959481899700440e-04
1.260000000000000000e+02 3.923115244104948517e-04
1.270000000000000000e+02 3.661574227831284776e-04
1.280000000000000000e+02 3.530803719694453448e-04
1.290000000000000000e+02 3.596188973762869112e-04
1.300000000000000000e+02 3.661574227831284776e-04
1.310000000000000000e+02 3.857729990036532853e-04
1.320000000000000000e+02 4.250041514447027379e-04
1.330000000000000000e+02 3.857729990036532853e-04
1.340000000000000000e+02 3.923115244104948517e-04
1.350000000000000000e+02 4.119271006310195509e-04
1.360000000000000000e+02 4.119271006310195509e-04
1.370000000000000000e+02 4.380812022583858707e-04
1.380000000000000000e+02 4.250041514447027379e-04
1.390000000000000000e+02 4.576967784789106241e-04
1.400000000000000000e+02 4.380812022583858707e-04
1.410000000000000000e+02 4.446197276652274371e-04
1.420000000000000000e+02 4.315426768515443585e-04
1.430000000000000000e+02 4.511582530720690577e-04
1.440000000000000000e+02 4.773123546994353233e-04
1.450000000000000000e+02 4.576967784789106241e-04
1.460000000000000000e+02 5.034664563268016974e-04
1.470000000000000000e+02 5.165435071404849386e-04
1.480000000000000000e+02 5.165435071404849386e-04
1.490000000000000000e+02 5.034664563268016974e-04
1.500000000000000000e+02 5.165435071404849386e-04
1.510000000000000000e+02 4.969279309199602394e-04
1.520000000000000000e+02 5.296205579541679630e-04
1.530000000000000000e+02 5.230820325473265050e-04
1.540000000000000000e+02 5.165435071404849386e-04
1.550000000000000000e+02 5.361590833610096378e-04
1.560000000000000000e+02 5.492361341746927706e-04
1.570000000000000000e+02 5.623131849883759035e-04
1.580000000000000000e+02 5.623131849883759035e-04
1.590000000000000000e+02 5.688517103952174699e-04
1.600000000000000000e+02 5.557746595815343370e-04
1.610000000000000000e+02 5.557746595815343370e-04
1.620000000000000000e+02 5.753902358020591447e-04
1.630000000000000000e+02 5.426976087678512042e-04
1.640000000000000000e+02 5.492361341746927706e-04
1.650000000000000000e+02 5.688517103952174699e-04
1.660000000000000000e+02 5.623131849883759035e-04
1.670000000000000000e+02 5.492361341746927706e-04
1.680000000000000000e+02 5.884672866157422775e-04
1.690000000000000000e+02 5.884672866157422775e-04
1.700000000000000000e+02 6.276984390567917843e-04
1.710000000000000000e+02 6.342369644636333507e-04
1.720000000000000000e+02 6.669295914978412912e-04
1.730000000000000000e+02 7.126992693457322560e-04
1.740000000000000000e+02 7.126992693457322560e-04
1.750000000000000000e+02 6.800066423115243156e-04
1.760000000000000000e+02 7.192377947525738224e-04
1.770000000000000000e+02 7.323148455662569552e-04
1.780000000000000000e+02 7.584689471936234377e-04
1.790000000000000000e+02 7.323148455662569552e-04
1.800000000000000000e+02 7.519304217867817629e-04
1.810000000000000000e+02 7.715459980073065705e-04
1.820000000000000000e+02 7.650074726004650041e-04
1.830000000000000000e+02 7.715459980073065705e-04
1.840000000000000000e+02 7.911615742278312697e-04
1.850000000000000000e+02 7.650074726004650041e-04
1.860000000000000000e+02 7.780845234141481369e-04
1.870000000000000000e+02 8.238542012620391018e-04
1.880000000000000000e+02 8.107771504483559689e-04
1.890000000000000000e+02 8.238542012620391018e-04
1.900000000000000000e+02 8.630853537030887170e-04
1.910000000000000000e+02 8.434697774825639094e-04
1.920000000000000000e+02 9.023165061441381155e-04
1.930000000000000000e+02 8.761624045167717414e-04
1.940000000000000000e+02 8.827009299236135247e-04
1.950000000000000000e+02 9.350091331783460559e-04
1.960000000000000000e+02 9.284706077715042727e-04
1.970000000000000000e+02 1.000394387246761720e-03
1.980000000000000000e+02 9.546247093988706467e-04
1.990000000000000000e+02 1.000394387246761720e-03
2.000000000000000000e+02 1.026548488874128202e-03
2.010000000000000000e+02 1.033087014280969877e-03
2.020000000000000000e+02 1.052702590501494468e-03
2.030000000000000000e+02 1.052702590501494468e-03
2.040000000000000000e+02 1.111549319163068674e-03
2.050000000000000000e+02 1.105010793756227216e-03
2.060000000000000000e+02 1.124626369976751807e-03
2.070000000000000000e+02 1.131164895383593482e-03
2.080000000000000000e+02 1.144241946197276615e-03
2.090000000000000000e+02 1.196550149452009146e-03
2.100000000000000000e+02 1.209627200265692279e-03
2.110000000000000000e+02 1.190011624045167471e-03
2.120000000000000000e+02 1.242319827299900436e-03
2.130000000000000000e+02 1.235781301893058761e-03
2.140000000000000000e+02 1.307705081368316100e-03
2.150000000000000000e+02 1.340397708402524040e-03
2.160000000000000000e+02 1.327320657588840908e-03
2.170000000000000000e+02 1.320782132181999233e-03
2.180000000000000000e+02 1.314243606775157775e-03
2.190000000000000000e+02 1.340397708402524040e-03
2.200000000000000000e+02 1.366551810029890306e-03
2.210000000000000000e+02 1.405782962470939704e-03
2.220000000000000000e+02 1.438475589505147645e-03
2.230000000000000000e+02 1.451552640318830778e-03
2.240000000000000000e+02 1.497322318166721851e-03
2.250000000000000000e+02 1.530014945200930008e-03
2.260000000000000000e+02 1.588861673862504214e-03
2.270000000000000000e+02 1.595400199269345672e-03
2.280000000000000000e+02 1.588861673862504214e-03
2.290000000000000000e+02 1.660785453337761336e-03
2.300000000000000000e+02 1.608477250083028805e-03
2.310000000000000000e+02 1.673862504151444686e-03
2.320000000000000000e+02 1.726170707406177434e-03
2.330000000000000000e+02 1.791555961474593098e-03
2.340000000000000000e+02 1.804633012288276231e-03
2.350000000000000000e+02 1.811171537695117906e-03
2.360000000000000000e+02 1.837325639322484171e-03
2.370000000000000000e+02 1.870018266356692112e-03
2.380000000000000000e+02 1.843864164729325846e-03
2.390000000000000000e+02 1.870018266356692112e-03
2.400000000000000000e+02 1.856941215543008545e-03
2.410000000000000000e+02 1.843864164729325846e-03
2.420000000000000000e+02 1.876556791763533787e-03
2.430000000000000000e+02 1.883095317170374811e-03
2.440000000000000000e+02 1.948480571238791125e-03
2.450000000000000000e+02 1.948480571238791125e-03
2.460000000000000000e+02 1.994250249086681765e-03
2.470000000000000000e+02 2.053096977748256405e-03
2.480000000000000000e+02 2.085789604782464345e-03
2.490000000000000000e+02 2.092328130189306020e-03
2.500000000000000000e+02 2.125020757223513961e-03
