0.000000000000000000e+00 0.000000000000000000e+00
1.000000000000000000e+00 0.000000000000000000e+00
2.000000000000000000e+00 0.000000000000000000e+00
3.000000000000000000e+00 5.099169711059448051e-02
4.000000000000000000e+00 1.121817336433078571e-01
5.000000000000000000e+00 1.733717701760212337e-01
6.000000000000000000e+00 3.671402191962802597e-01
7.000000000000000000e+00 5.405119893723014934e-01
8.000000000000000000e+00 7.750737960810361038e-01
9.000000000000000000e+00 1.132015675855197356e+00
1.000000000000000000e+01 2.070262902690135576e+00
1.100000000000000000e+01 4.191517502490866853e+00
1.200000000000000000e+01 4.711632813018930221e+00
1.300000000000000000e+01 4.834012886084355642e+00
1.400000000000000000e+01 4.956392959149783728e+00
1.500000000000000000e+01 4.935996280305546158e+00
1.600000000000000000e+01 4.986987977416140083e+00
1.700000000000000000e+01 5.027781335104616112e+00
1.800000000000000000e+01 5.109368050481567280e+00
1.900000000000000000e+01 5.150161408170042421e+00
2.000000000000000000e+01 5.190954765858518449e+00
2.100000000000000000e+01 5.221549784124874805e+00
2.200000000000000000e+01 5.241946462969113263e+00
2.300000000000000000e+01 5.313334838923944758e+00
2.400000000000000000e+01 5.343929857190301114e+00
2.500000000000000000e+01 5.374524875456658357e+00
2.600000000000000000e+01 5.374524875456658357e+00
2.700000000000000000e+01 5.384723214878777142e+00
2.800000000000000000e+01 5.405119893723014712e+00
2.900000000000000000e+01 5.405119893723014712e+00
3.000000000000000000e+01 5.415318233145133497e+00
3.100000000000000000e+01 5.405119893723014712e+00
3.200000000000000000e+01 5.456111590833609526e+00
3.300000000000000000e+01 5.466309930255728311e+00
3.400000000000000000e+01 5.496904948522084666e+00
3.500000000000000000e+01 5.507103287944204340e+00
3.600000000000000000e+01 5.527499966788441910e+00
3.700000000000000000e+01 5.537698306210560695e+00
3.800000000000000000e+01 5.527499966788441910e+00
3.900000000000000000e+01 5.547896645632679480e+00
4.000000000000000000e+01 5.568293324476917050e+00
4.100000000000000000e+01 5.558094985054798265e+00
4.200000000000000000e+01 5.578491663899035835e+00
4.300000000000000000e+01 5.568293324476917050e+00
4.400000000000000000e+01 5.568293324476917050e+00
4.500000000000000000e+01 5.578491663899035835e+00
4.600000000000000000e+01 5.588690003321154620e+00
4.700000000000000000e+01 5.578491663899035835e+00
4.800000000000000000e+01 5.578491663899035835e+00
4.900000000000000000e+01 5.588690003321154620e+00
5.000000000000000000e+01 5.568293324476917050e+00
5.100000000000000000e+01 5.558094985054798265e+00
5.200000000000000000e+01 5.558094985054798265e+00
5.300000000000000000e+01 5.568293324476917050e+00
5.400000000000000000e+01 5.578491663899035835e+00
5.500000000000000000e+01 5.568293324476917050e+00
5.600000000000000000e+01 5.578491663899035835e+00
5.700000000000000000e+01 5.578491663899035835e+00
5.800000000000000000e+01 5.578491663899035835e+00
5.900000000000000000e+01 5.598888342743273405e+00
6.000000000000000000e+01 5.588690003321154620e+00
6.100000000000000000e+01 5.598888342743273405e+00
6.200000000000000000e+01 5.598888342743273405e+00
6.300000000000000000e+01 5.598888342743273405e+00
6.400000000000000000e+01 5.609086682165393078e+00
6.500000000000000000e+01 5.598888342743273405e+00
6.600000000000000000e+01 5.598888342743273405e+00
6.700000000000000000e+01 5.598888342743273405e+00
6.800000000000000000e+01 5.609086682165393078e+00
6.900000000000000000e+01 5.619285021587511864e+00
7.000000000000000000e+01 5.619285021587511864e+00
7.100000000000000000e+01 5.629483361009630649e+00
7.200000000000000000e+01 5.629483361009630649e+00
7.300000000000000000e+01 5.639681700431749434e+00
7.400000000000000000e+01 5.639681700431749434e+00
7.500000000000000000e+01 5.639681700431749434e+00
7.600000000000000000e+01 5.649880039853868219e+00
7.700000000000000000e+01 5.649880039853868219e+00
7.800000000000000000e+01 5.649880039853868219e+00
7.900000000000000000e+01 5.649880039853868219e+00
8.000000000000000000e+01 5.649880039853868219e+00
8.100000000000000000e+01 5.670276718698105789e+00
8.200000000000000000e+01 5.700871736964463032e+00
8.300000000000000000e+01 5.700871736964463032e+00
8.400000000000000000e+01 5.690673397542343359e+00
8.500000000000000000e+01 5.690673397542343359e+00
8.600000000000000000e+01 5.680475058120224574e+00
8.700000000000000000e+01 5.700871736964463032e+00
8.800000000000000000e+01 5.711070076386581817e+00
8.900000000000000000e+01 5.711070076386581817e+00
9.000000000000000000e+01 5.721268415808700603e+00
9.100000000000000000e+01 5.731466755230819388e+00
9.200000000000000000e+01 5.731466755230819388e+00
9.300000000000000000e+01 5.721268415808700603e+00
9.400000000000000000e+01 5.721268415808700603e+00
9.500000000000000000e+01 5.741665094652938173e+00
9.600000000000000000e+01 5.731466755230819388e+00
9.700000000000000000e+01 5.741665094652938173e+00
9.800000000000000000e+01 5.741665094652938173e+00
9.900000000000000000e+01 5.731466755230819388e+00
1.000000000000000000e+02 5.731466755230819388e+00
1.010000000000000000e+02 5.731466755230819388e+00
1.020000000000000000e+02 5.741665094652938173e+00
1.030000000000000000e+02 5.731466755230819388e+00
1.040000000000000000e+02 5.741665094652938173e+00
1.050000000000000000e+02 5.751863434075056958e+00
1.060000000000000000e+02 5.751863434075056958e+00
1.070000000000000000e+02 5.751863434075056958e+00
1.080000000000000000e+02 5.751863434075056958e+00
1.090000000000000000e+02 5.751863434075056958e+00
1.100000000000000000e+02 5.762061773497175743e+00
1.110000000000000000e+02 5.762061773497175743e+00
1.120000000000000000e+02 5.762061773497175743e+00
1.130000000000000000e+02 5.762061773497175743e+00
1.140000000000000000e+02 5.762061773497175743e+00
1.150000000000000000e+02 5.762061773497175743e+00
1.160000000000000000e+02 5.762061773497175743e+00
1.170000000000000000e+02 5.762061773497175743e+00
1.180000000000000000e+02 5.751863434075056958e+00
1.190000000000000000e+02 5.762061773497175743e+00
1.200000000000000000e+02 5.762061773497175743e+00
1.210000000000000000e+02 5.762061773497175743e+00
1.220000000000000000e+02 5.762061773497175743e+00
1.230000000000000000e+02 5.762061773497175743e+00
1.240000000000000000e+02 5.772260112919294528e+00
1.250000000000000000e+02 5.782458452341414201e+00
1.260000000000000000e+02 5.772260112919294528e+00
1.270000000000000000e+02 5.772260112919294528e+00
1.280000000000000000e+02 5.782458452341414201e+00
1.290000000000000000e+02 5.762061773497175743e+00
1.300000000000000000e+02 5.762061773497175743e+00
1.310000000000000000e+02 5.772260112919294528e+00
1.320000000000000000e+02 5.782458452341414201e+00
1.330000000000000000e+02 5.792656791763532986e+00
1.340000000000000000e+02 5.782458452341414201e+00
1.350000000000000000e+02 5.782458452341414201e+00
1.360000000000000000e+02 5.792656791763532986e+00
1.370000000000000000e+02 5.782458452341414201e+00
1.380000000000000000e+02 5.782458452341414201e+00
1.390000000000000000e+02 5.782458452341414201e+00
1.400000000000000000e+02 5.792656791763532986e+00
1.410000000000000000e+02 5.792656791763532986e+00
1.420000000000000000e+02 5.792656791763532986e+00
1.430000000000000000e+02 5.792656791763532986e+00
1.440000000000000000e+02 5.792656791763532986e+00
1.450000000000000000e+02 5.792656791763532986e+00
1.460000000000000000e+02 5.802855131185651771e+00
1.470000000000000000e+02 5.802855131185651771e+00
1.480000000000000000e+02 5.802855131185651771e+00
1.490000000000000000e+02 5.802855131185651771e+00
1.500000000000000000e+02 5.802855131185651771e+00
1.510000000000000000e+02 5.792656791763532986e+00
1.520000000000000000e+02 5.802855131185651771e+00
1.530000000000000000e+02 5.792656791763532986e+00
1.540000000000000000e+02 5.802855131185651771e+00
1.550000000000000000e+02 5.802855131185651771e+00
1.560000000000000000e+02 5.802855131185651771e+00
1.570000000000000000e+02 5.813053470607770556e+00
1.580000000000000000e+02 5.823251810029889342e+00
1.590000000000000000e+02 5.823251810029889342e+00
1.600000000000000000e+02 5.813053470607770556e+00
1.610000000000000000e+02 5.813053470607770556e+00
1.620000000000000000e+02 5.813053470607770556e+00
1.630000000000000000e+02 5.813053470607770556e+00
1.640000000000000000e+02 5.813053470607770556e+00
1.650000000000000000e+02 5.813053470607770556e+00
1.660000000000000000e+02 5.823251810029889342e+00
1.670000000000000000e+02 5.813053470607770556e+00
1.680000000000000000e+02 5.813053470607770556e+00
1.690000000000000000e+02 5.813053470607770556e+00
1.700000000000000000e+02 5.813053470607770556e+00
1.710000000000000000e+02 5.823251810029889342e+00
1.720000000000000000e+02 5.813053470607770556e+00
1.730000000000000000e+02 5.813053470607770556e+00
1.740000000000000000e+02 5.813053470607770556e+00
1.750000000000000000e+02 5.813053470607770556e+00
1.760000000000000000e+02 5.813053470607770556e+00
1.770000000000000000e+02 5.823251810029889342e+00
1.780000000000000000e+02 5.833450149452008127e+00
1.790000000000000000e+02 5.833450149452008127e+00
1.800000000000000000e+02 5.833450149452008127e+00
1.810000000000000000e+02 5.833450149452008127e+00
1.820000000000000000e+02 5.833450149452008127e+00
1.830000000000000000e+02 5.823251810029889342e+00
1.840000000000000000e+02 5.823251810029889342e+00
1.850000000000000000e+02 5.813053470607770556e+00
1.860000000000000000e+02 5.823251810029889342e+00
1.870000000000000000e+02 5.802855131185651771e+00
1.880000000000000000e+02 5.823251810029889342e+00
1.890000000000000000e+02 5.833450149452008127e+00
1.900000000000000000e+02 5.833450149452008127e+00
1.910000000000000000e+02 5.833450149452008127e+00
1.920000000000000000e+02 5.833450149452008127e+00
1.930000000000000000e+02 5.843648488874126912e+00
1.940000000000000000e+02 5.843648488874126912e+00
1.950000000000000000e+02 5.843648488874126912e+00
1.960000000000000000e+02 5.843648488874126912e+00
1.970000000000000000e+02 5.843648488874126912e+00
1.980000000000000000e+02 5.843648488874126912e+00
1.990000000000000000e+02 5.853846828296245697e+00
2.000000000000000000e+02 5.853846828296245697e+00
2.010000000000000000e+02 5.853846828296245697e+00
2.020000000000000000e+02 5.853846828296245697e+00
2.030000000000000000e+02 5.864045167718365370e+00
2.040000000000000000e+02 5.864045167718365370e+00
2.050000000000000000e+02 5.864045167718365370e+00
2.060000000000000000e+02 5.864045167718365370e+00
2.070000000000000000e+02 5.853846828296245697e+00
2.080000000000000000e+02 5.864045167718365370e+00
2.090000000000000000e+02 5.874243507140484155e+00
2.100000000000000000e+02 5.874243507140484155e+00
2.110000000000000000e+02 5.874243507140484155e+00
2.120000000000000000e+02 5.874243507140484155e+00
2.130000000000000000e+02 5.874243507140484155e+00
2.140000000000000000e+02 5.874243507140484155e+00
2.150000000000000000e+02 5.884441846562602940e+00
2.160000000000000000e+02 5.894640185984721725e+00
2.170000000000000000e+02 5.894640185984721725e+00
2.180000000000000000e+02 5.894640185984721725e+00
2.190000000000000000e+02 5.894640185984721725e+00
2.200000000000000000e+02 5.904838525406840510e+00
2.210000000000000000e+02 5.904838525406840510e+00
2.220000000000000000e+02 5.894640185984721725e+00
2.230000000000000000e+02 5.904838525406840510e+00
2.240000000000000000e+02 5.904838525406840510e+00
2.250000000000000000e+02 5.904838525406840510e+00
2.260000000000000000e+02 5.904838525406840510e+00
2.270000000000000000e+02 5.904838525406840510e+00
2.280000000000000000e+02 5.915036864828959295e+00
2.290000000000000000e+02 5.925235204251078081e+00
2.300000000000000000e+02 5.925235204251078081e+00
2.310000000000000000e+02 5.915036864828959295e+00
2.320000000000000000e+02 5.925235204251078081e+00
2.330000000000000000e+02 5.925235204251078081e+00
2.340000000000000000e+02 5.925235204251078081e+00
2.350000000000000000e+02 5.925235204251078081e+00
2.360000000000000000e+02 5.925235204251078081e+00
2.370000000000000000e+02 5.935433543673196866e+00
2.380000000000000000e+02 5.935433543673196866e+00
2.390000000000000000e+02 5.935433543673196866e+00
2.400000000000000000e+02 5.935433543673196866e+00
2.410000000000000000e+02 5.935433543673196866e+00
2.420000000000000000e+02 5.935433543673196866e+00
2.430000000000000000e+02 5.925235204251078081e+00
2.440000000000000000e+02 5.945631883095315651e+00
2.450000000000000000e+02 5.945631883095315651e+00
2.460000000000000000e+02 5.945631883095315651e+00
2.470000000000000000e+02 5.945631883095315651e+00
2.480000000000000000e+02 5.955830222517436212e+00
2.490000000000000000e+02 5.945631883095315651e+00
2.500000000000000000e+02 5.945631883095315651e+00
