0.000000000000000000e+00 7.978080371969443335e-03
1.000000000000000000e+00 3.191232148787777898e-04
2.000000000000000000e+00 4.786848223181666847e-04
3.000000000000000000e+00 1.595616074393888949e-04
4.000000000000000000e+00 4.786848223181666847e-04
5.000000000000000000e+00 3.191232148787777898e-04
6.000000000000000000e+00 0.000000000000000000e+00
7.000000000000000000e+00 0.000000000000000000e+00
8.000000000000000000e+00 3.191232148787777898e-04
9.000000000000000000e+00 0.000000000000000000e+00
1.000000000000000000e+01 3.191232148787777898e-04
1.100000000000000000e+01 1.595616074393888949e-04
1.200000000000000000e+01 6.382464297575555796e-04
1.300000000000000000e+01 1.595616074393888949e-04
1.400000000000000000e+01 1.595616074393888949e-04
1.500000000000000000e+01 4.786848223181666847e-04
1.600000000000000000e+01 4.786848223181666847e-04
1.700000000000000000e+01 0.000000000000000000e+00
1.800000000000000000e+01 3.191232148787777898e-04
1.900000000000000000e+01 1.595616074393888949e-04
2.000000000000000000e+01 1.595616074393888949e-04
2.100000000000000000e+01 1.595616074393888949e-04
2.200000000000000000e+01 0.000000000000000000e+00
2.300000000000000000e+01 1.595616074393888949e-04
2.400000000000000000e+01 0.000000000000000000e+00
2.500000000000000000e+01 1.595616074393888949e-04
2.600000000000000000e+01 4.786848223181666847e-04
2.700000000000000000e+01 4.786848223181666847e-04
2.800000000000000000e+01 1.595616074393888949e-04
2.900000000000000000e+01 1.595616074393888949e-04
3.000000000000000000e+01 0.000000000000000000e+00
3.100000000000000000e+01 0.000000000000000000e+00
3.200000000000000000e+01 4.786848223181666847e-04
3.300000000000000000e+01 3.191232148787777898e-04
3.400000000000000000e+01 1.595616074393888949e-04
3.500000000000000000e+01 0.000000000000000000e+00
3.600000000000000000e+01 1.595616074393888949e-04
3.700000000000000000e+01 3.191232148787777898e-04
3.800000000000000000e+01 0.000000000000000000e+00
3.900000000000000000e+01 1.595616074393888949e-04
4.000000000000000000e+01 4.786848223181666847e-04
4.100000000000000000e+01 3.191232148787777898e-04
4.200000000000000000e+01 3.191232148787777898e-04
4.300000000000000000e+01 3.191232148787777898e-04
4.400000000000000000e+01 6.382464297575555796e-04
4.500000000000000000e+01 4.786848223181666847e-04
4.600000000000000000e+01 1.595616074393888949e-04
4.700000000000000000e+01 4.786848223181666847e-04
4.800000000000000000e+01 0.000000000000000000e+00
4.900000000000000000e+01 1.595616074393888949e-04
5.000000000000000000e+01 3.191232148787777898e-04
5.100000000000000000e+01 6.382464297575555796e-04
5.200000000000000000e+01 0.000000000000000000e+00
5.300000000000000000e+01 1.595616074393888949e-04
5.400000000000000000e+01 0.000000000000000000e+00
5.500000000000000000e+01 4.786848223181666847e-04
5.600000000000000000e+01 1.595616074393888949e-04
5.700000000000000000e+01 1.595616074393888949e-04
5.800000000000000000e+01 3.191232148787777898e-04
5.900000000000000000e+01 1.595616074393888949e-04
6.000000000000000000e+01 3.191232148787777898e-04
6.100000000000000000e+01 1.595616074393888949e-04
6.200000000000000000e+01 6.382464297575555796e-04
6.300000000000000000e+01 3.191232148787777898e-04
6.400000000000000000e+01 7.978080371969443118e-04
6.500000000000000000e+01 3.191232148787777898e-04
6.600000000000000000e+01 4.786848223181666847e-04
6.700000000000000000e+01 6.382464297575555796e-04
6.800000000000000000e+01 0.000000000000000000e+00
6.900000000000000000e+01 1.595616074393888949e-04
7.000000000000000000e+01 6.382464297575555796e-04
7.100000000000000000e+01 4.786848223181666847e-04
7.200000000000000000e+01 1.595616074393888949e-04
7.300000000000000000e+01 3.191232148787777898e-04
7.400000000000000000e+01 3.191232148787777898e-04
7.500000000000000000e+01 3.191232148787777898e-04
7.600000000000000000e+01 4.786848223181666847e-04
7.700000000000000000e+01 1.595616074393888949e-04
7.800000000000000000e+01 4.786848223181666847e-04
7.900000000000000000e+01 6.382464297575555796e-04
8.000000000000000000e+01 3.191232148787777898e-04
8.100000000000000000e+01 0.000000000000000000e+00
8.200000000000000000e+01 4.786848223181666847e-04
8.300000000000000000e+01 1.595616074393888949e-04
8.400000000000000000e+01 0.000000000000000000e+00
8.500000000000000000e+01 1.595616074393888949e-04
8.600000000000000000e+01 4.786848223181666847e-04
8.700000000000000000e+01 0.000000000000000000e+00
8.800000000000000000e+01 0.000000000000000000e+00
8.900000000000000000e+01 4.786848223181666847e-04
9.000000000000000000e+01 3.191232148787777898e-04
9.100000000000000000e+01 7.978080371969443118e-04
9.200000000000000000e+01 4.786848223181666847e-04
9.300000000000000000e+01 1.595616074393888949e-04
9.400000000000000000e+01 4.786848223181666847e-04
9.500000000000000000e+01 3.191232148787777898e-04
9.600000000000000000e+01 1.595616074393888949e-04
9.700000000000000000e+01 1.595616074393888949e-04
9.800000000000000000e+01 4.786848223181666847e-04
9.900000000000000000e+01 0.000000000000000000e+00
1.000000000000000000e+02 0.000000000000000000e+00
1.010000000000000000e+02 3.191232148787777898e-04
1.020000000000000000e+02 3.191232148787777898e-04
1.030000000000000000e+02 1.595616074393888949e-04
1.040000000000000000e+02 6.382464297575555796e-04
1.050000000000000000e+02 3.191232148787777898e-04
1.060000000000000000e+02 3.191232148787777898e-04
1.070000000000000000e+02 1.595616074393888949e-04
1.080000000000000000e+02 6.382464297575555796e-04
1.090000000000000000e+02 4.786848223181666847e-04
1.100000000000000000e+02 6.382464297575555796e-04
1.110000000000000000e+02 4.786848223181666847e-04
1.120000000000000000e+02 1.595616074393888949e-04
1.130000000000000000e+02 3.191232148787777898e-04
1.140000000000000000e+02 3.191232148787777898e-04
1.150000000000000000e+02 1.595616074393888949e-04
1.160000000000000000e+02 4.786848223181666847e-04
1.170000000000000000e+02 1.595616074393888949e-04
1.180000000000000000e+02 0.000000000000000000e+00
1.190000000000000000e+02 6.382464297575555796e-04
1.200000000000000000e+02 3.191232148787777898e-04
1.210000000000000000e+02 6.382464297575555796e-04
1.220000000000000000e+02 6.382464297575555796e-04
1.230000000000000000e+02 1.595616074393888949e-04
1.240000000000000000e+02 0.000000000000000000e+00
1.250000000000000000e+02 3.191232148787777898e-04
1.260000000000000000e+02 3.191232148787777898e-04
1.270000000000000000e+02 4.786848223181666847e-04
1.280000000000000000e+02 4.786848223181666847e-04
1.290000000000000000e+02 3.191232148787777898e-04
1.300000000000000000e+02 1.595616074393888949e-04
1.310000000000000000e+02 4.786848223181666847e-04
1.320000000000000000e+02 4.786848223181666847e-04
1.330000000000000000e+02 0.000000000000000000e+00
1.340000000000000000e+02 1.595616074393888949e-04
1.350000000000000000e+02 3.191232148787777898e-04
1.360000000000000000e+02 4.786848223181666847e-04
1.370000000000000000e+02 6.382464297575555796e-04
1.380000000000000000e+02 6.382464297575555796e-04
1.390000000000000000e+02 6.382464297575555796e-04
1.400000000000000000e+02 1.595616074393888949e-04
1.410000000000000000e+02 4.786848223181666847e-04
1.420000000000000000e+02 3.191232148787777898e-04
1.430000000000000000e+02 1.595616074393888949e-04
1.440000000000000000e+02 1.595616074393888949e-04
1.450000000000000000e+02 7.978080371969443118e-04
1.460000000000000000e+02 1.595616074393888949e-04
1.470000000000000000e+02 4.786848223181666847e-04
1.480000000000000000e+02 1.595616074393888949e-04
1.490000000000000000e+02 1.595616074393888949e-04
1.500000000000000000e+02 1.595616074393888949e-04
1.510000000000000000e+02 6.382464297575555796e-04
1.520000000000000000e+02 0.000000000000000000e+00
1.530000000000000000e+02 3.191232148787777898e-04
1.540000000000000000e+02 1.595616074393888949e-04
1.550000000000000000e+02 4.786848223181666847e-04
1.560000000000000000e+02 9.573696446363333694e-04
1.570000000000000000e+02 4.786848223181666847e-04
1.580000000000000000e+02 6.382464297575555796e-04
1.590000000000000000e+02 0.000000000000000000e+00
1.600000000000000000e+02 1.595616074393888949e-04
1.610000000000000000e+02 3.191232148787777898e-04
1.620000000000000000e+02 3.191232148787777898e-04
1.630000000000000000e+02 0.000000000000000000e+00
1.640000000000000000e+02 6.382464297575555796e-04
1.650000000000000000e+02 3.191232148787777898e-04
1.660000000000000000e+02 7.978080371969443118e-04
1.670000000000000000e+02 3.191232148787777898e-04
1.680000000000000000e+02 1.116931252075722318e-03
1.690000000000000000e+02 1.595616074393888949e-04
1.700000000000000000e+02 6.382464297575555796e-04
1.710000000000000000e+02 3.191232148787777898e-04
1.720000000000000000e+02 3.191232148787777898e-04
1.730000000000000000e+02 3.191232148787777898e-04
1.740000000000000000e+02 4.786848223181666847e-04
1.750000000000000000e+02 3.191232148787777898e-04
1.760000000000000000e+02 6.382464297575555796e-04
1.770000000000000000e+02 0.000000000000000000e+00
1.780000000000000000e+02 1.595616074393888949e-04
1.790000000000000000e+02 0.000000000000000000e+00
1.800000000000000000e+02 3.191232148787777898e-04
1.810000000000000000e+02 3.191232148787777898e-04
1.820000000000000000e+02 0.000000000000000000e+00
1.830000000000000000e+02 1.595616074393888949e-04
1.840000000000000000e+02 4.786848223181666847e-04
1.850000000000000000e+02 7.978080371969443118e-04
1.860000000000000000e+02 4.786848223181666847e-04
1.870000000000000000e+02 4.786848223181666847e-04
1.880000000000000000e+02 0.000000000000000000e+00
1.890000000000000000e+02 0.000000000000000000e+00
1.900000000000000000e+02 3.191232148787777898e-04
1.910000000000000000e+02 3.191232148787777898e-04
1.920000000000000000e+02 6.382464297575555796e-04
1.930000000000000000e+02 1.595616074393888949e-04
1.940000000000000000e+02 4.786848223181666847e-04
1.950000000000000000e+02 3.191232148787777898e-04
1.960000000000000000e+02 1.595616074393888949e-04
1.970000000000000000e+02 0.000000000000000000e+00
1.980000000000000000e+02 3.191232148787777898e-04
1.990000000000000000e+02 4.786848223181666847e-04
2.000000000000000000e+02 3.191232148787777898e-04
2.010000000000000000e+02 0.000000000000000000e+00
2.020000000000000000e+02 0.000000000000000000e+00
2.030000000000000000e+02 1.595616074393888949e-04
2.040000000000000000e+02 1.595616074393888949e-04
2.050000000000000000e+02 3.191232148787777898e-04
2.060000000000000000e+02 1.595616074393888949e-04
2.070000000000000000e+02 7.978080371969443118e-04
2.080000000000000000e+02 4.786848223181666847e-04
2.090000000000000000e+02 6.382464297575555796e-04
2.100000000000000000e+02 3.191232148787777898e-04
2.110000000000000000e+02 3.191232148787777898e-04
2.120000000000000000e+02 6.382464297575555796e-04
2.130000000000000000e+02 1.595616074393888949e-04
2.140000000000000000e+02 1.595616074393888949e-04
2.150000000000000000e+02 4.786848223181666847e-04
2.160000000000000000e+02 1.595616074393888949e-04
2.170000000000000000e+02 4.786848223181666847e-04
2.180000000000000000e+02 3.191232148787777898e-04
2.190000000000000000e+02 4.786848223181666847e-04
2.200000000000000000e+02 3.191232148787777898e-04
2.210000000000000000e+02 6.382464297575555796e-04
2.220000000000000000e+02 0.000000000000000000e+00
2.230000000000000000e+02 4.786848223181666847e-04
2.240000000000000000e+02 7.978080371969443118e-04
2.250000000000000000e+02 3.191232148787777898e-04
2.260000000000000000e+02 4.786848223181666847e-04
2.270000000000000000e+02 1.595616074393888949e-04
2.280000000000000000e+02 3.191232148787777898e-04
2.290000000000000000e+02 1.595616074393888949e-04
2.300000000000000000e+02 1.595616074393888949e-04
2.310000000000000000e+02 3.191232148787777898e-04
2.320000000000000000e+02 1.276492859515111159e-03
2.330000000000000000e+02 1.595616074393888949e-04
2.340000000000000000e+02 4.786848223181666847e-04
2.350000000000000000e+02 3.191232148787777898e-04
2.360000000000000000e+02 4.786848223181666847e-04
2.370000000000000000e+02 4.786848223181666847e-04
2.380000000000000000e+02 1.595616074393888949e-04
2.390000000000000000e+02 1.595616074393888949e-04
2.400000000000000000e+02 1.595616074393888949e-04
2.410000000000000000e+02 1.595616074393888949e-04
2.420000000000000000e+02 3.191232148787777898e-04
2.430000000000000000e+02 0.000000000000000000e+00
2.440000000000000000e+02 6.382464297575555796e-04
2.450000000000000000e+02 3.191232148787777898e-04
2.460000000000000000e+02 0.000000000000000000e+00
2.470000000000000000e+02 4.786848223181666847e-04
2.480000000000000000e+02 3.191232148787777898e-04
2.490000000000000000e+02 7.978080371969443118e-04
2.500000000000000000e+02 4.786848223181666847e-04
