0.000000000000000000e+00 0.000000000000000000e+00
1.000000000000000000e+00 2.103395645300564221e-01
2.000000000000000000e+00 2.243622021653935761e+00
3.000000000000000000e+00 7.817620481700431334e+00
4.000000000000000000e+00 1.535478821069412092e+01
5.000000000000000000e+00 1.605592009246097618e+01
6.000000000000000000e+00 1.686222175649286115e+01
7.000000000000000000e+00 1.721278769737628522e+01
8.000000000000000000e+00 1.731795747964131138e+01
9.000000000000000000e+00 1.752829704417137080e+01
1.000000000000000000e+01 1.749324045008302875e+01
1.100000000000000000e+01 1.756335363825971640e+01
1.200000000000000000e+01 1.784380639096645638e+01
1.300000000000000000e+01 1.780874979687811432e+01
1.400000000000000000e+01 1.784380639096645638e+01
1.500000000000000000e+01 1.787886298505479843e+01
1.600000000000000000e+01 1.801908936140816664e+01
1.700000000000000000e+01 1.805414595549651224e+01
1.800000000000000000e+01 1.808920254958485430e+01
1.900000000000000000e+01 1.833459870820325222e+01
2.000000000000000000e+01 1.833459870820325222e+01
2.100000000000000000e+01 1.840471189637993632e+01
2.200000000000000000e+01 1.843976849046828193e+01
2.300000000000000000e+01 1.857999486682165369e+01
2.400000000000000000e+01 1.861505146090999574e+01
2.500000000000000000e+01 1.861505146090999574e+01
2.600000000000000000e+01 1.857999486682165369e+01
2.700000000000000000e+01 1.872022124317502190e+01
2.800000000000000000e+01 1.872022124317502190e+01
2.900000000000000000e+01 1.875527783726336750e+01
3.000000000000000000e+01 1.879033443135170955e+01
3.100000000000000000e+01 1.879033443135170955e+01
3.200000000000000000e+01 1.893056080770507776e+01
3.300000000000000000e+01 1.896561740179342337e+01
3.400000000000000000e+01 1.903573058997010747e+01
3.500000000000000000e+01 1.903573058997010747e+01
3.600000000000000000e+01 1.917595696632347924e+01
3.700000000000000000e+01 1.910584377814679513e+01
3.800000000000000000e+01 1.910584377814679513e+01
3.900000000000000000e+01 1.914090037223513363e+01
4.000000000000000000e+01 1.917595696632347924e+01
4.100000000000000000e+01 1.924607015450016334e+01
4.200000000000000000e+01 1.921101356041182129e+01
4.300000000000000000e+01 1.928112674858850539e+01
4.400000000000000000e+01 1.935123993676519305e+01
4.500000000000000000e+01 1.945640971903022276e+01
4.600000000000000000e+01 1.949146631311856481e+01
4.700000000000000000e+01 1.956157950129524892e+01
4.800000000000000000e+01 1.949146631311856481e+01
4.900000000000000000e+01 1.952652290720690686e+01
5.000000000000000000e+01 1.959663609538359452e+01
5.100000000000000000e+01 1.959663609538359452e+01
5.200000000000000000e+01 1.963169268947193302e+01
5.300000000000000000e+01 1.963169268947193302e+01
5.400000000000000000e+01 1.966674928356027863e+01
5.500000000000000000e+01 1.966674928356027863e+01
5.600000000000000000e+01 1.973686247173696273e+01
5.700000000000000000e+01 1.973686247173696273e+01
5.800000000000000000e+01 1.970180587764862068e+01
5.900000000000000000e+01 1.966674928356027863e+01
6.000000000000000000e+01 1.966674928356027863e+01
6.100000000000000000e+01 1.966674928356027863e+01
6.200000000000000000e+01 1.966674928356027863e+01
6.300000000000000000e+01 1.966674928356027863e+01
6.400000000000000000e+01 1.966674928356027863e+01
6.500000000000000000e+01 1.970180587764862068e+01
6.600000000000000000e+01 1.977191906582530478e+01
6.700000000000000000e+01 1.977191906582530478e+01
6.800000000000000000e+01 1.977191906582530478e+01
6.900000000000000000e+01 1.980697565991365039e+01
7.000000000000000000e+01 1.980697565991365039e+01
7.100000000000000000e+01 1.980697565991365039e+01
7.200000000000000000e+01 1.980697565991365039e+01
7.300000000000000000e+01 1.987708884809033449e+01
7.400000000000000000e+01 1.987708884809033449e+01
7.500000000000000000e+01 1.987708884809033449e+01
7.600000000000000000e+01 1.987708884809033449e+01
7.700000000000000000e+01 1.987708884809033449e+01
7.800000000000000000e+01 1.987708884809033449e+01
7.900000000000000000e+01 1.984203225400198889e+01
8.000000000000000000e+01 1.984203225400198889e+01
8.100000000000000000e+01 1.984203225400198889e+01
8.200000000000000000e+01 1.994720203626701860e+01
8.300000000000000000e+01 1.994720203626701860e+01
8.400000000000000000e+01 1.994720203626701860e+01
8.500000000000000000e+01 1.994720203626701860e+01
8.600000000000000000e+01 1.991214544217867655e+01
8.700000000000000000e+01 1.994720203626701860e+01
8.800000000000000000e+01 1.991214544217867655e+01
8.900000000000000000e+01 1.994720203626701860e+01
9.000000000000000000e+01 1.994720203626701860e+01
9.100000000000000000e+01 1.998225863035536065e+01
9.200000000000000000e+01 1.998225863035536065e+01
9.300000000000000000e+01 1.998225863035536065e+01
9.400000000000000000e+01 1.998225863035536065e+01
9.500000000000000000e+01 1.998225863035536065e+01
9.600000000000000000e+01 2.001731522444370626e+01
9.700000000000000000e+01 2.001731522444370626e+01
9.800000000000000000e+01 2.005237181853204476e+01
9.900000000000000000e+01 2.005237181853204476e+01
1.000000000000000000e+02 2.005237181853204476e+01
1.010000000000000000e+02 2.001731522444370626e+01
1.020000000000000000e+02 2.005237181853204476e+01
1.030000000000000000e+02 2.005237181853204476e+01
1.040000000000000000e+02 2.001731522444370626e+01
1.050000000000000000e+02 2.001731522444370626e+01
1.060000000000000000e+02 2.005237181853204476e+01
1.070000000000000000e+02 2.008742841262039036e+01
1.080000000000000000e+02 2.012248500670872886e+01
1.090000000000000000e+02 2.012248500670872886e+01
1.100000000000000000e+02 2.012248500670872886e+01
1.110000000000000000e+02 2.015754160079707447e+01
1.120000000000000000e+02 2.012248500670872886e+01
1.130000000000000000e+02 2.012248500670872886e+01
1.140000000000000000e+02 2.012248500670872886e+01
1.150000000000000000e+02 2.015754160079707447e+01
1.160000000000000000e+02 2.015754160079707447e+01
1.170000000000000000e+02 2.015754160079707447e+01
1.180000000000000000e+02 2.019259819488541652e+01
1.190000000000000000e+02 2.019259819488541652e+01
1.200000000000000000e+02 2.019259819488541652e+01
1.210000000000000000e+02 2.022765478897375857e+01
1.220000000000000000e+02 2.019259819488541652e+01
1.230000000000000000e+02 2.019259819488541652e+01
1.240000000000000000e+02 2.019259819488541652e+01
1.250000000000000000e+02 2.019259819488541652e+01
1.260000000000000000e+02 2.019259819488541652e+01
1.270000000000000000e+02 2.022765478897375857e+01
1.280000000000000000e+02 2.022765478897375857e+01
1.290000000000000000e+02 2.022765478897375857e+01
1.300000000000000000e+02 2.022765478897375857e+01
1.310000000000000000e+02 2.022765478897375857e+01
1.320000000000000000e+02 2.022765478897375857e+01
1.330000000000000000e+02 2.026271138306210418e+01
1.340000000000000000e+02 2.026271138306210418e+01
1.350000000000000000e+02 2.029776797715044623e+01
1.360000000000000000e+02 2.029776797715044623e+01
1.370000000000000000e+02 2.033282457123878473e+01
1.380000000000000000e+02 2.033282457123878473e+01
1.390000000000000000e+02 2.033282457123878473e+01
1.400000000000000000e+02 2.033282457123878473e+01
1.410000000000000000e+02 2.036788116532713389e+01
1.420000000000000000e+02 2.040293775941547239e+01
1.430000000000000000e+02 2.040293775941547239e+01
1.440000000000000000e+02 2.040293775941547239e+01
1.450000000000000000e+02 2.036788116532713389e+01
1.460000000000000000e+02 2.040293775941547239e+01
1.470000000000000000e+02 2.040293775941547239e+01
1.480000000000000000e+02 2.043799435350381444e+01
1.490000000000000000e+02 2.040293775941547239e+01
1.500000000000000000e+02 2.040293775941547239e+01
1.510000000000000000e+02 2.040293775941547239e+01
1.520000000000000000e+02 2.040293775941547239e+01
1.530000000000000000e+02 2.040293775941547239e+01
1.540000000000000000e+02 2.043799435350381444e+01
1.550000000000000000e+02 2.040293775941547239e+01
1.560000000000000000e+02 2.040293775941547239e+01
1.570000000000000000e+02 2.040293775941547239e+01
1.580000000000000000e+02 2.040293775941547239e+01
1.590000000000000000e+02 2.036788116532713389e+01
1.600000000000000000e+02 2.040293775941547239e+01
1.610000000000000000e+02 2.043799435350381444e+01
1.620000000000000000e+02 2.043799435350381444e+01
1.630000000000000000e+02 2.043799435350381444e+01
1.640000000000000000e+02 2.047305094759216004e+01
1.650000000000000000e+02 2.047305094759216004e+01
1.660000000000000000e+02 2.050810754168050565e+01
1.670000000000000000e+02 2.050810754168050565e+01
1.680000000000000000e+02 2.050810754168050565e+01
1.690000000000000000e+02 2.050810754168050565e+01
1.700000000000000000e+02 2.050810754168050565e+01
1.710000000000000000e+02 2.050810754168050565e+01
1.720000000000000000e+02 2.050810754168050565e+01
1.730000000000000000e+02 2.050810754168050565e+01
1.740000000000000000e+02 2.054316413576884770e+01
1.750000000000000000e+02 2.057822072985718975e+01
1.760000000000000000e+02 2.061327732394553536e+01
1.770000000000000000e+02 2.057822072985718975e+01
1.780000000000000000e+02 2.057822072985718975e+01
1.790000000000000000e+02 2.057822072985718975e+01
1.800000000000000000e+02 2.057822072985718975e+01
1.810000000000000000e+02 2.057822072985718975e+01
1.820000000000000000e+02 2.054316413576884770e+01
1.830000000000000000e+02 2.054316413576884770e+01
1.840000000000000000e+02 2.054316413576884770e+01
1.850000000000000000e+02 2.054316413576884770e+01
1.860000000000000000e+02 2.054316413576884770e+01
1.870000000000000000e+02 2.057822072985718975e+01
1.880000000000000000e+02 2.057822072985718975e+01
1.890000000000000000e+02 2.057822072985718975e+01
1.900000000000000000e+02 2.061327732394553536e+01
1.910000000000000000e+02 2.054316413576884770e+01
1.920000000000000000e+02 2.054316413576884770e+01
1.930000000000000000e+02 2.054316413576884770e+01
1.940000000000000000e+02 2.054316413576884770e+01
1.950000000000000000e+02 2.054316413576884770e+01
1.960000000000000000e+02 2.054316413576884770e+01
1.970000000000000000e+02 2.054316413576884770e+01
1.980000000000000000e+02 2.054316413576884770e+01
1.990000000000000000e+02 2.057822072985718975e+01
2.000000000000000000e+02 2.057822072985718975e+01
2.010000000000000000e+02 2.061327732394553536e+01
2.020000000000000000e+02 2.061327732394553536e+01
2.030000000000000000e+02 2.061327732394553536e+01
2.040000000000000000e+02 2.061327732394553536e+01
2.050000000000000000e+02 2.061327732394553536e+01
2.060000000000000000e+02 2.061327732394553536e+01
2.070000000000000000e+02 2.061327732394553536e+01
2.080000000000000000e+02 2.064833391803387386e+01
2.090000000000000000e+02 2.061327732394553536e+01
2.100000000000000000e+02 2.064833391803387386e+01
2.110000000000000000e+02 2.064833391803387386e+01
2.120000000000000000e+02 2.064833391803387386e+01
2.130000000000000000e+02 2.064833391803387386e+01
2.140000000000000000e+02 2.064833391803387386e+01
2.150000000000000000e+02 2.064833391803387386e+01
2.160000000000000000e+02 2.064833391803387386e+01
2.170000000000000000e+02 2.068339051212221946e+01
2.180000000000000000e+02 2.071844710621056151e+01
2.190000000000000000e+02 2.071844710621056151e+01
2.200000000000000000e+02 2.071844710621056151e+01
2.210000000000000000e+02 2.071844710621056151e+01
2.220000000000000000e+02 2.071844710621056151e+01
2.230000000000000000e+02 2.071844710621056151e+01
2.240000000000000000e+02 2.071844710621056151e+01
2.250000000000000000e+02 2.071844710621056151e+01
2.260000000000000000e+02 2.075350370029890357e+01
2.270000000000000000e+02 2.075350370029890357e+01
2.280000000000000000e+02 2.078856029438724562e+01
2.290000000000000000e+02 2.071844710621056151e+01
2.300000000000000000e+02 2.071844710621056151e+01
2.310000000000000000e+02 2.071844710621056151e+01
2.320000000000000000e+02 2.071844710621056151e+01
2.330000000000000000e+02 2.071844710621056151e+01
2.340000000000000000e+02 2.071844710621056151e+01
2.350000000000000000e+02 2.071844710621056151e+01
2.360000000000000000e+02 2.071844710621056151e+01
2.370000000000000000e+02 2.071844710621056151e+01
2.380000000000000000e+02 2.071844710621056151e+01
2.390000000000000000e+02 2.071844710621056151e+01
2.400000000000000000e+02 2.071844710621056151e+01
2.410000000000000000e+02 2.075350370029890357e+01
2.420000000000000000e+02 2.071844710621056151e+01
2.430000000000000000e+02 2.071844710621056151e+01
2.440000000000000000e+02 2.071844710621056151e+01
2.450000000000000000e+02 2.071844710621056151e+01
2.460000000000000000e+02 2.071844710621056151e+01
2.470000000000000000e+02 2.071844710621056151e+01
2.480000000000000000e+02 2.071844710621056151e+01
2.490000000000000000e+02 2.071844710621056151e+01
2.500000000000000000e+02 2.071844710621056151e+01
