0.000000000000000000e+00 4.435066090999668226e-02
1.000000000000000000e+00 1.039133842577216887e-01
2.000000000000000000e+00 1.081984722683493744e-01
3.000000000000000000e+00 1.107695250747259830e-01
4.000000000000000000e+00 1.131263234805712503e-01
5.000000000000000000e+00 1.129120690800398674e-01
6.000000000000000000e+00 1.144118498837595477e-01
7.000000000000000000e+00 1.150546130853537102e-01
8.000000000000000000e+00 1.163401394885420215e-01
9.000000000000000000e+00 1.169829026901361840e-01
1.000000000000000000e+01 1.167686482896047873e-01
1.100000000000000000e+01 1.174114114911989498e-01
1.200000000000000000e+01 1.184826834938558365e-01
1.300000000000000000e+01 1.186969378943872472e-01
1.400000000000000000e+01 1.191254466954499991e-01
1.500000000000000000e+01 1.199824642975755584e-01
1.600000000000000000e+01 1.199824642975755584e-01
1.700000000000000000e+01 1.199824642975755584e-01
1.800000000000000000e+01 1.199824642975755584e-01
1.900000000000000000e+01 1.201967186981069552e-01
2.000000000000000000e+01 1.206252274991697210e-01
2.100000000000000000e+01 1.208394818997011039e-01
2.200000000000000000e+01 1.212679907007638558e-01
2.300000000000000000e+01 1.221250083028894290e-01
2.400000000000000000e+01 1.225535171039521531e-01
2.500000000000000000e+01 1.229820259050149189e-01
2.600000000000000000e+01 1.229820259050149189e-01
2.700000000000000000e+01 1.229820259050149189e-01
2.800000000000000000e+01 1.229820259050149189e-01
2.900000000000000000e+01 1.231962803055463157e-01
3.000000000000000000e+01 1.234105347060776986e-01
3.100000000000000000e+01 1.236247891066090815e-01
3.200000000000000000e+01 1.238390435071404644e-01
3.300000000000000000e+01 1.246960611092660098e-01
3.400000000000000000e+01 1.251245699103287756e-01
3.500000000000000000e+01 1.249103155097974066e-01
3.600000000000000000e+01 1.249103155097974066e-01
3.700000000000000000e+01 1.253388243108601863e-01
3.800000000000000000e+01 1.253388243108601863e-01
3.900000000000000000e+01 1.253388243108601863e-01
4.000000000000000000e+01 1.255530787113915692e-01
4.100000000000000000e+01 1.259815875124543350e-01
4.200000000000000000e+01 1.261958419129857178e-01
4.300000000000000000e+01 1.261958419129857178e-01
4.400000000000000000e+01 1.264100963135171007e-01
4.500000000000000000e+01 1.261958419129857178e-01
4.600000000000000000e+01 1.266243507140484559e-01
4.700000000000000000e+01 1.270528595151112494e-01
4.800000000000000000e+01 1.272671139156426323e-01
4.900000000000000000e+01 1.274813683161740152e-01
5.000000000000000000e+01 1.274813683161740152e-01
5.100000000000000000e+01 1.274813683161740152e-01
5.200000000000000000e+01 1.276956227167053981e-01
5.300000000000000000e+01 1.281241315177681639e-01
5.400000000000000000e+01 1.281241315177681639e-01
5.500000000000000000e+01 1.281241315177681639e-01
5.600000000000000000e+01 1.279098771172367810e-01
5.700000000000000000e+01 1.279098771172367810e-01
5.800000000000000000e+01 1.279098771172367810e-01
5.900000000000000000e+01 1.281241315177681639e-01
6.000000000000000000e+01 1.283383859182995468e-01
6.100000000000000000e+01 1.281241315177681639e-01
6.200000000000000000e+01 1.281241315177681639e-01
6.300000000000000000e+01 1.281241315177681639e-01
6.400000000000000000e+01 1.281241315177681639e-01
6.500000000000000000e+01 1.281241315177681639e-01
6.600000000000000000e+01 1.283383859182995468e-01
6.700000000000000000e+01 1.281241315177681639e-01
6.800000000000000000e+01 1.285526403188309297e-01
6.900000000000000000e+01 1.285526403188309297e-01
7.000000000000000000e+01 1.287668947193623403e-01
7.100000000000000000e+01 1.287668947193623403e-01
7.200000000000000000e+01 1.287668947193623403e-01
7.300000000000000000e+01 1.289811491198937232e-01
7.400000000000000000e+01 1.291954035204251061e-01
7.500000000000000000e+01 1.291954035204251061e-01
7.600000000000000000e+01 1.294096579209564890e-01
7.700000000000000000e+01 1.294096579209564890e-01
7.800000000000000000e+01 1.291954035204251061e-01
7.900000000000000000e+01 1.291954035204251061e-01
8.000000000000000000e+01 1.294096579209564890e-01
8.100000000000000000e+01 1.296239123214878719e-01
8.200000000000000000e+01 1.296239123214878719e-01
8.300000000000000000e+01 1.298381667220192548e-01
8.400000000000000000e+01 1.300524211225506377e-01
8.500000000000000000e+01 1.302666755230820206e-01
8.600000000000000000e+01 1.302666755230820206e-01
8.700000000000000000e+01 1.304809299236134312e-01
8.800000000000000000e+01 1.304809299236134312e-01
8.900000000000000000e+01 1.304809299236134312e-01
9.000000000000000000e+01 1.304809299236134312e-01
9.100000000000000000e+01 1.306951843241448141e-01
9.200000000000000000e+01 1.306951843241448141e-01
9.300000000000000000e+01 1.304809299236134312e-01
9.400000000000000000e+01 1.304809299236134312e-01
9.500000000000000000e+01 1.304809299236134312e-01
9.600000000000000000e+01 1.304809299236134312e-01
9.700000000000000000e+01 1.304809299236134312e-01
9.800000000000000000e+01 1.304809299236134312e-01
9.900000000000000000e+01 1.304809299236134312e-01
1.000000000000000000e+02 1.306951843241448141e-01
1.010000000000000000e+02 1.306951843241448141e-01
1.020000000000000000e+02 1.304809299236134312e-01
1.030000000000000000e+02 1.306951843241448141e-01
1.040000000000000000e+02 1.309094387246761693e-01
1.050000000000000000e+02 1.309094387246761693e-01
1.060000000000000000e+02 1.309094387246761693e-01
1.070000000000000000e+02 1.309094387246761693e-01
1.080000000000000000e+02 1.311236931252075522e-01
1.090000000000000000e+02 1.313379475257389351e-01
1.100000000000000000e+02 1.313379475257389351e-01
1.110000000000000000e+02 1.313379475257389351e-01
1.120000000000000000e+02 1.313379475257389351e-01
1.130000000000000000e+02 1.313379475257389351e-01
1.140000000000000000e+02 1.313379475257389351e-01
1.150000000000000000e+02 1.313379475257389351e-01
1.160000000000000000e+02 1.313379475257389351e-01
1.170000000000000000e+02 1.313379475257389351e-01
1.180000000000000000e+02 1.313379475257389351e-01
1.190000000000000000e+02 1.313379475257389351e-01
1.200000000000000000e+02 1.313379475257389351e-01
1.210000000000000000e+02 1.313379475257389351e-01
1.220000000000000000e+02 1.313379475257389351e-01
1.230000000000000000e+02 1.313379475257389351e-01
1.240000000000000000e+02 1.313379475257389351e-01
1.250000000000000000e+02 1.313379475257389351e-01
1.260000000000000000e+02 1.313379475257389351e-01
1.270000000000000000e+02 1.313379475257389351e-01
1.280000000000000000e+02 1.315522019262703179e-01
1.290000000000000000e+02 1.315522019262703179e-01
1.300000000000000000e+02 1.315522019262703179e-01
1.310000000000000000e+02 1.315522019262703179e-01
1.320000000000000000e+02 1.315522019262703179e-01
1.330000000000000000e+02 1.315522019262703179e-01
1.340000000000000000e+02 1.315522019262703179e-01
1.350000000000000000e+02 1.315522019262703179e-01
1.360000000000000000e+02 1.315522019262703179e-01
1.370000000000000000e+02 1.315522019262703179e-01
1.380000000000000000e+02 1.315522019262703179e-01
1.390000000000000000e+02 1.315522019262703179e-01
1.400000000000000000e+02 1.315522019262703179e-01
1.410000000000000000e+02 1.315522019262703179e-01
1.420000000000000000e+02 1.315522019262703179e-01
1.430000000000000000e+02 1.315522019262703179e-01
1.440000000000000000e+02 1.315522019262703179e-01
1.450000000000000000e+02 1.315522019262703179e-01
1.460000000000000000e+02 1.315522019262703179e-01
1.470000000000000000e+02 1.315522019262703179e-01
1.480000000000000000e+02 1.315522019262703179e-01
1.490000000000000000e+02 1.317664563268017008e-01
1.500000000000000000e+02 1.317664563268017008e-01
1.510000000000000000e+02 1.315522019262703179e-01
1.520000000000000000e+02 1.317664563268017008e-01
1.530000000000000000e+02 1.315522019262703179e-01
1.540000000000000000e+02 1.315522019262703179e-01
1.550000000000000000e+02 1.315522019262703179e-01
1.560000000000000000e+02 1.315522019262703179e-01
1.570000000000000000e+02 1.315522019262703179e-01
1.580000000000000000e+02 1.315522019262703179e-01
1.590000000000000000e+02 1.315522019262703179e-01
1.600000000000000000e+02 1.315522019262703179e-01
1.610000000000000000e+02 1.315522019262703179e-01
1.620000000000000000e+02 1.315522019262703179e-01
1.630000000000000000e+02 1.315522019262703179e-01
1.640000000000000000e+02 1.315522019262703179e-01
1.650000000000000000e+02 1.317664563268017008e-01
1.660000000000000000e+02 1.317664563268017008e-01
1.670000000000000000e+02 1.317664563268017008e-01
1.680000000000000000e+02 1.317664563268017008e-01
1.690000000000000000e+02 1.317664563268017008e-01
1.700000000000000000e+02 1.317664563268017008e-01
1.710000000000000000e+02 1.319807107273331115e-01
1.720000000000000000e+02 1.319807107273331115e-01
1.730000000000000000e+02 1.321949651278644944e-01
1.740000000000000000e+02 1.324092195283958773e-01
1.750000000000000000e+02 1.324092195283958773e-01
1.760000000000000000e+02 1.324092195283958773e-01
1.770000000000000000e+02 1.328377283294586431e-01
1.780000000000000000e+02 1.328377283294586431e-01
1.790000000000000000e+02 1.328377283294586431e-01
1.800000000000000000e+02 1.326234739289272602e-01
1.810000000000000000e+02 1.326234739289272602e-01
1.820000000000000000e+02 1.326234739289272602e-01
1.830000000000000000e+02 1.326234739289272602e-01
1.840000000000000000e+02 1.326234739289272602e-01
1.850000000000000000e+02 1.326234739289272602e-01
1.860000000000000000e+02 1.326234739289272602e-01
1.870000000000000000e+02 1.326234739289272602e-01
1.880000000000000000e+02 1.326234739289272602e-01
1.890000000000000000e+02 1.326234739289272602e-01
1.900000000000000000e+02 1.326234739289272602e-01
1.910000000000000000e+02 1.326234739289272602e-01
1.920000000000000000e+02 1.326234739289272602e-01
1.930000000000000000e+02 1.326234739289272602e-01
1.940000000000000000e+02 1.326234739289272602e-01
1.950000000000000000e+02 1.326234739289272602e-01
1.960000000000000000e+02 1.326234739289272602e-01
1.970000000000000000e+02 1.326234739289272602e-01
1.980000000000000000e+02 1.326234739289272602e-01
1.990000000000000000e+02 1.326234739289272602e-01
2.000000000000000000e+02 1.326234739289272602e-01
2.010000000000000000e+02 1.326234739289272602e-01
2.020000000000000000e+02 1.326234739289272602e-01
2.030000000000000000e+02 1.326234739289272602e-01
2.040000000000000000e+02 1.326234739289272602e-01
2.050000000000000000e+02 1.326234739289272602e-01
2.060000000000000000e+02 1.326234739289272602e-01
2.070000000000000000e+02 1.328377283294586431e-01
2.080000000000000000e+02 1.328377283294586431e-01
2.090000000000000000e+02 1.328377283294586431e-01
2.100000000000000000e+02 1.328377283294586431e-01
2.110000000000000000e+02 1.328377283294586431e-01
2.120000000000000000e+02 1.328377283294586431e-01
2.130000000000000000e+02 1.328377283294586431e-01
2.140000000000000000e+02 1.328377283294586431e-01
2.150000000000000000e+02 1.328377283294586431e-01
2.160000000000000000e+02 1.328377283294586431e-01
2.170000000000000000e+02 1.326234739289272602e-01
2.180000000000000000e+02 1.326234739289272602e-01
2.190000000000000000e+02 1.326234739289272602e-01
2.200000000000000000e+02 1.328377283294586431e-01
2.210000000000000000e+02 1.328377283294586431e-01
2.220000000000000000e+02 1.330519827299900260e-01
2.230000000000000000e+02 1.330519827299900260e-01
2.240000000000000000e+02 1.330519827299900260e-01
2.250000000000000000e+02 1.330519827299900260e-01
2.260000000000000000e+02 1.330519827299900260e-01
2.270000000000000000e+02 1.330519827299900260e-01
2.280000000000000000e+02 1.330519827299900260e-01
2.290000000000000000e+02 1.330519827299900260e-01
2.300000000000000000e+02 1.332662371305214088e-01
2.310000000000000000e+02 1.334804915310527917e-01
2.320000000000000000e+02 1.334804915310527917e-01
2.330000000000000000e+02 1.334804915310527917e-01
2.340000000000000000e+02 1.334804915310527917e-01
2.350000000000000000e+02 1.336947459315842024e-01
2.360000000000000000e+02 1.336947459315842024e-01
2.370000000000000000e+02 1.339090003321155853e-01
2.380000000000000000e+02 1.339090003321155853e-01
2.390000000000000000e+02 1.339090003321155853e-01
2.400000000000000000e+02 1.339090003321155853e-01
2.410000000000000000e+02 1.339090003321155853e-01
2.420000000000000000e+02 1.339090003321155853e-01
2.430000000000000000e+02 1.339090003321155853e-01
2.440000000000000000e+02 1.339090003321155853e-01
2.450000000000000000e+02 1.339090003321155853e-01
2.460000000000000000e+02 1.339090003321155853e-01
2.470000000000000000e+02 1.341232547326469682e-01
2.480000000000000000e+02 1.341232547326469682e-01
2.490000000000000000e+02 1.341232547326469682e-01
2.500000000000000000e+02 1.341232547326469682e-01
