0.000000000000000000e+00 0.000000000000000000e+00
1.000000000000000000e+00 0.000000000000000000e+00
2.000000000000000000e+00 0.000000000000000000e+00
3.000000000000000000e+00 0.000000000000000000e+00
4.000000000000000000e+00 0.000000000000000000e+00
5.000000000000000000e+00 0.000000000000000000e+00
6.000000000000000000e+00 3.505659408834274626e-02
7.000000000000000000e+00 0.000000000000000000e+00
8.000000000000000000e+00 0.000000000000000000e+00
9.000000000000000000e+00 0.000000000000000000e+00
1.000000000000000000e+01 0.000000000000000000e+00
1.100000000000000000e+01 0.000000000000000000e+00
1.200000000000000000e+01 0.000000000000000000e+00
1.300000000000000000e+01 0.000000000000000000e+00
1.400000000000000000e+01 0.000000000000000000e+00
1.500000000000000000e+01 3.505659408834274626e-02
1.600000000000000000e+01 0.000000000000000000e+00
1.700000000000000000e+01 0.000000000000000000e+00
1.800000000000000000e+01 3.505659408834274626e-02
1.900000000000000000e+01 0.000000000000000000e+00
2.000000000000000000e+01 0.000000000000000000e+00
2.100000000000000000e+01 0.000000000000000000e+00
2.200000000000000000e+01 3.505659408834274626e-02
2.300000000000000000e+01 0.000000000000000000e+00
2.400000000000000000e+01 3.505659408834274626e-02
2.500000000000000000e+01 3.505659408834274626e-02
2.600000000000000000e+01 0.000000000000000000e+00
2.700000000000000000e+01 3.505659408834274626e-02
2.800000000000000000e+01 0.000000000000000000e+00
2.900000000000000000e+01 0.000000000000000000e+00
3.000000000000000000e+01 0.000000000000000000e+00
3.100000000000000000e+01 1.402263763533709851e-01
3.200000000000000000e+01 0.000000000000000000e+00
3.300000000000000000e+01 0.000000000000000000e+00
3.400000000000000000e+01 3.505659408834274626e-02
3.500000000000000000e+01 0.000000000000000000e+00
3.600000000000000000e+01 3.505659408834274626e-02
3.700000000000000000e+01 0.000000000000000000e+00
3.800000000000000000e+01 0.000000000000000000e+00
3.900000000000000000e+01 3.505659408834274626e-02
4.000000000000000000e+01 0.000000000000000000e+00
4.100000000000000000e+01 3.505659408834274626e-02
4.200000000000000000e+01 0.000000000000000000e+00
4.300000000000000000e+01 7.011318817668549253e-02
4.400000000000000000e+01 7.011318817668549253e-02
4.500000000000000000e+01 0.000000000000000000e+00
4.600000000000000000e+01 3.505659408834274626e-02
4.700000000000000000e+01 3.505659408834274626e-02
4.800000000000000000e+01 0.000000000000000000e+00
4.900000000000000000e+01 0.000000000000000000e+00
5.000000000000000000e+01 0.000000000000000000e+00
5.100000000000000000e+01 0.000000000000000000e+00
5.200000000000000000e+01 0.000000000000000000e+00
5.300000000000000000e+01 3.505659408834274626e-02
5.400000000000000000e+01 3.505659408834274626e-02
5.500000000000000000e+01 0.000000000000000000e+00
5.600000000000000000e+01 0.000000000000000000e+00
5.700000000000000000e+01 0.000000000000000000e+00
5.800000000000000000e+01 0.000000000000000000e+00
5.900000000000000000e+01 0.000000000000000000e+00
6.000000000000000000e+01 3.505659408834274626e-02
6.100000000000000000e+01 3.505659408834274626e-02
6.200000000000000000e+01 0.000000000000000000e+00
6.300000000000000000e+01 0.000000000000000000e+00
6.400000000000000000e+01 0.000000000000000000e+00
6.500000000000000000e+01 3.505659408834274626e-02
6.600000000000000000e+01 0.000000000000000000e+00
6.700000000000000000e+01 3.505659408834274626e-02
6.800000000000000000e+01 0.000000000000000000e+00
6.900000000000000000e+01 3.505659408834274626e-02
7.000000000000000000e+01 3.505659408834274626e-02
7.100000000000000000e+01 0.000000000000000000e+00
7.200000000000000000e+01 0.000000000000000000e+00
7.300000000000000000e+01 3.505659408834274626e-02
7.400000000000000000e+01 0.000000000000000000e+00
7.500000000000000000e+01 0.000000000000000000e+00
7.600000000000000000e+01 0.000000000000000000e+00
7.700000000000000000e+01 0.000000000000000000e+00
7.800000000000000000e+01 0.000000000000000000e+00
7.900000000000000000e+01 0.000000000000000000e+00
8.000000000000000000e+01 0.000000000000000000e+00
8.100000000000000000e+01 0.000000000000000000e+00
8.200000000000000000e+01 7.011318817668549253e-02
8.300000000000000000e+01 0.000000000000000000e+00
8.400000000000000000e+01 0.000000000000000000e+00
8.500000000000000000e+01 0.000000000000000000e+00
8.600000000000000000e+01 0.000000000000000000e+00
8.700000000000000000e+01 0.000000000000000000e+00
8.800000000000000000e+01 1.402263763533709851e-01
8.900000000000000000e+01 3.505659408834274626e-02
9.000000000000000000e+01 0.000000000000000000e+00
9.100000000000000000e+01 0.000000000000000000e+00
9.200000000000000000e+01 0.000000000000000000e+00
9.300000000000000000e+01 0.000000000000000000e+00
9.400000000000000000e+01 0.000000000000000000e+00
9.500000000000000000e+01 7.011318817668549253e-02
9.600000000000000000e+01 0.000000000000000000e+00
9.700000000000000000e+01 0.000000000000000000e+00
9.800000000000000000e+01 0.000000000000000000e+00
9.900000000000000000e+01 0.000000000000000000e+00
1.000000000000000000e+02 0.000000000000000000e+00
1.010000000000000000e+02 3.505659408834274626e-02
1.020000000000000000e+02 0.000000000000000000e+00
1.030000000000000000e+02 3.505659408834274626e-02
1.040000000000000000e+02 0.000000000000000000e+00
1.050000000000000000e+02 0.000000000000000000e+00
1.060000000000000000e+02 0.000000000000000000e+00
1.070000000000000000e+02 3.505659408834274626e-02
1.080000000000000000e+02 0.000000000000000000e+00
1.090000000000000000e+02 0.000000000000000000e+00
1.100000000000000000e+02 0.000000000000000000e+00
1.110000000000000000e+02 0.000000000000000000e+00
1.120000000000000000e+02 3.505659408834274626e-02
1.130000000000000000e+02 0.000000000000000000e+00
1.140000000000000000e+02 0.000000000000000000e+00
1.150000000000000000e+02 0.000000000000000000e+00
1.160000000000000000e+02 0.000000000000000000e+00
1.170000000000000000e+02 0.000000000000000000e+00
1.180000000000000000e+02 0.000000000000000000e+00
1.190000000000000000e+02 0.000000000000000000e+00
1.200000000000000000e+02 0.000000000000000000e+00
1.210000000000000000e+02 0.000000000000000000e+00
1.220000000000000000e+02 0.000000000000000000e+00
1.230000000000000000e+02 3.505659408834274626e-02
1.240000000000000000e+02 7.011318817668549253e-02
1.250000000000000000e+02 3.505659408834274626e-02
1.260000000000000000e+02 0.000000000000000000e+00
1.270000000000000000e+02 0.000000000000000000e+00
1.280000000000000000e+02 0.000000000000000000e+00
1.290000000000000000e+02 0.000000000000000000e+00
1.300000000000000000e+02 0.000000000000000000e+00
1.310000000000000000e+02 0.000000000000000000e+00
1.320000000000000000e+02 7.011318817668549253e-02
1.330000000000000000e+02 1.402263763533709851e-01
1.340000000000000000e+02 0.000000000000000000e+00
1.350000000000000000e+02 3.505659408834274626e-02
1.360000000000000000e+02 3.505659408834274626e-02
1.370000000000000000e+02 1.051697822650282110e-01
1.380000000000000000e+02 0.000000000000000000e+00
1.390000000000000000e+02 3.505659408834274626e-02
1.400000000000000000e+02 0.000000000000000000e+00
1.410000000000000000e+02 0.000000000000000000e+00
1.420000000000000000e+02 0.000000000000000000e+00
1.430000000000000000e+02 0.000000000000000000e+00
1.440000000000000000e+02 0.000000000000000000e+00
1.450000000000000000e+02 3.505659408834274626e-02
1.460000000000000000e+02 0.000000000000000000e+00
1.470000000000000000e+02 0.000000000000000000e+00
1.480000000000000000e+02 1.402263763533709851e-01
1.490000000000000000e+02 3.505659408834274626e-02
1.500000000000000000e+02 0.000000000000000000e+00
1.510000000000000000e+02 0.000000000000000000e+00
1.520000000000000000e+02 0.000000000000000000e+00
1.530000000000000000e+02 3.505659408834274626e-02
1.540000000000000000e+02 0.000000000000000000e+00
1.550000000000000000e+02 0.000000000000000000e+00
1.560000000000000000e+02 0.000000000000000000e+00
1.570000000000000000e+02 0.000000000000000000e+00
1.580000000000000000e+02 0.000000000000000000e+00
1.590000000000000000e+02 7.011318817668549253e-02
1.600000000000000000e+02 0.000000000000000000e+00
1.610000000000000000e+02 3.505659408834274626e-02
1.620000000000000000e+02 0.000000000000000000e+00
1.630000000000000000e+02 0.000000000000000000e+00
1.640000000000000000e+02 0.000000000000000000e+00
1.650000000000000000e+02 0.000000000000000000e+00
1.660000000000000000e+02 3.505659408834274626e-02
1.670000000000000000e+02 3.505659408834274626e-02
1.680000000000000000e+02 7.011318817668549253e-02
1.690000000000000000e+02 0.000000000000000000e+00
1.700000000000000000e+02 0.000000000000000000e+00
1.710000000000000000e+02 0.000000000000000000e+00
1.720000000000000000e+02 0.000000000000000000e+00
1.730000000000000000e+02 0.000000000000000000e+00
1.740000000000000000e+02 0.000000000000000000e+00
1.750000000000000000e+02 0.000000000000000000e+00
1.760000000000000000e+02 7.011318817668549253e-02
1.770000000000000000e+02 0.000000000000000000e+00
1.780000000000000000e+02 3.505659408834274626e-02
1.790000000000000000e+02 0.000000000000000000e+00
1.800000000000000000e+02 3.505659408834274626e-02
1.810000000000000000e+02 0.000000000000000000e+00
1.820000000000000000e+02 0.000000000000000000e+00
1.830000000000000000e+02 0.000000000000000000e+00
1.840000000000000000e+02 0.000000000000000000e+00
1.850000000000000000e+02 0.000000000000000000e+00
1.860000000000000000e+02 0.000000000000000000e+00
1.870000000000000000e+02 0.000000000000000000e+00
1.880000000000000000e+02 3.505659408834274626e-02
1.890000000000000000e+02 7.011318817668549253e-02
1.900000000000000000e+02 1.402263763533709851e-01
1.910000000000000000e+02 0.000000000000000000e+00
1.920000000000000000e+02 3.505659408834274626e-02
1.930000000000000000e+02 7.011318817668549253e-02
1.940000000000000000e+02 0.000000000000000000e+00
1.950000000000000000e+02 0.000000000000000000e+00
1.960000000000000000e+02 1.051697822650282110e-01
1.970000000000000000e+02 0.000000000000000000e+00
1.980000000000000000e+02 3.505659408834274626e-02
1.990000000000000000e+02 0.000000000000000000e+00
2.000000000000000000e+02 7.011318817668549253e-02
2.010000000000000000e+02 2.453961586183992238e-01
2.020000000000000000e+02 3.505659408834273516e-01
2.030000000000000000e+02 4.907923172367984477e-01
2.040000000000000000e+02 5.258489113251411107e-01
2.050000000000000000e+02 5.258489113251411107e-01
2.060000000000000000e+02 6.660752876785120957e-01
2.070000000000000000e+02 6.660752876785120957e-01
2.080000000000000000e+02 1.121811010826967880e+00
2.090000000000000000e+02 1.191924199003653095e+00
2.100000000000000000e+02 1.787886298505479976e+00
2.110000000000000000e+02 2.839584121155762197e+00
2.120000000000000000e+02 4.942979766456326196e+00
2.130000000000000000e+02 7.677394105347060460e+00
2.140000000000000000e+02 1.318127937721686926e+01
2.150000000000000000e+02 1.545995799295914708e+01
2.160000000000000000e+02 1.623120306290268999e+01
2.170000000000000000e+02 1.665188219196280528e+01
2.180000000000000000e+02 1.700244813284622936e+01
2.190000000000000000e+02 1.738807066781799548e+01
2.200000000000000000e+02 1.756335363825971640e+01
2.210000000000000000e+02 1.770358001461308461e+01
2.220000000000000000e+02 1.791391957914314048e+01
2.230000000000000000e+02 1.798403276731982459e+01
2.240000000000000000e+02 1.798403276731982459e+01
2.250000000000000000e+02 1.787886298505479843e+01
2.260000000000000000e+02 1.798403276731982459e+01
2.270000000000000000e+02 1.805414595549651224e+01
2.280000000000000000e+02 1.801908936140816664e+01
2.290000000000000000e+02 1.826448552002656811e+01
2.300000000000000000e+02 1.822942892593822251e+01
2.310000000000000000e+02 1.833459870820325222e+01
2.320000000000000000e+02 1.829954211411491016e+01
2.330000000000000000e+02 1.840471189637993632e+01
2.340000000000000000e+02 1.843976849046828193e+01
2.350000000000000000e+02 1.843976849046828193e+01
2.360000000000000000e+02 1.843976849046828193e+01
2.370000000000000000e+02 1.861505146090999574e+01
2.380000000000000000e+02 1.861505146090999574e+01
2.390000000000000000e+02 1.875527783726336750e+01
2.400000000000000000e+02 1.872022124317502190e+01
2.410000000000000000e+02 1.872022124317502190e+01
2.420000000000000000e+02 1.868516464908667984e+01
2.430000000000000000e+02 1.868516464908667984e+01
2.440000000000000000e+02 1.875527783726336750e+01
2.450000000000000000e+02 1.875527783726336750e+01
2.460000000000000000e+02 1.882539102544004805e+01
2.470000000000000000e+02 1.886044761952839721e+01
2.480000000000000000e+02 1.889550421361673571e+01
2.490000000000000000e+02 1.893056080770507776e+01
2.500000000000000000e+02 1.900067399588176542e+01
