# Time-averaged data for fix myat2
# TimeStep v_density
3000 0.13564
4000 0.102899
5000 0.0795129
6000 0.0982218
7000 0.0561267
8000 0.107576
9000 0.0841901
10000 0.116931
11000 0.0795129
12000 0.0795129
13000 0.0420951
14000 0.112253
15000 0.102899
16000 0.060804
17000 0.0701584
18000 0.0888673
19000 0.107576
20000 0.0888673
21000 0.102899
22000 0.140317
23000 0.107576
24000 0.102899
25000 0.0982218
26000 0.060804
27000 0.0888673
28000 0.130962
29000 0.0748357
30000 0.0654812
31000 0.102899
32000 0.0982218
33000 0.0561267
34000 0.0795129
35000 0.126285
36000 0.0888673
37000 0.107576
38000 0.107576
39000 0.0420951
40000 0.0748357
41000 0.0935446
42000 0.126285
43000 0.102899
44000 0.0795129
45000 0.116931
46000 0.182412
47000 0.107576
48000 0.0841901
49000 0.0841901
50000 0.0795129
51000 0.126285
52000 0.0701584
53000 0.126285
54000 0.0982218
55000 0.140317
56000 0.0561267
57000 0.130962
58000 0.0935446
59000 0.0841901
60000 0.0982218
61000 0.130962
62000 0.107576
63000 0.0701584
64000 0.0654812
65000 0.0888673
66000 0.0888673
67000 0.130962
68000 0.0935446
69000 0.0420951
70000 0.130962
71000 0.0888673
72000 0.0795129
73000 0.0514495
74000 0.0935446
75000 0.0748357
76000 0.102899
77000 0.116931
78000 0.116931
79000 0.0561267
80000 0.107576
81000 0.144994
82000 0.0841901
83000 0.16838
84000 0.112253
85000 0.0935446
86000 0.0841901
87000 0.0654812
88000 0.116931
89000 0.130962
90000 0.0982218
91000 0.0935446
92000 0.0748357
93000 0.126285
94000 0.159026
95000 0.060804
96000 0.13564
97000 0.0748357
98000 0.130962
99000 0.112253
100000 0.130962
101000 0.107576
102000 0.116931
103000 0.112253
104000 0.149671
105000 0.0888673
106000 0.121608
107000 0.0561267
108000 0.121608
109000 0.140317
110000 0.060804
111000 0.13564
112000 0.107576
113000 0.0935446
114000 0.102899
115000 0.0935446
116000 0.0935446
117000 0.0841901
118000 0.0888673
119000 0.130962
120000 0.116931
121000 0.0748357
122000 0.0701584
123000 0.0935446
124000 0.0795129
125000 0.121608
126000 0.107576
127000 0.130962
128000 0.116931
129000 0.0935446
130000 0.102899
131000 0.102899
132000 0.0935446
133000 0.0982218
134000 0.140317
135000 0.144994
136000 0.0935446
137000 0.107576
138000 0.121608
139000 0.0982218
140000 0.0701584
141000 0.121608
142000 0.102899
143000 0.102899
144000 0.112253
145000 0.112253
146000 0.159026
147000 0.0795129
148000 0.159026
149000 0.0748357
150000 0.126285
151000 0.0935446
152000 0.130962
153000 0.159026
154000 0.102899
155000 0.0654812
156000 0.0748357
157000 0.0748357
158000 0.0561267
159000 0.0701584
160000 0.107576
161000 0.126285
162000 0.0748357
163000 0.107576
164000 0.121608
165000 0.0748357
166000 0.0748357
167000 0.060804
168000 0.0888673
169000 0.149671
170000 0.116931
171000 0.0982218
172000 0.130962
173000 0.0701584
174000 0.0701584
175000 0.149671
176000 0.140317
177000 0.0982218
178000 0.0795129
179000 0.0654812
180000 0.102899
181000 0.102899
182000 0.0654812
183000 0.0795129
184000 0.0561267
185000 0.144994
186000 0.0982218
187000 0.0654812
188000 0.0841901
189000 0.0748357
190000 0.0420951
191000 0.0748357
192000 0.112253
193000 0.0748357
194000 0.112253
195000 0.144994
196000 0.182412
197000 0.102899
198000 0.126285
199000 0.126285
200000 0.0654812
201000 0.107576
202000 0.126285
203000 0.130962
204000 0.130962
205000 0.130962
206000 0.0982218
207000 0.0374178
208000 0.0327406
209000 0.0748357
210000 0.0701584
211000 0.0654812
212000 0.0701584
213000 0.159026
214000 0.0280634
215000 0.0935446
216000 0.121608
217000 0.126285
218000 0.140317
219000 0.116931
220000 0.130962
221000 0.126285
222000 0.0888673
223000 0.0935446
224000 0.0888673
225000 0.130962
226000 0.144994
227000 0.0701584
228000 0.140317
229000 0.107576
230000 0.102899
231000 0.163703
232000 0.0841901
233000 0.116931
234000 0.112253
235000 0.130962
236000 0.0935446
237000 0.140317
238000 0.0982218
239000 0.112253
240000 0.0748357
241000 0.0935446
242000 0.173057
243000 0.130962
244000 0.0888673
245000 0.0467723
246000 0.159026
247000 0.112253
248000 0.116931
249000 0.0888673
250000 0.163703
251000 0.154349
252000 0.102899
253000 0.107576
254000 0.173057
255000 0.0701584
256000 0.144994
257000 0.060804
258000 0.0795129
259000 0.060804
260000 0.112253
261000 0.0982218
262000 0.0888673
263000 0.0982218
264000 0.13564
265000 0.126285
266000 0.126285
267000 0.0795129
268000 0.13564
269000 0.144994
270000 0.107576
271000 0.107576
272000 0.140317
273000 0.0888673
274000 0.149671
275000 0.102899
276000 0.060804
277000 0.112253
278000 0.107576
279000 0.13564
280000 0.0748357
281000 0.0748357
282000 0.121608
283000 0.102899
284000 0.205798
285000 0.0748357
286000 0.0795129
287000 0.060804
288000 0.102899
289000 0.0795129
290000 0.121608
291000 0.126285
292000 0.140317
293000 0.0654812
294000 0.102899
295000 0.154349
296000 0.107576
297000 0.0654812
298000 0.0935446
299000 0.0841901
300000 0.144994
301000 0.0888673
302000 0.112253
303000 0.154349
304000 0.0888673
305000 0.159026
306000 0.102899
307000 0.0654812
308000 0.102899
309000 0.130962
310000 0.0982218
311000 0.130962
312000 0.0561267
313000 0.121608
314000 0.116931
315000 0.0935446
316000 0.0795129
317000 0.0748357
318000 0.0795129
319000 0.0888673
320000 0.0888673
321000 0.102899
322000 0.0795129
323000 0.205798
324000 0.0935446
325000 0.13564
326000 0.0982218
327000 0.0795129
328000 0.0982218
329000 0.102899
330000 0.107576
331000 0.102899
332000 0.0654812
333000 0.0701584
334000 0.107576
335000 0.0935446
336000 0.116931
337000 0.0888673
338000 0.102899
339000 0.112253
340000 0.0561267
341000 0.0888673
342000 0.130962
343000 0.0935446
344000 0.0982218
345000 0.112253
346000 0.154349
347000 0.0795129
348000 0.126285
349000 0.173057
350000 0.0561267
351000 0.0982218
352000 0.0841901
353000 0.0795129
354000 0.107576
355000 0.130962
356000 0.140317
357000 0.126285
358000 0.126285
359000 0.0982218
360000 0.0888673
361000 0.154349
362000 0.102899
363000 0.116931
364000 0.107576
365000 0.0795129
366000 0.0701584
367000 0.0888673
368000 0.0701584
369000 0.102899
370000 0.0514495
371000 0.102899
372000 0.0935446
373000 0.0420951
374000 0.112253
375000 0.187089
376000 0.130962
377000 0.0935446
378000 0.0561267
379000 0.0795129
380000 0.130962
381000 0.060804
382000 0.0888673
383000 0.126285
384000 0.0654812
385000 0.0654812
386000 0.0795129
387000 0.116931
388000 0.0561267
389000 0.149671
390000 0.0748357
391000 0.060804
392000 0.0841901
393000 0.159026
394000 0.0701584
395000 0.126285
396000 0.121608
397000 0.0701584
398000 0.0795129
399000 0.107576
400000 0.121608
401000 0.102899
402000 0.116931
403000 0.0982218
404000 0.0748357
405000 0.0514495
406000 0.0982218
407000 0.140317
408000 0.0982218
409000 0.0888673
410000 0.0748357
411000 0.0841901
412000 0.0654812
413000 0.102899
414000 0.107576
415000 0.107576
416000 0.107576
417000 0.0935446
418000 0.144994
419000 0.0748357
420000 0.0795129
421000 0.112253
422000 0.107576
423000 0.130962
424000 0.177735
425000 0.116931
426000 0.163703
427000 0.102899
428000 0.0795129
429000 0.121608
430000 0.0467723
431000 0.060804
432000 0.0701584
433000 0.0841901
434000 0.0935446
435000 0.0888673
436000 0.0841901
437000 0.0795129
438000 0.126285
439000 0.0888673
440000 0.0795129
441000 0.0654812
442000 0.0935446
443000 0.121608
444000 0.0935446
445000 0.13564
446000 0.0841901
447000 0.0795129
448000 0.126285
449000 0.107576
450000 0.130962
451000 0.0841901
452000 0.112253
453000 0.0701584
454000 0.112253
455000 0.0514495
456000 0.112253
457000 0.121608
458000 0.0841901
459000 0.102899
460000 0.0748357
461000 0.060804
462000 0.0748357
463000 0.0935446
464000 0.0654812
465000 0.112253
466000 0.0748357
467000 0.0795129
468000 0.0841901
469000 0.060804
470000 0.0841901
471000 0.0748357
472000 0.0701584
473000 0.0841901
474000 0.0701584
475000 0.107576
476000 0.0701584
477000 0.0888673
478000 0.0701584
479000 0.0888673
480000 0.130962
481000 0.149671
482000 0.0935446
483000 0.107576
484000 0.0935446
485000 0.112253
486000 0.116931
487000 0.130962
488000 0.102899
489000 0.112253
490000 0.140317
491000 0.112253
492000 0.0935446
493000 0.0654812
494000 0.0748357
495000 0.163703
496000 0.13564
497000 0.112253
498000 0.0888673
499000 0.0841901
500000 0.0748357
501000 0.107576
502000 0.116931
503000 0.0982218
504000 0.144994
505000 0.0888673
506000 0.0935446
507000 0.107576
508000 0.16838
509000 0.116931
510000 0.0982218
511000 0.0841901
512000 0.0935446
513000 0.0841901
514000 0.0935446
515000 0.121608
516000 0.0795129
517000 0.0748357
518000 0.187089
519000 0.0935446
520000 0.130962
521000 0.0748357
522000 0.177735
523000 0.0748357
524000 0.116931
525000 0.163703
526000 0.0935446
527000 0.116931
528000 0.0841901
529000 0.0841901
530000 0.0888673
531000 0.0701584
532000 0.13564
533000 0.107576
534000 0.0795129
535000 0.0841901
536000 0.0748357
537000 0.0561267
538000 0.126285
539000 0.0841901
540000 0.0748357
541000 0.0795129
542000 0.0374178
543000 0.121608
544000 0.0654812
545000 0.121608
546000 0.0701584
547000 0.0795129
548000 0.13564
549000 0.107576
550000 0.112253
551000 0.107576
552000 0.0888673
553000 0.0888673
554000 0.0888673
555000 0.0935446
556000 0.0795129
557000 0.0982218
558000 0.0982218
559000 0.201121
560000 0.0888673
561000 0.0795129
562000 0.13564
563000 0.060804
564000 0.121608
565000 0.0935446
566000 0.163703
567000 0.0935446
568000 0.0654812
569000 0.0561267
570000 0.112253
571000 0.0701584
572000 0.116931
573000 0.0982218
574000 0.0982218
575000 0.0654812
576000 0.102899
577000 0.144994
578000 0.0982218
579000 0.060804
580000 0.0841901
581000 0.0795129
582000 0.154349
583000 0.0795129
584000 0.0935446
585000 0.0467723
586000 0.0561267
587000 0.0748357
588000 0.102899
589000 0.107576
590000 0.0888673
591000 0.126285
592000 0.116931
593000 0.0467723
594000 0.0467723
595000 0.149671
596000 0.0888673
597000 0.0982218
598000 0.159026
599000 0.0888673
600000 0.149671
601000 0.107576
602000 0.112253
603000 0.16838
604000 0.163703
605000 0.0982218
606000 0.060804
607000 0.0654812
608000 0.0841901
609000 0.0748357
610000 0.13564
611000 0.0701584
612000 0.116931
613000 0.0935446
614000 0.0701584
615000 0.102899
616000 0.126285
617000 0.130962
618000 0.0935446
619000 0.163703
620000 0.0701584
621000 0.140317
622000 0.0982218
623000 0.16838
624000 0.0982218
625000 0.126285
626000 0.0935446
627000 0.102899
628000 0.0701584
629000 0.121608
630000 0.0654812
631000 0.140317
632000 0.0888673
633000 0.0701584
634000 0.060804
635000 0.130962
636000 0.144994
637000 0.0935446
638000 0.126285
639000 0.140317
640000 0.0748357
641000 0.126285
642000 0.0982218
643000 0.0654812
644000 0.163703
645000 0.0795129
646000 0.126285
647000 0.116931
648000 0.0795129
649000 0.0888673
650000 0.0888673
651000 0.144994
652000 0.173057
653000 0.102899
654000 0.130962
655000 0.126285
656000 0.112253
657000 0.116931
658000 0.130962
659000 0.0935446
660000 0.0935446
661000 0.116931
662000 0.13564
663000 0.0888673
664000 0.144994
665000 0.0888673
666000 0.107576
667000 0.173057
668000 0.196444
669000 0.0795129
670000 0.112253
671000 0.0841901
672000 0.0795129
673000 0.107576
674000 0.13564
675000 0.159026
676000 0.0888673
677000 0.182412
678000 0.0748357
679000 0.060804
680000 0.121608
681000 0.0982218
682000 0.0935446
683000 0.144994
684000 0.13564
685000 0.0327406
686000 0.112253
687000 0.13564
688000 0.116931
689000 0.0888673
690000 0.112253
691000 0.0701584
692000 0.0841901
693000 0.0935446
694000 0.0748357
695000 0.0935446
696000 0.0514495
697000 0.0795129
698000 0.112253
699000 0.0701584
700000 0.0654812
701000 0.107576
702000 0.116931
703000 0.107576
704000 0.0701584
705000 0.154349
706000 0.060804
707000 0.0841901
708000 0.0748357
709000 0.0654812
710000 0.112253
711000 0.116931
712000 0.107576
713000 0.116931
714000 0.107576
715000 0.13564
716000 0.0982218
717000 0.107576
718000 0.13564
719000 0.121608
720000 0.126285
721000 0.0935446
722000 0.0748357
723000 0.0795129
724000 0.0935446
725000 0.13564
726000 0.0935446
727000 0.107576
728000 0.116931
729000 0.0795129
730000 0.0748357
731000 0.0888673
732000 0.0795129
733000 0.0841901
734000 0.159026
735000 0.0982218
736000 0.121608
737000 0.060804
738000 0.0748357
739000 0.0654812
740000 0.121608
741000 0.0654812
742000 0.0982218
743000 0.0888673
744000 0.130962
745000 0.107576
746000 0.0654812
747000 0.107576
748000 0.0982218
749000 0.130962
750000 0.0982218
751000 0.149671
752000 0.0982218
753000 0.0888673
754000 0.0935446
755000 0.112253
756000 0.0888673
757000 0.159026
758000 0.0654812
759000 0.121608
760000 0.0888673
761000 0.0701584
762000 0.13564
763000 0.149671
764000 0.0654812
765000 0.0795129
766000 0.0982218
767000 0.0561267
768000 0.140317
769000 0.112253
770000 0.0701584
771000 0.0982218
772000 0.0888673
773000 0.149671
774000 0.149671
775000 0.144994
776000 0.102899
777000 0.154349
778000 0.13564
779000 0.0935446
780000 0.0795129
781000 0.116931
782000 0.121608
783000 0.149671
784000 0.112253
785000 0.0982218
786000 0.0748357
787000 0.112253
788000 0.140317
789000 0.140317
790000 0.0982218
791000 0.0982218
792000 0.0935446
793000 0.0935446
794000 0.130962
795000 0.0748357
796000 0.0841901
797000 0.0561267
798000 0.126285
799000 0.0701584
800000 0.0841901
801000 0.060804
802000 0.0748357
803000 0.0748357
804000 0.107576
805000 0.130962
806000 0.0701584
807000 0.121608
808000 0.107576
809000 0.0982218
810000 0.0982218
811000 0.126285
812000 0.107576
813000 0.154349
814000 0.163703
815000 0.116931
816000 0.112253
817000 0.140317
818000 0.0935446
819000 0.107576
820000 0.121608
821000 0.116931
822000 0.130962
823000 0.140317
824000 0.121608
825000 0.13564
826000 0.0982218
827000 0.112253
828000 0.0982218
829000 0.060804
830000 0.0514495
831000 0.107576
832000 0.13564
833000 0.130962
834000 0.060804
835000 0.0841901
836000 0.0982218
837000 0.116931
838000 0.102899
839000 0.0654812
840000 0.0982218
841000 0.0888673
842000 0.154349
843000 0.0748357
844000 0.0795129
845000 0.0795129
846000 0.112253
847000 0.107576
848000 0.0795129
849000 0.0888673
850000 0.060804
851000 0.0888673
852000 0.121608
853000 0.0654812
854000 0.126285
855000 0.0888673
856000 0.0841901
857000 0.0654812
858000 0.107576
859000 0.0888673
860000 0.060804
861000 0.107576
862000 0.116931
863000 0.060804
864000 0.0935446
865000 0.126285
866000 0.102899
867000 0.13564
868000 0.126285
869000 0.0935446
870000 0.126285
871000 0.121608
872000 0.0888673
873000 0.107576
874000 0.0982218
875000 0.0982218
876000 0.0841901
877000 0.0748357
878000 0.116931
879000 0.0748357
880000 0.0982218
881000 0.121608
882000 0.144994
883000 0.0701584
884000 0.121608
885000 0.121608
886000 0.0982218
887000 0.0888673
888000 0.0935446
889000 0.0841901
890000 0.112253
891000 0.112253
892000 0.107576
893000 0.0935446
894000 0.0841901
895000 0.140317
896000 0.0795129
897000 0.112253
898000 0.0841901
899000 0.0654812
900000 0.107576
901000 0.0935446
902000 0.116931
903000 0.0701584
904000 0.13564
905000 0.0841901
906000 0.144994
907000 0.126285
908000 0.102899
909000 0.0701584
910000 0.0982218
911000 0.116931
912000 0.0982218
913000 0.0982218
914000 0.149671
915000 0.0888673
916000 0.107576
917000 0.0561267
918000 0.107576
919000 0.0935446
920000 0.140317
921000 0.0795129
922000 0.126285
923000 0.060804
924000 0.159026
925000 0.112253
926000 0.0795129
927000 0.0795129
928000 0.0982218
929000 0.0561267
930000 0.0514495
931000 0.0982218
932000 0.0935446
933000 0.0982218
934000 0.107576
935000 0.0748357
936000 0.13564
937000 0.13564
938000 0.116931
939000 0.149671
940000 0.149671
941000 0.0935446
942000 0.126285
943000 0.0935446
944000 0.112253
945000 0.130962
946000 0.154349
947000 0.0982218
948000 0.149671
949000 0.0982218
950000 0.121608
951000 0.107576
952000 0.0748357
953000 0.0841901
954000 0.102899
955000 0.107576
956000 0.112253
957000 0.154349
958000 0.0748357
959000 0.112253
960000 0.107576
961000 0.126285
962000 0.121608
963000 0.201121
964000 0.13564
965000 0.0654812
966000 0.102899
967000 0.0841901
968000 0.0748357
969000 0.0514495
970000 0.0888673
971000 0.126285
972000 0.0795129
973000 0.0701584
974000 0.0561267
975000 0.126285
976000 0.107576
977000 0.0561267
978000 0.060804
979000 0.159026
980000 0.0795129
981000 0.112253
982000 0.13564
983000 0.112253
984000 0.0841901
985000 0.0982218
986000 0.0654812
987000 0.144994
988000 0.126285
989000 0.121608
990000 0.102899
991000 0.107576
992000 0.116931
993000 0.102899
994000 0.107576
995000 0.0982218
996000 0.112253
997000 0.182412
998000 0.144994
999000 0.0795129
1000000 0.140317
1001000 0.0888673
1002000 0.0935446
1003000 0.0795129
1004000 0.0982218
1005000 0.0935446
1006000 0.0982218
1007000 0.102899
1008000 0.107576
1009000 0.0795129
1010000 0.0841901
1011000 0.0701584
1012000 0.144994
1013000 0.0841901
1014000 0.107576
1015000 0.107576
1016000 0.112253
1017000 0.0701584
1018000 0.121608
1019000 0.0888673
1020000 0.0841901
1021000 0.0654812
1022000 0.130962
1023000 0.149671
1024000 0.0888673
1025000 0.0888673
1026000 0.0982218
1027000 0.0888673
1028000 0.107576
1029000 0.121608
1030000 0.0935446
1031000 0.0701584
1032000 0.102899
1033000 0.0654812
1034000 0.140317
1035000 0.126285
1036000 0.102899
1037000 0.0701584
1038000 0.102899
1039000 0.121608
1040000 0.0514495
1041000 0.0888673
1042000 0.0935446
1043000 0.144994
1044000 0.060804
1045000 0.102899
1046000 0.0841901
1047000 0.0935446
1048000 0.0654812
1049000 0.121608
1050000 0.121608
1051000 0.116931
1052000 0.182412
1053000 0.13564
1054000 0.159026
1055000 0.102899
1056000 0.0701584
1057000 0.121608
1058000 0.112253
1059000 0.0841901
1060000 0.0888673
1061000 0.121608
1062000 0.112253
1063000 0.112253
1064000 0.0982218
1065000 0.112253
1066000 0.0748357
1067000 0.121608
1068000 0.102899
1069000 0.0888673
1070000 0.0514495
1071000 0.0935446
1072000 0.0888673
1073000 0.102899
1074000 0.140317
1075000 0.140317
1076000 0.173057
1077000 0.0748357
1078000 0.0280634
1079000 0.0841901
1080000 0.0467723
1081000 0.149671
1082000 0.177735
1083000 0.112253
1084000 0.112253
1085000 0.107576
1086000 0.13564
1087000 0.13564
1088000 0.102899
1089000 0.102899
1090000 0.060804
1091000 0.0935446
1092000 0.0982218
1093000 0.107576
1094000 0.0561267
1095000 0.112253
1096000 0.060804
1097000 0.0935446
1098000 0.0982218
1099000 0.0935446
1100000 0.0701584
1101000 0.149671
1102000 0.0514495
1103000 0.0935446
1104000 0.0935446
1105000 0.0935446
1106000 0.140317
1107000 0.16838
1108000 0.107576
1109000 0.0935446
1110000 0.0888673
1111000 0.0888673
1112000 0.121608
1113000 0.0935446
1114000 0.121608
1115000 0.107576
1116000 0.0748357
1117000 0.0514495
1118000 0.144994
1119000 0.0701584
1120000 0.107576
1121000 0.205798
1122000 0.107576
1123000 0.102899
1124000 0.177735
1125000 0.0748357
1126000 0.0982218
1127000 0.116931
1128000 0.187089
1129000 0.140317
1130000 0.0841901
1131000 0.102899
1132000 0.0748357
1133000 0.173057
1134000 0.0841901
1135000 0.0748357
1136000 0.107576
1137000 0.13564
1138000 0.13564
1139000 0.0888673
1140000 0.121608
1141000 0.0795129
1142000 0.0982218
1143000 0.140317
1144000 0.0935446
1145000 0.060804
1146000 0.121608
1147000 0.0841901
1148000 0.149671
1149000 0.0888673
1150000 0.13564
1151000 0.130962
1152000 0.102899
1153000 0.102899
1154000 0.0654812
1155000 0.130962
1156000 0.0795129
1157000 0.0935446
1158000 0.126285
1159000 0.107576
1160000 0.060804
1161000 0.112253
1162000 0.177735
1163000 0.13564
1164000 0.0701584
1165000 0.0982218
1166000 0.126285
1167000 0.0748357
1168000 0.0841901
1169000 0.060804
1170000 0.0935446
1171000 0.0561267
1172000 0.0935446
1173000 0.126285
1174000 0.107576
1175000 0.102899
1176000 0.130962
1177000 0.159026
1178000 0.0467723
1179000 0.107576
1180000 0.0841901
1181000 0.0982218
1182000 0.102899
1183000 0.159026
1184000 0.0935446
1185000 0.107576
1186000 0.102899
1187000 0.130962
1188000 0.0654812
1189000 0.0841901
1190000 0.0888673
1191000 0.0935446
1192000 0.130962
1193000 0.0935446
1194000 0.0982218
1195000 0.107576
1196000 0.102899
1197000 0.121608
1198000 0.0748357
1199000 0.0935446
1200000 0.144994
1201000 0.13564
1202000 0.126285
1203000 0.0561267
1204000 0.0795129
1205000 0.0888673
1206000 0.060804
1207000 0.0888673
1208000 0.144994
1209000 0.0888673
1210000 0.107576
1211000 0.116931
1212000 0.0888673
1213000 0.112253
1214000 0.102899
1215000 0.0514495
1216000 0.140317
1217000 0.112253
1218000 0.112253
1219000 0.130962
1220000 0.121608
1221000 0.107576
1222000 0.112253
1223000 0.112253
1224000 0.0841901
1225000 0.16838
1226000 0.0888673
1227000 0.0982218
1228000 0.102899
1229000 0.182412
1230000 0.121608
1231000 0.060804
1232000 0.0748357
1233000 0.0701584
1234000 0.13564
1235000 0.116931
1236000 0.0654812
1237000 0.107576
1238000 0.107576
1239000 0.116931
1240000 0.060804
1241000 0.0888673
1242000 0.0841901
1243000 0.0795129
1244000 0.0841901
1245000 0.126285
1246000 0.0654812
1247000 0.116931
1248000 0.0935446
1249000 0.0888673
1250000 0.102899
1251000 0.116931
1252000 0.144994
1253000 0.154349
1254000 0.102899
1255000 0.112253
1256000 0.0982218
1257000 0.0795129
1258000 0.0841901
1259000 0.107576
1260000 0.0935446
1261000 0.140317
1262000 0.0935446
1263000 0.159026
1264000 0.0982218
1265000 0.159026
1266000 0.102899
1267000 0.116931
1268000 0.140317
1269000 0.107576
1270000 0.0654812
1271000 0.13564
1272000 0.0841901
1273000 0.130962
1274000 0.112253
1275000 0.0654812
1276000 0.102899
1277000 0.0561267
1278000 0.0935446
1279000 0.112253
1280000 0.0795129
1281000 0.144994
1282000 0.116931
1283000 0.163703
1284000 0.102899
1285000 0.0888673
1286000 0.126285
1287000 0.130962
1288000 0.0841901
1289000 0.0935446
1290000 0.0982218
1291000 0.159026
1292000 0.196444
1293000 0.0748357
1294000 0.149671
1295000 0.0982218
1296000 0.0841901
1297000 0.0654812
1298000 0.116931
1299000 0.112253
1300000 0.102899
1301000 0.0748357
1302000 0.130962
1303000 0.0935446
1304000 0.0467723
1305000 0.0795129
1306000 0.121608
1307000 0.0654812
1308000 0.116931
1309000 0.130962
1310000 0.177735
1311000 0.140317
1312000 0.149671
1313000 0.116931
1314000 0.144994
1315000 0.112253
1316000 0.126285
1317000 0.0935446
1318000 0.112253
1319000 0.0748357
1320000 0.0701584
1321000 0.0841901
1322000 0.130962
1323000 0.0982218
1324000 0.112253
1325000 0.060804
1326000 0.130962
1327000 0.060804
1328000 0.107576
1329000 0.107576
1330000 0.154349
1331000 0.112253
1332000 0.173057
1333000 0.0841901
1334000 0.0701584
1335000 0.0841901
1336000 0.102899
1337000 0.116931
1338000 0.0841901
1339000 0.0841901
1340000 0.121608
1341000 0.060804
1342000 0.102899
1343000 0.0982218
1344000 0.121608
1345000 0.0795129
1346000 0.112253
1347000 0.0701584
1348000 0.13564
1349000 0.107576
1350000 0.130962
1351000 0.0561267
1352000 0.0561267
1353000 0.102899
1354000 0.0795129
1355000 0.107576
1356000 0.0748357
1357000 0.116931
1358000 0.0514495
1359000 0.0654812
1360000 0.0888673
1361000 0.121608
1362000 0.126285
1363000 0.107576
1364000 0.154349
1365000 0.126285
1366000 0.116931
1367000 0.0841901
1368000 0.107576
1369000 0.0888673
1370000 0.0467723
1371000 0.0888673
1372000 0.060804
1373000 0.0888673
1374000 0.13564
1375000 0.102899
1376000 0.173057
1377000 0.144994
1378000 0.112253
1379000 0.0701584
1380000 0.0701584
1381000 0.0982218
1382000 0.0841901
1383000 0.121608
1384000 0.0935446
1385000 0.140317
1386000 0.0841901
1387000 0.0982218
1388000 0.196444
1389000 0.0982218
1390000 0.0841901
1391000 0.0935446
1392000 0.0935446
1393000 0.0748357
1394000 0.13564
1395000 0.0982218
1396000 0.0561267
1397000 0.0841901
1398000 0.116931
1399000 0.130962
1400000 0.102899
1401000 0.130962
1402000 0.121608
1403000 0.130962
1404000 0.0795129
1405000 0.107576
1406000 0.112253
1407000 0.0935446
1408000 0.0982218
1409000 0.0795129
1410000 0.0935446
1411000 0.107576
1412000 0.0841901
1413000 0.0935446
1414000 0.0795129
1415000 0.116931
1416000 0.0888673
1417000 0.0841901
1418000 0.102899
1419000 0.126285
1420000 0.116931
1421000 0.0935446
1422000 0.112253
1423000 0.121608
1424000 0.0701584
1425000 0.060804
1426000 0.0935446
1427000 0.0420951
1428000 0.0982218
1429000 0.116931
1430000 0.107576
1431000 0.0982218
1432000 0.0654812
1433000 0.126285
1434000 0.0982218
1435000 0.0982218
1436000 0.13564
1437000 0.112253
1438000 0.102899
1439000 0.107576
1440000 0.121608
1441000 0.144994
1442000 0.0982218
1443000 0.196444
1444000 0.144994
1445000 0.112253
1446000 0.107576
1447000 0.060804
1448000 0.126285
1449000 0.107576
1450000 0.116931
1451000 0.112253
1452000 0.102899
1453000 0.126285
1454000 0.0982218
1455000 0.116931
1456000 0.126285
1457000 0.0795129
1458000 0.107576
1459000 0.130962
1460000 0.154349
1461000 0.0841901
1462000 0.126285
1463000 0.0514495
1464000 0.0795129
1465000 0.0701584
1466000 0.107576
1467000 0.144994
1468000 0.0982218
1469000 0.0841901
1470000 0.0561267
1471000 0.0982218
1472000 0.121608
1473000 0.112253
1474000 0.140317
1475000 0.0654812
1476000 0.0420951
1477000 0.0888673
1478000 0.0888673
1479000 0.107576
1480000 0.149671
1481000 0.121608
1482000 0.102899
1483000 0.130962
1484000 0.0935446
1485000 0.107576
1486000 0.0654812
1487000 0.0795129
1488000 0.13564
1489000 0.0982218
1490000 0.0701584
1491000 0.0467723
1492000 0.126285
1493000 0.121608
1494000 0.126285
1495000 0.112253
1496000 0.121608
1497000 0.130962
1498000 0.116931
1499000 0.107576
1500000 0.0935446
1501000 0.112253
1502000 0.0748357
1503000 0.121608
1504000 0.0935446
1505000 0.107576
1506000 0.112253
1507000 0.112253
1508000 0.0841901
1509000 0.0841901
1510000 0.121608
1511000 0.0701584
1512000 0.121608
1513000 0.0935446
1514000 0.107576
1515000 0.107576
1516000 0.0935446
1517000 0.159026
1518000 0.0841901
1519000 0.130962
1520000 0.149671
1521000 0.121608
1522000 0.102899
1523000 0.154349
1524000 0.0982218
1525000 0.116931
1526000 0.0888673
1527000 0.107576
1528000 0.112253
1529000 0.121608
1530000 0.126285
1531000 0.0982218
1532000 0.102899
1533000 0.0935446
1534000 0.0795129
1535000 0.126285
1536000 0.130962
1537000 0.154349
1538000 0.0701584
1539000 0.112253
1540000 0.112253
1541000 0.121608
1542000 0.107576
1543000 0.130962
1544000 0.126285
1545000 0.130962
1546000 0.0982218
1547000 0.0982218
1548000 0.126285
1549000 0.0888673
1550000 0.112253
1551000 0.16838
1552000 0.130962
1553000 0.0888673
1554000 0.149671
1555000 0.13564
1556000 0.116931
1557000 0.173057
1558000 0.121608
1559000 0.0654812
1560000 0.0701584
1561000 0.107576
1562000 0.130962
1563000 0.16838
1564000 0.0748357
1565000 0.0748357
1566000 0.0327406
1567000 0.107576
1568000 0.0841901
1569000 0.0841901
1570000 0.0982218
1571000 0.173057
1572000 0.0935446
1573000 0.149671
1574000 0.102899
1575000 0.13564
1576000 0.0654812
1577000 0.107576
1578000 0.0561267
1579000 0.0561267
1580000 0.0748357
1581000 0.0701584
1582000 0.0841901
1583000 0.107576
1584000 0.0420951
1585000 0.0982218
1586000 0.126285
1587000 0.0841901
1588000 0.126285
1589000 0.107576
1590000 0.116931
1591000 0.130962
1592000 0.121608
1593000 0.0561267
1594000 0.102899
1595000 0.13564
1596000 0.0935446
1597000 0.121608
1598000 0.112253
1599000 0.102899
1600000 0.102899
1601000 0.107576
1602000 0.130962
1603000 0.0888673
1604000 0.121608
1605000 0.112253
1606000 0.112253
1607000 0.0748357
1608000 0.0280634
1609000 0.121608
1610000 0.121608
1611000 0.0795129
1612000 0.0841901
1613000 0.0982218
1614000 0.130962
1615000 0.126285
1616000 0.126285
1617000 0.0982218
1618000 0.140317
1619000 0.0420951
1620000 0.126285
1621000 0.116931
1622000 0.102899
1623000 0.107576
1624000 0.0888673
1625000 0.102899
1626000 0.130962
1627000 0.13564
1628000 0.0982218
1629000 0.182412
1630000 0.0420951
1631000 0.0748357
1632000 0.102899
1633000 0.0841901
1634000 0.0841901
1635000 0.121608
1636000 0.107576
1637000 0.102899
1638000 0.102899
1639000 0.112253
1640000 0.107576
1641000 0.130962
1642000 0.107576
1643000 0.0888673
1644000 0.0841901
1645000 0.0654812
1646000 0.0935446
1647000 0.112253
1648000 0.182412
1649000 0.112253
1650000 0.13564
1651000 0.0982218
1652000 0.0748357
1653000 0.102899
1654000 0.126285
1655000 0.0841901
1656000 0.102899
1657000 0.0982218
1658000 0.130962
1659000 0.130962
1660000 0.0795129
1661000 0.0982218
1662000 0.13564
1663000 0.0280634
1664000 0.0982218
1665000 0.0748357
1666000 0.149671
1667000 0.163703
1668000 0.102899
1669000 0.0982218
1670000 0.0748357
1671000 0.116931
1672000 0.107576
1673000 0.102899
1674000 0.0748357
1675000 0.107576
1676000 0.060804
1677000 0.0841901
1678000 0.107576
1679000 0.130962
1680000 0.130962
1681000 0.144994
1682000 0.0420951
1683000 0.116931
1684000 0.107576
1685000 0.126285
1686000 0.0795129
1687000 0.126285
1688000 0.0748357
1689000 0.140317
1690000 0.0935446
1691000 0.102899
1692000 0.0982218
1693000 0.112253
1694000 0.0795129
1695000 0.0795129
1696000 0.116931
1697000 0.130962
1698000 0.149671
1699000 0.0935446
1700000 0.140317
1701000 0.0888673
1702000 0.144994
1703000 0.0888673
1704000 0.121608
1705000 0.0888673
1706000 0.0841901
1707000 0.130962
1708000 0.0888673
1709000 0.140317
1710000 0.107576
1711000 0.0841901
1712000 0.0561267
1713000 0.102899
1714000 0.126285
1715000 0.140317
1716000 0.0935446
1717000 0.126285
1718000 0.121608
1719000 0.126285
1720000 0.0420951
1721000 0.0748357
1722000 0.0888673
1723000 0.0795129
1724000 0.13564
1725000 0.0935446
1726000 0.0888673
1727000 0.13564
1728000 0.163703
1729000 0.0701584
1730000 0.0888673
1731000 0.116931
1732000 0.0654812
1733000 0.102899
1734000 0.121608
1735000 0.0654812
1736000 0.107576
1737000 0.130962
1738000 0.144994
1739000 0.0748357
1740000 0.0748357
1741000 0.126285
1742000 0.149671
1743000 0.0701584
1744000 0.0982218
1745000 0.060804
1746000 0.116931
1747000 0.0888673
1748000 0.0982218
1749000 0.130962
1750000 0.116931
1751000 0.112253
1752000 0.144994
1753000 0.16838
1754000 0.13564
1755000 0.0795129
1756000 0.112253
1757000 0.149671
1758000 0.0888673
1759000 0.060804
1760000 0.0982218
1761000 0.13564
1762000 0.0701584
1763000 0.0982218
1764000 0.126285
1765000 0.126285
1766000 0.0935446
1767000 0.116931
1768000 0.0748357
1769000 0.13564
1770000 0.107576
1771000 0.060804
1772000 0.116931
1773000 0.0888673
1774000 0.121608
1775000 0.0982218
1776000 0.0514495
1777000 0.0841901
1778000 0.0935446
1779000 0.0935446
1780000 0.0888673
1781000 0.0701584
1782000 0.163703
1783000 0.140317
1784000 0.0841901
1785000 0.0982218
1786000 0.0841901
1787000 0.0982218
1788000 0.116931
1789000 0.140317
1790000 0.130962
1791000 0.0982218
1792000 0.177735
1793000 0.0935446
1794000 0.0841901
1795000 0.121608
1796000 0.126285
1797000 0.116931
1798000 0.0514495
1799000 0.0888673
1800000 0.107576
1801000 0.121608
1802000 0.0701584
1803000 0.0888673
1804000 0.0935446
1805000 0.154349
1806000 0.0748357
1807000 0.0935446
1808000 0.0982218
1809000 0.102899
1810000 0.130962
1811000 0.116931
1812000 0.13564
1813000 0.102899
1814000 0.140317
1815000 0.0748357
1816000 0.0420951
1817000 0.205798
1818000 0.0888673
1819000 0.0982218
1820000 0.0888673
1821000 0.102899
1822000 0.0935446
1823000 0.0841901
1824000 0.140317
1825000 0.116931
1826000 0.159026
1827000 0.126285
1828000 0.112253
1829000 0.0935446
1830000 0.0841901
1831000 0.112253
1832000 0.121608
1833000 0.163703
1834000 0.0748357
1835000 0.144994
1836000 0.121608
1837000 0.0467723
1838000 0.126285
1839000 0.149671
1840000 0.173057
1841000 0.205798
1842000 0.060804
1843000 0.102899
1844000 0.107576
1845000 0.0795129
1846000 0.0982218
1847000 0.0982218
1848000 0.140317
1849000 0.0982218
1850000 0.102899
1851000 0.102899
1852000 0.126285
1853000 0.144994
1854000 0.0935446
1855000 0.140317
1856000 0.140317
1857000 0.0654812
1858000 0.0841901
1859000 0.0982218
1860000 0.130962
1861000 0.0982218
1862000 0.060804
1863000 0.0748357
1864000 0.140317
1865000 0.0514495
1866000 0.116931
1867000 0.060804
1868000 0.126285
1869000 0.0701584
1870000 0.0795129
1871000 0.205798
1872000 0.0795129
1873000 0.126285
1874000 0.13564
1875000 0.112253
1876000 0.102899
1877000 0.0982218
1878000 0.121608
1879000 0.107576
1880000 0.116931
1881000 0.0888673
1882000 0.107576
1883000 0.0795129
1884000 0.116931
1885000 0.0748357
1886000 0.0935446
1887000 0.130962
1888000 0.0888673
1889000 0.0795129
1890000 0.0935446
1891000 0.149671
1892000 0.0795129
1893000 0.0748357
1894000 0.0888673
1895000 0.126285
1896000 0.0888673
1897000 0.0935446
1898000 0.0841901
1899000 0.0841901
1900000 0.0935446
1901000 0.0748357
1902000 0.121608
1903000 0.0795129
1904000 0.116931
1905000 0.0795129
1906000 0.0748357
1907000 0.0654812
1908000 0.0795129
1909000 0.130962
1910000 0.0795129
1911000 0.0841901
1912000 0.0701584
1913000 0.130962
1914000 0.140317
1915000 0.159026
1916000 0.0982218
1917000 0.159026
1918000 0.0935446
1919000 0.112253
1920000 0.102899
1921000 0.107576
1922000 0.140317
1923000 0.126285
1924000 0.0888673
1925000 0.116931
1926000 0.0888673
1927000 0.0841901
1928000 0.107576
1929000 0.0841901
1930000 0.0841901
1931000 0.173057
1932000 0.0935446
1933000 0.0841901
1934000 0.116931
1935000 0.173057
1936000 0.116931
1937000 0.102899
1938000 0.121608
1939000 0.116931
1940000 0.107576
1941000 0.0654812
1942000 0.060804
1943000 0.107576
1944000 0.0841901
1945000 0.0935446
1946000 0.0795129
1947000 0.126285
1948000 0.0982218
1949000 0.0748357
1950000 0.126285
1951000 0.112253
1952000 0.116931
1953000 0.0935446
1954000 0.0982218
1955000 0.0795129
1956000 0.0935446
1957000 0.0841901
1958000 0.112253
1959000 0.0795129
1960000 0.0982218
1961000 0.126285
1962000 0.126285
1963000 0.102899
1964000 0.0982218
1965000 0.107576
1966000 0.112253
1967000 0.0701584
1968000 0.112253
1969000 0.0748357
1970000 0.0841901
1971000 0.0935446
1972000 0.0982218
1973000 0.154349
1974000 0.0982218
1975000 0.149671
1976000 0.112253
1977000 0.140317
1978000 0.102899
1979000 0.130962
1980000 0.0514495
1981000 0.107576
1982000 0.107576
1983000 0.0795129
1984000 0.0935446
1985000 0.0982218
1986000 0.060804
1987000 0.0935446
1988000 0.0748357
1989000 0.116931
1990000 0.060804
1991000 0.0982218
1992000 0.0561267
1993000 0.0841901
1994000 0.0888673
1995000 0.0795129
1996000 0.154349
1997000 0.0701584
1998000 0.121608
1999000 0.0748357
2000000 0.163703
2001000 0.140317
2002000 0.0795129
2003000 0.0935446
2004000 0.0795129
2005000 0.0982218
2006000 0.0982218
2007000 0.0841901
2008000 0.154349
2009000 0.0701584
2010000 0.182412
2011000 0.0467723
2012000 0.112253
2013000 0.0701584
2014000 0.0701584
2015000 0.126285
2016000 0.0795129
2017000 0.107576
2018000 0.0935446
2019000 0.149671
2020000 0.0701584
2021000 0.140317
2022000 0.102899
2023000 0.0654812
2024000 0.0935446
2025000 0.149671
2026000 0.130962
2027000 0.0935446
2028000 0.0701584
2029000 0.0888673
2030000 0.0982218
2031000 0.0935446
2032000 0.0888673
2033000 0.0888673
2034000 0.16838
2035000 0.130962
2036000 0.0654812
2037000 0.116931
2038000 0.140317
2039000 0.116931
2040000 0.0841901
2041000 0.0795129
2042000 0.0888673
2043000 0.0888673
2044000 0.130962
2045000 0.0654812
2046000 0.126285
2047000 0.0748357
2048000 0.130962
2049000 0.116931
2050000 0.0888673
2051000 0.0795129
2052000 0.121608
2053000 0.116931
2054000 0.102899
2055000 0.0841901
2056000 0.112253
2057000 0.107576
2058000 0.130962
2059000 0.116931
2060000 0.0888673
2061000 0.0561267
2062000 0.0841901
2063000 0.13564
2064000 0.121608
2065000 0.102899
2066000 0.107576
2067000 0.13564
2068000 0.116931
2069000 0.121608
2070000 0.13564
2071000 0.0514495
2072000 0.0795129
2073000 0.144994
2074000 0.0935446
2075000 0.102899
2076000 0.173057
2077000 0.102899
2078000 0.191766
2079000 0.154349
2080000 0.112253
2081000 0.0841901
2082000 0.144994
2083000 0.0795129
2084000 0.0841901
2085000 0.0935446
2086000 0.121608
2087000 0.0935446
2088000 0.121608
2089000 0.140317
2090000 0.121608
2091000 0.0841901
2092000 0.0701584
2093000 0.0561267
2094000 0.0935446
2095000 0.0888673
2096000 0.13564
2097000 0.0982218
2098000 0.0935446
2099000 0.0701584
2100000 0.0935446
2101000 0.121608
2102000 0.126285
2103000 0.0654812
2104000 0.0841901
2105000 0.116931
2106000 0.121608
2107000 0.13564
2108000 0.140317
2109000 0.0935446
2110000 0.0561267
2111000 0.159026
2112000 0.0935446
2113000 0.0982218
2114000 0.107576
2115000 0.121608
2116000 0.0982218
2117000 0.0841901
2118000 0.0701584
2119000 0.0748357
2120000 0.0888673
2121000 0.0701584
2122000 0.121608
2123000 0.116931
2124000 0.13564
2125000 0.0982218
2126000 0.0514495
2127000 0.112253
2128000 0.130962
2129000 0.182412
2130000 0.107576
2131000 0.0654812
2132000 0.0701584
2133000 0.107576
2134000 0.102899
2135000 0.182412
2136000 0.0795129
2137000 0.0841901
2138000 0.144994
2139000 0.0654812
2140000 0.0701584
2141000 0.0841901
2142000 0.0935446
2143000 0.116931
2144000 0.0935446
2145000 0.112253
2146000 0.0561267
2147000 0.121608
2148000 0.112253
2149000 0.0982218
2150000 0.0795129
2151000 0.0841901
2152000 0.060804
2153000 0.107576
2154000 0.130962
2155000 0.0982218
2156000 0.0514495
2157000 0.140317
2158000 0.126285
2159000 0.060804
2160000 0.0748357
2161000 0.0888673
2162000 0.144994
2163000 0.0841901
2164000 0.0654812
2165000 0.121608
2166000 0.0841901
2167000 0.116931
2168000 0.0935446
2169000 0.140317
2170000 0.0795129
2171000 0.130962
2172000 0.102899
2173000 0.0888673
2174000 0.121608
2175000 0.060804
2176000 0.107576
2177000 0.0795129
2178000 0.102899
2179000 0.0701584
2180000 0.0888673
2181000 0.0888673
2182000 0.126285
2183000 0.107576
2184000 0.0795129
2185000 0.0888673
2186000 0.107576
2187000 0.144994
2188000 0.121608
2189000 0.116931
2190000 0.060804
2191000 0.0888673
2192000 0.121608
2193000 0.0561267
2194000 0.126285
2195000 0.0748357
2196000 0.126285
2197000 0.102899
2198000 0.13564
2199000 0.126285
2200000 0.130962
2201000 0.0795129
2202000 0.0935446
2203000 0.0935446
2204000 0.121608
2205000 0.130962
2206000 0.13564
2207000 0.0982218
2208000 0.149671
2209000 0.0841901
2210000 0.102899
2211000 0.0982218
2212000 0.0888673
2213000 0.13564
2214000 0.060804
2215000 0.130962
2216000 0.116931
2217000 0.121608
2218000 0.060804
2219000 0.0561267
2220000 0.116931
2221000 0.112253
2222000 0.102899
2223000 0.126285
2224000 0.0841901
2225000 0.0982218
2226000 0.0888673
2227000 0.13564
2228000 0.0327406
2229000 0.0935446
2230000 0.107576
2231000 0.0982218
2232000 0.0982218
2233000 0.0654812
2234000 0.0701584
2235000 0.116931
2236000 0.13564
2237000 0.0654812
2238000 0.154349
2239000 0.112253
2240000 0.0748357
2241000 0.13564
2242000 0.107576
2243000 0.173057
2244000 0.0701584
2245000 0.0420951
2246000 0.140317
2247000 0.112253
2248000 0.0888673
2249000 0.116931
2250000 0.102899
2251000 0.0935446
2252000 0.163703
2253000 0.0841901
2254000 0.0888673
2255000 0.130962
2256000 0.121608
2257000 0.102899
2258000 0.0748357
2259000 0.107576
2260000 0.0701584
2261000 0.0701584
2262000 0.0982218
2263000 0.126285
2264000 0.0795129
2265000 0.112253
2266000 0.130962
2267000 0.130962
2268000 0.121608
2269000 0.0888673
2270000 0.0982218
2271000 0.0841901
2272000 0.0841901
2273000 0.116931
2274000 0.0514495
2275000 0.107576
2276000 0.159026
2277000 0.149671
2278000 0.121608
2279000 0.144994
2280000 0.107576
2281000 0.107576
2282000 0.107576
2283000 0.107576
2284000 0.0935446
2285000 0.0748357
2286000 0.173057
2287000 0.0561267
2288000 0.0795129
2289000 0.140317
2290000 0.0935446
2291000 0.130962
2292000 0.0982218
2293000 0.112253
2294000 0.0982218
2295000 0.0748357
2296000 0.0561267
2297000 0.112253
2298000 0.102899
2299000 0.0841901
2300000 0.116931
2301000 0.0935446
2302000 0.149671
2303000 0.0982218
2304000 0.149671
2305000 0.107576
2306000 0.0748357
2307000 0.121608
2308000 0.0841901
2309000 0.0935446
2310000 0.0888673
2311000 0.0795129
2312000 0.0841901
2313000 0.126285
2314000 0.0841901
2315000 0.159026
2316000 0.0795129
2317000 0.0748357
2318000 0.0795129
2319000 0.112253
2320000 0.0795129
2321000 0.0982218
2322000 0.13564
2323000 0.0982218
2324000 0.126285
2325000 0.0561267
2326000 0.126285
2327000 0.112253
2328000 0.163703
2329000 0.112253
2330000 0.126285
2331000 0.0654812
2332000 0.116931
2333000 0.0841901
2334000 0.116931
2335000 0.149671
2336000 0.126285
2337000 0.107576
2338000 0.0888673
2339000 0.121608
2340000 0.102899
2341000 0.0982218
2342000 0.102899
2343000 0.107576
2344000 0.130962
2345000 0.0982218
2346000 0.130962
2347000 0.060804
2348000 0.0841901
2349000 0.126285
2350000 0.107576
2351000 0.107576
2352000 0.140317
2353000 0.0748357
2354000 0.140317
2355000 0.102899
2356000 0.0654812
2357000 0.0888673
2358000 0.0701584
2359000 0.102899
2360000 0.126285
2361000 0.0841901
2362000 0.112253
2363000 0.0982218
2364000 0.130962
2365000 0.0982218
2366000 0.16838
2367000 0.0888673
2368000 0.102899
2369000 0.0561267
2370000 0.0888673
2371000 0.102899
2372000 0.0982218
2373000 0.0841901
2374000 0.102899
2375000 0.0935446
2376000 0.0654812
2377000 0.0701584
2378000 0.107576
2379000 0.163703
2380000 0.154349
2381000 0.116931
2382000 0.121608
2383000 0.0841901
2384000 0.140317
2385000 0.102899
2386000 0.0982218
2387000 0.0795129
2388000 0.121608
2389000 0.0701584
2390000 0.0935446
2391000 0.144994
2392000 0.102899
2393000 0.130962
2394000 0.102899
2395000 0.0935446
2396000 0.126285
2397000 0.140317
2398000 0.112253
2399000 0.0935446
2400000 0.112253
2401000 0.0982218
2402000 0.112253
2403000 0.0654812
2404000 0.13564
2405000 0.140317
2406000 0.149671
2407000 0.0701584
2408000 0.0888673
2409000 0.0748357
2410000 0.140317
2411000 0.0748357
2412000 0.13564
2413000 0.116931
2414000 0.121608
2415000 0.0748357
2416000 0.102899
2417000 0.130962
2418000 0.149671
2419000 0.102899
2420000 0.0888673
2421000 0.0888673
2422000 0.0748357
2423000 0.116931
2424000 0.0654812
2425000 0.0701584
2426000 0.13564
2427000 0.130962
2428000 0.0935446
2429000 0.102899
2430000 0.0561267
2431000 0.107576
2432000 0.140317
2433000 0.0514495
2434000 0.0841901
2435000 0.0701584
2436000 0.0795129
2437000 0.121608
2438000 0.13564
2439000 0.102899
2440000 0.0982218
2441000 0.140317
2442000 0.0748357
2443000 0.0935446
2444000 0.0795129
2445000 0.0841901
2446000 0.107576
2447000 0.0701584
2448000 0.0888673
2449000 0.0982218
2450000 0.0701584
2451000 0.060804
2452000 0.0654812
2453000 0.0888673
2454000 0.102899
2455000 0.107576
2456000 0.107576
2457000 0.130962
2458000 0.102899
2459000 0.121608
2460000 0.0701584
2461000 0.0701584
2462000 0.116931
2463000 0.0795129
2464000 0.0701584
2465000 0.0982218
2466000 0.126285
2467000 0.121608
2468000 0.107576
2469000 0.102899
2470000 0.0935446
2471000 0.121608
2472000 0.107576
2473000 0.102899
2474000 0.0701584
2475000 0.112253
2476000 0.126285
2477000 0.060804
2478000 0.0701584
2479000 0.0841901
2480000 0.0561267
2481000 0.107576
2482000 0.107576
2483000 0.116931
2484000 0.107576
2485000 0.0654812
2486000 0.116931
2487000 0.060804
2488000 0.0420951
2489000 0.0561267
2490000 0.0888673
2491000 0.121608
2492000 0.0982218
2493000 0.140317
2494000 0.0841901
2495000 0.121608
2496000 0.102899
2497000 0.0654812
2498000 0.13564
2499000 0.116931
2500000 0.121608
2501000 0.121608
2502000 0.0701584
