# Time-averaged data for fix myat3
# TimeStep c_press
3000 308.167
4000 301.934
5000 521.265
6000 383.575
7000 139.25
8000 115.689
9000 190.427
10000 135.675
11000 134.879
12000 116.908
13000 138.832
14000 181.386
15000 126.692
16000 111.902
17000 84.1287
18000 98.3478
19000 121.921
20000 116.973
21000 123.255
22000 72.5185
23000 141.858
24000 97.3171
25000 112.426
26000 106.818
27000 104.667
28000 145.317
29000 144.787
30000 131.949
31000 155.298
32000 128.817
33000 168.99
34000 203.042
35000 184.545
36000 96.9806
37000 157.564
38000 137.431
39000 113.76
40000 43.3645
41000 141.556
42000 139.84
43000 110.851
44000 122.808
45000 125.725
46000 105.774
47000 178.075
48000 101.926
49000 127.721
50000 163.63
51000 170.533
52000 108.34
53000 147.783
54000 160.275
55000 106.416
56000 119.722
57000 115.451
58000 147.353
59000 113.567
60000 141.43
61000 90.1551
62000 156.237
63000 98.8564
64000 63.279
65000 85.3194
66000 125.18
67000 163.387
68000 151.017
69000 115.535
70000 141.334
71000 151.67
72000 128.672
73000 79.7391
74000 138.766
75000 154.405
76000 103.209
77000 131.331
78000 151.383
79000 111.778
80000 146.838
81000 138.308
82000 91.9034
83000 84.7709
84000 105.815
85000 85.7139
86000 142.37
87000 97.5129
88000 100.911
89000 152.946
90000 153.035
91000 81.3576
92000 90.6221
93000 113.773
94000 116.715
95000 97.219
96000 149.54
97000 131.261
98000 141.508
99000 176.844
100000 94.3126
101000 140.061
102000 128.554
103000 111.608
104000 161.401
105000 152.495
106000 124.338
107000 232.878
108000 96.5082
109000 161.086
110000 131.896
111000 191.346
112000 142.859
113000 169.842
114000 179.616
115000 211.664
116000 111.013
117000 118.917
118000 132.405
119000 138.987
120000 126.274
121000 139.478
122000 102.711
123000 130.104
124000 94.3282
125000 159.488
126000 109.055
127000 202.209
128000 112.794
129000 129.146
130000 165.928
131000 134.713
132000 152.554
133000 96.14
134000 193.897
135000 204.15
136000 173.247
137000 152.527
138000 193.884
139000 147.086
140000 131.757
141000 129.85
142000 77.4749
143000 103.887
144000 195.094
145000 112.056
146000 77.7739
147000 66.8794
148000 171.93
149000 142.008
150000 179.136
151000 152.451
152000 119.521
153000 165.999
154000 127.997
155000 133.668
156000 154.387
157000 160.122
158000 115.672
159000 170.862
160000 100.563
161000 130.862
162000 134.498
163000 139.658
164000 176.357
165000 130.654
166000 140.707
167000 178.012
168000 107.328
169000 81.7377
170000 127.925
171000 98.9351
172000 116.218
173000 151.829
174000 113.748
175000 228.839
176000 94.063
177000 156.447
178000 170.607
179000 207.737
180000 110.624
181000 128.854
182000 130.899
183000 152.354
184000 95.0227
185000 123.15
186000 120.746
187000 163.854
188000 104.666
189000 119.86
190000 78.4853
191000 141.857
192000 136.772
193000 95.7605
194000 123.12
195000 165.916
196000 166.785
197000 76.9941
198000 163.513
199000 138.738
200000 119.067
201000 124.26
202000 129.905
203000 111.25
204000 119.887
205000 129.961
206000 136.126
207000 100.019
208000 178.716
209000 105.177
210000 141.544
211000 98.6976
212000 87.2499
213000 94.4523
214000 134.769
215000 123.011
216000 109.633
217000 93.7764
218000 145.508
219000 109.179
220000 127.233
221000 84.1703
222000 182.759
223000 190.446
224000 147.653
225000 136.209
226000 87.6245
227000 108.393
228000 172.093
229000 114.588
230000 107.631
231000 127.935
232000 85.8782
233000 199.322
234000 142.472
235000 179.426
236000 99.1473
237000 164.322
238000 174.624
239000 152.809
240000 134.826
241000 210.332
242000 112.323
243000 163.633
244000 211.205
245000 126.453
246000 138.635
247000 135.974
248000 125.061
249000 137.345
250000 117.802
251000 102.056
252000 115.079
253000 136.92
254000 168.611
255000 128.256
256000 176.315
257000 105.262
258000 149.226
259000 138.594
260000 254.731
261000 125.034
262000 127.788
263000 96.8483
264000 77.0792
265000 101.765
266000 158.604
267000 225.2
268000 117.841
269000 94.2514
270000 177.831
271000 208.09
272000 116.427
273000 151.456
274000 111.67
275000 134.65
276000 188.991
277000 157.268
278000 119.826
279000 96.8982
280000 64.723
281000 126.005
282000 100.571
283000 102.195
284000 139.735
285000 82.2466
286000 80.2519
287000 145.561
288000 129.605
289000 112.791
290000 143.576
291000 187.244
292000 90.9192
293000 161.492
294000 65.2961
295000 115.538
296000 88.6312
297000 187.44
298000 179.249
299000 163.625
300000 217.737
301000 180.554
302000 204.654
303000 120.726
304000 95.2027
305000 136.812
306000 177.734
307000 128.971
308000 120.979
309000 100.211
310000 221.412
311000 183.254
312000 170.776
313000 128.332
314000 141.022
315000 91.0355
316000 139.085
317000 96.744
318000 105.964
319000 187.043
320000 130.787
321000 129.182
322000 116.919
323000 99.9039
324000 188.653
325000 172.992
326000 135.067
327000 179.681
328000 172.606
329000 48.167
330000 130.244
331000 95.7057
332000 116.108
333000 137.354
334000 135.123
335000 138.227
336000 79.1847
337000 90.5785
338000 133.097
339000 126.892
340000 144.234
341000 91.1834
342000 114.479
343000 212.307
344000 116.318
345000 128.529
346000 126.64
347000 183.577
348000 186.063
349000 102.664
350000 112.376
351000 115.569
352000 176.308
353000 125.595
354000 110.366
355000 140.116
356000 154.384
357000 177.617
358000 119.319
359000 126.206
360000 127.181
361000 138.593
362000 118.233
363000 164.094
364000 138.938
365000 164.814
366000 217.51
367000 169.198
368000 101.335
369000 180.501
370000 148.346
371000 79.1931
372000 54.2717
373000 157.844
374000 85.6899
375000 133.387
376000 134.028
377000 218.357
378000 141.131
379000 90.7137
380000 104.548
381000 110.222
382000 186.339
383000 134.463
384000 106.198
385000 131.959
386000 121.459
387000 121.157
388000 99.661
389000 162.365
390000 132.133
391000 189.299
392000 162.274
393000 88.2461
394000 134.743
395000 159.491
396000 83.6352
397000 110.758
398000 126.727
399000 159.117
400000 193.229
401000 113.326
402000 145.072
403000 108.966
404000 134.312
405000 111.775
406000 188.709
407000 133.524
408000 129.018
409000 143.234
410000 91.3967
411000 112.846
412000 136.261
413000 150.978
414000 94.4574
415000 82.4421
416000 139.108
417000 143.766
418000 98.5459
419000 94.3066
420000 166.717
421000 76.0489
422000 109.242
423000 114.997
424000 138.814
425000 190.387
426000 144.616
427000 95.3231
428000 199.215
429000 114.282
430000 126.047
431000 227.696
432000 191.681
433000 189.617
434000 111.687
435000 131.613
436000 115.97
437000 104.863
438000 164.729
439000 128.569
440000 108.067
441000 111.344
442000 99.3169
443000 130.542
444000 156.262
445000 119.417
446000 145.846
447000 167.452
448000 128.279
449000 125.77
450000 180.9
451000 150.887
452000 122.84
453000 157.578
454000 105.228
455000 179.712
456000 79.302
457000 196.607
458000 111.23
459000 77.6065
460000 135.383
461000 166.138
462000 162.088
463000 131.504
464000 199.678
465000 114.819
466000 99.0783
467000 156.771
468000 191.749
469000 134.894
470000 135.978
471000 131.689
472000 138.228
473000 174.508
474000 129.392
475000 128.095
476000 122.491
477000 115.883
478000 169.026
479000 142.483
480000 114.177
481000 135.925
482000 72.0093
483000 119.036
484000 129.061
485000 156.315
486000 139.712
487000 70.3376
488000 127.014
489000 138.947
490000 195.14
491000 263.203
492000 82.8963
493000 157.343
494000 103.363
495000 90.8871
496000 91.2481
497000 163.219
498000 108.014
499000 133.372
500000 186.718
501000 120.959
502000 135.054
503000 77.8973
504000 131.507
505000 168.955
506000 138.021
507000 135.544
508000 176.428
509000 107.381
510000 138.793
511000 134.305
512000 125.492
513000 163.671
514000 202.824
515000 73.1262
516000 96.0687
517000 58.1583
518000 130.811
519000 141.204
520000 137.24
521000 126.538
522000 127.157
523000 85.5456
524000 147.906
525000 108.889
526000 132.698
527000 100.247
528000 171.715
529000 144.461
530000 159.863
531000 118.307
532000 102.709
533000 128.053
534000 122.695
535000 113.843
536000 105.78
537000 118.681
538000 132.135
539000 144.298
540000 157.735
541000 231.874
542000 123.187
543000 90.3285
544000 121.47
545000 97.6038
546000 127.989
547000 120.57
548000 133.493
549000 94.1985
550000 157.255
551000 106.687
552000 106.607
553000 82.3722
554000 169.375
555000 79.2437
556000 132.996
557000 166.903
558000 82.0811
559000 155.757
560000 111.081
561000 144.228
562000 153.98
563000 106.178
564000 156.608
565000 256.598
566000 112.675
567000 151.02
568000 100.77
569000 137.899
570000 121.536
571000 86.1602
572000 141.068
573000 92.2613
574000 233.177
575000 162.149
576000 179.17
577000 210.119
578000 141.1
579000 174.069
580000 118.05
581000 149.243
582000 96.6198
583000 116.731
584000 122.118
585000 78.1929
586000 166.015
587000 171.449
588000 194.075
589000 72.0903
590000 145.252
591000 155.747
592000 129.938
593000 134.442
594000 194.237
595000 185.52
596000 122.324
597000 90.5224
598000 121.255
599000 87.1339
600000 127.316
601000 169.352
602000 113.778
603000 88.7557
604000 157.619
605000 188.433
606000 168.581
607000 133.67
608000 186.764
609000 149.251
610000 117.675
611000 217.861
612000 176.558
613000 86.2319
614000 129.353
615000 154.286
616000 186.044
617000 142.85
618000 150.48
619000 111.005
620000 99.9042
621000 64.0897
622000 80.9796
623000 121.442
624000 151.257
625000 129.633
626000 119.004
627000 165.015
628000 142.684
629000 104.668
630000 140.118
631000 163.379
632000 193.925
633000 125.504
634000 162.241
635000 127.496
636000 164.439
637000 92.5286
638000 147.415
639000 121.889
640000 131.885
641000 125.773
642000 83.9186
643000 104.385
644000 151.306
645000 81.5828
646000 103.745
647000 92.139
648000 121.259
649000 180.92
650000 75.6027
651000 168.634
652000 100.289
653000 60.5233
654000 158.351
655000 130.231
656000 102.854
657000 130.152
658000 49.0483
659000 105.585
660000 118.222
661000 146.838
662000 161.132
663000 113.908
664000 94.3189
665000 107.103
666000 100.642
667000 142.425
668000 109.881
669000 244.638
670000 103.154
671000 187.557
672000 116.865
673000 122.624
674000 107.212
675000 159.466
676000 158.879
677000 101.618
678000 151.909
679000 107.803
680000 91.1014
681000 147.089
682000 142.81
683000 89.8742
684000 81.5974
685000 110.733
686000 172.473
687000 123.471
688000 74.85
689000 107.29
690000 94.4119
691000 148.985
692000 156.21
693000 133.132
694000 162.753
695000 132.023
696000 113.078
697000 83.012
698000 91.1675
699000 150.233
700000 102.9
701000 141.831
702000 160.902
703000 107.518
704000 104.945
705000 108.004
706000 114.407
707000 151.163
708000 172.837
709000 207.43
710000 139.241
711000 164.258
712000 100.883
713000 168.558
714000 156.237
715000 109.53
716000 105.791
717000 124.32
718000 124.801
719000 122.699
720000 157.296
721000 179.943
722000 87.9679
723000 171.763
724000 132.414
725000 103.682
726000 158.343
727000 139.876
728000 130.585
729000 55.7667
730000 143.954
731000 246.565
732000 147.803
733000 141.23
734000 99.1001
735000 103.639
736000 97.7346
737000 127.118
738000 152.199
739000 77.8322
740000 86.8984
741000 142.061
742000 155.182
743000 81.6868
744000 77.5101
745000 120.691
746000 124.856
747000 55.5216
748000 113.334
749000 104.839
750000 104.905
751000 103.876
752000 141.949
753000 205.936
754000 60.7513
755000 80.7547
756000 111.321
757000 90.1396
758000 168.632
759000 168.607
760000 141.571
761000 120.874
762000 99.7779
763000 144.151
764000 124.202
765000 77.9787
766000 88.602
767000 128.157
768000 137.498
769000 152.666
770000 110.195
771000 135.062
772000 137.878
773000 99.3082
774000 158.489
775000 102.42
776000 183.852
777000 112.842
778000 142.666
779000 83.8373
780000 105.664
781000 151.356
782000 106.373
783000 91.4626
784000 108.99
785000 113.206
786000 187.017
787000 137.498
788000 129.89
789000 138.068
790000 110.385
791000 95.6963
792000 141.291
793000 179.405
794000 147.036
795000 109.162
796000 188.249
797000 95.2827
798000 126.754
799000 180.793
800000 81.4385
801000 163.666
802000 103.522
803000 97.1553
804000 132.338
805000 102.203
806000 99.3147
807000 120.663
808000 104.522
809000 218.079
810000 161.904
811000 137.472
812000 159.2
813000 145.774
814000 90.1441
815000 84.8679
816000 160.543
817000 116.68
818000 112.424
819000 144.288
820000 144.307
821000 131.633
822000 108.306
823000 164.309
824000 131.437
825000 147.166
826000 109.716
827000 126.223
828000 174.577
829000 97.8268
830000 104.802
831000 94.1676
832000 130.195
833000 143.262
834000 126.993
835000 99.5212
836000 137.339
837000 186.057
838000 174.443
839000 88.7682
840000 154.715
841000 189.186
842000 169.108
843000 109.244
844000 106.129
845000 86.5887
846000 134.165
847000 160.797
848000 96.8143
849000 93.5666
850000 91.5798
851000 147.421
852000 166.671
853000 148.728
854000 133.301
855000 112.03
856000 120.189
857000 96.5277
858000 162.278
859000 127.834
860000 150.773
861000 169.289
862000 231.615
863000 111.107
864000 78.659
865000 109.717
866000 154.042
867000 101.891
868000 101.708
869000 117.126
870000 116.699
871000 174.695
872000 150.837
873000 101.402
874000 136.848
875000 150.241
876000 155.655
877000 90.2156
878000 123.117
879000 158.217
880000 132.9
881000 124.738
882000 147.227
883000 180.163
884000 127.593
885000 166.447
886000 156.307
887000 85.2463
888000 120.274
889000 126.989
890000 143.015
891000 186.414
892000 156.654
893000 138.216
894000 93.7638
895000 180.319
896000 123.636
897000 124.775
898000 132.24
899000 198.156
900000 123.032
901000 113.948
902000 151.737
903000 149.543
904000 275.371
905000 119.069
906000 121.601
907000 175.458
908000 167.507
909000 130.297
910000 193.249
911000 103.681
912000 180.158
913000 137.461
914000 178.098
915000 106.907
916000 128.133
917000 155.133
918000 167.765
919000 172.95
920000 72.8391
921000 132.528
922000 125.836
923000 118.774
924000 127.004
925000 167.678
926000 113.553
927000 172.067
928000 165.353
929000 93.5405
930000 78.7429
931000 131.458
932000 126.133
933000 194.399
934000 145.704
935000 124.498
936000 154.927
937000 100.171
938000 101.82
939000 137.577
940000 104.63
941000 155.65
942000 94.4838
943000 142.915
944000 123.04
945000 215.193
946000 181.557
947000 118.762
948000 104.47
949000 100.87
950000 138.57
951000 195.483
952000 112.15
953000 171.946
954000 115.624
955000 85.4619
956000 111.228
957000 157.29
958000 100.124
959000 165.361
960000 125.743
961000 112.363
962000 121.138
963000 111.094
964000 123.186
965000 123.279
966000 119.675
967000 174.515
968000 173.586
969000 148.019
970000 110.516
971000 172.008
972000 120.87
973000 177.579
974000 163.817
975000 70.1151
976000 154.273
977000 138.473
978000 192.885
979000 177.134
980000 114.166
981000 96.374
982000 106.604
983000 94.908
984000 86.652
985000 146.817
986000 134.826
987000 89.15
988000 146.204
989000 108.568
990000 146.474
991000 154.411
992000 137.588
993000 185.992
994000 84.1162
995000 144.546
996000 163.019
997000 264.088
998000 240.688
999000 156.421
1000000 178.896
1001000 115.849
1002000 106.076
