# Time-averaged data for fix myat2
# TimeStep v_density
3000 0.364824
4000 0.481755
5000 0.598685
6000 0.734325
7000 0.865287
8000 0.982218
9000 1.01028
10000 1.08979
11000 1.13657
12000 1.18334
13000 1.22543
14000 1.23947
15000 1.26285
16000 1.26753
17000 1.29092
18000 1.30495
19000 1.3143
20000 1.31898
21000 1.32833
22000 1.33301
23000 1.33769
24000 1.33769
25000 1.34236
26000 1.34704
27000 1.35172
28000 1.35172
29000 1.3564
30000 1.3564
31000 1.36107
32000 1.36107
33000 1.36107
34000 1.36575
35000 1.36575
36000 1.36575
37000 1.36575
38000 1.36575
39000 1.36575
40000 1.36575
41000 1.36575
42000 1.36575
43000 1.36575
44000 1.36575
45000 1.36575
46000 1.36575
47000 1.36575
48000 1.36575
49000 1.36575
50000 1.36575
51000 1.36575
52000 1.36575
53000 1.36575
54000 1.36575
55000 1.37043
56000 1.37043
57000 1.37043
58000 1.37043
59000 1.37043
60000 1.37043
61000 1.37043
62000 1.37043
63000 1.37043
64000 1.37043
65000 1.37043
66000 1.37043
67000 1.37043
68000 1.37043
69000 1.37043
70000 1.37043
71000 1.37043
72000 1.37043
73000 1.37043
74000 1.37043
75000 1.37043
76000 1.37043
77000 1.37043
78000 1.37043
79000 1.37043
80000 1.37043
81000 1.37511
82000 1.37511
83000 1.37511
84000 1.37511
85000 1.37511
86000 1.37511
87000 1.37511
88000 1.37511
89000 1.37511
90000 1.37511
91000 1.37511
92000 1.37511
93000 1.37511
94000 1.37511
95000 1.37511
96000 1.37511
97000 1.37511
98000 1.37511
99000 1.37511
100000 1.37511
101000 1.37511
102000 1.37511
103000 1.37511
104000 1.37511
105000 1.37511
106000 1.37511
107000 1.37511
108000 1.37511
109000 1.37511
110000 1.37511
111000 1.37511
112000 1.37511
113000 1.37511
114000 1.37511
115000 1.37511
116000 1.37511
117000 1.37511
118000 1.37511
119000 1.37978
120000 1.37978
121000 1.37978
122000 1.37978
123000 1.37978
124000 1.37978
125000 1.37978
126000 1.37978
127000 1.37978
128000 1.37978
129000 1.37978
130000 1.37978
131000 1.37978
132000 1.37978
133000 1.37978
134000 1.37978
135000 1.37978
136000 1.37978
137000 1.37978
138000 1.37978
139000 1.37978
140000 1.37978
141000 1.37978
142000 1.37978
143000 1.37978
144000 1.37978
145000 1.37978
146000 1.37978
147000 1.37978
148000 1.37978
149000 1.37978
150000 1.37978
151000 1.37978
152000 1.37978
153000 1.37978
154000 1.37978
155000 1.37978
156000 1.37978
157000 1.37978
158000 1.37978
159000 1.37978
160000 1.37978
161000 1.37978
162000 1.37978
163000 1.37978
164000 1.37978
165000 1.37978
166000 1.37978
167000 1.37978
168000 1.37978
169000 1.37978
170000 1.37978
171000 1.37978
172000 1.37978
173000 1.37978
174000 1.37978
175000 1.37978
176000 1.37978
177000 1.37511
178000 1.37511
179000 1.37511
180000 1.37511
181000 1.37978
182000 1.37978
183000 1.37978
184000 1.37978
185000 1.37978
186000 1.37978
187000 1.37978
188000 1.37978
189000 1.37978
190000 1.37978
191000 1.37978
192000 1.37978
193000 1.37978
194000 1.37978
195000 1.37978
196000 1.37978
197000 1.37978
198000 1.37978
199000 1.37978
200000 1.37978
201000 1.37978
202000 1.37978
203000 1.37978
204000 1.38446
205000 1.38446
206000 1.38446
207000 1.38446
208000 1.38446
209000 1.38446
210000 1.38446
211000 1.38446
212000 1.38446
213000 1.38446
214000 1.38446
215000 1.38446
216000 1.38446
217000 1.38446
218000 1.38446
219000 1.38446
220000 1.38446
221000 1.38446
222000 1.38446
223000 1.38446
224000 1.38446
225000 1.38446
226000 1.38446
227000 1.38446
228000 1.38446
229000 1.38446
230000 1.38446
231000 1.38446
232000 1.38446
233000 1.38446
234000 1.38446
235000 1.38446
236000 1.38446
237000 1.38446
238000 1.38446
239000 1.38446
240000 1.38446
241000 1.38446
242000 1.38446
243000 1.38446
244000 1.38446
245000 1.38446
246000 1.38446
247000 1.38446
248000 1.38446
249000 1.38446
250000 1.38446
251000 1.38446
252000 1.38446
253000 1.38446
254000 1.38446
255000 1.38446
256000 1.38446
257000 1.38446
258000 1.38446
259000 1.38446
260000 1.38446
261000 1.38446
262000 1.38446
263000 1.38446
264000 1.38446
265000 1.38446
266000 1.38446
267000 1.38446
268000 1.38446
269000 1.38446
270000 1.38446
271000 1.38446
272000 1.38446
273000 1.38446
274000 1.38446
275000 1.38914
276000 1.38914
277000 1.38914
278000 1.38914
279000 1.38914
280000 1.38914
281000 1.38914
282000 1.38914
283000 1.38914
284000 1.38914
285000 1.38914
286000 1.38914
287000 1.39381
288000 1.39381
289000 1.39381
290000 1.40317
291000 1.40317
292000 1.40317
293000 1.40317
294000 1.40317
295000 1.40317
296000 1.40317
297000 1.40317
298000 1.40317
299000 1.40317
300000 1.40317
301000 1.40317
302000 1.40317
303000 1.40317
304000 1.40317
305000 1.40317
306000 1.40317
307000 1.40317
308000 1.40317
309000 1.40317
310000 1.40317
311000 1.40317
312000 1.40317
313000 1.40317
314000 1.40317
315000 1.40317
316000 1.40317
317000 1.40317
318000 1.40317
319000 1.40317
320000 1.40317
321000 1.40317
322000 1.40317
323000 1.40317
324000 1.40317
325000 1.40317
326000 1.40317
327000 1.40317
328000 1.40317
329000 1.40317
330000 1.40317
331000 1.40317
332000 1.40317
333000 1.40317
334000 1.40317
335000 1.40317
336000 1.40317
337000 1.40317
338000 1.40317
339000 1.40317
340000 1.40317
341000 1.40317
342000 1.40317
343000 1.40317
344000 1.40317
345000 1.40317
346000 1.40317
347000 1.40317
348000 1.40317
349000 1.40317
350000 1.40317
351000 1.40317
352000 1.40317
353000 1.40317
354000 1.40317
355000 1.40317
356000 1.40317
357000 1.40317
358000 1.40317
359000 1.40317
360000 1.40317
361000 1.40317
362000 1.40317
363000 1.40317
364000 1.40317
365000 1.40317
366000 1.40317
367000 1.40317
368000 1.40317
369000 1.40317
370000 1.40317
371000 1.40317
372000 1.40317
373000 1.40317
374000 1.40317
375000 1.40317
376000 1.40317
377000 1.40317
378000 1.40317
379000 1.40317
380000 1.40317
381000 1.40317
382000 1.40317
383000 1.40317
384000 1.40317
385000 1.40317
386000 1.40317
387000 1.40317
388000 1.40317
389000 1.40317
390000 1.40317
391000 1.40317
392000 1.40317
393000 1.40317
394000 1.40317
395000 1.40317
396000 1.40317
397000 1.40317
398000 1.40317
399000 1.40317
400000 1.40317
401000 1.40317
402000 1.40317
403000 1.40317
404000 1.40317
405000 1.40317
406000 1.40317
407000 1.40317
408000 1.40317
409000 1.40317
410000 1.40317
411000 1.40317
412000 1.40317
413000 1.40317
414000 1.40317
415000 1.40317
416000 1.40317
417000 1.40317
418000 1.40317
419000 1.40317
420000 1.40317
421000 1.40317
422000 1.40317
423000 1.40317
424000 1.40317
425000 1.40317
426000 1.40317
427000 1.40317
428000 1.40317
429000 1.40317
430000 1.40317
431000 1.40317
432000 1.40317
433000 1.40317
434000 1.40317
435000 1.40317
436000 1.40317
437000 1.40317
438000 1.40317
439000 1.40317
440000 1.39849
441000 1.39849
442000 1.39849
443000 1.40317
444000 1.40317
445000 1.40317
446000 1.40317
447000 1.40317
448000 1.40317
449000 1.40317
450000 1.40317
451000 1.40317
452000 1.40317
453000 1.40317
454000 1.40317
455000 1.40317
456000 1.40317
457000 1.40317
458000 1.40317
459000 1.40317
460000 1.40317
461000 1.40317
462000 1.40317
463000 1.40317
464000 1.40317
465000 1.40317
466000 1.40317
467000 1.40317
468000 1.40317
469000 1.40317
470000 1.40317
471000 1.40317
472000 1.40317
473000 1.40317
474000 1.40317
475000 1.40317
476000 1.40317
477000 1.40317
478000 1.40317
479000 1.40317
480000 1.40317
481000 1.40317
482000 1.40317
483000 1.40317
484000 1.40317
485000 1.40317
486000 1.40317
487000 1.40317
488000 1.40317
489000 1.40317
490000 1.40317
491000 1.40317
492000 1.40317
493000 1.40317
494000 1.40317
495000 1.40317
496000 1.40317
497000 1.40317
498000 1.40317
499000 1.40317
500000 1.40317
501000 1.40317
502000 1.40317
503000 1.40317
504000 1.40317
505000 1.40317
506000 1.40317
507000 1.40317
508000 1.40317
509000 1.40317
510000 1.40317
511000 1.40317
512000 1.40317
513000 1.40317
514000 1.40317
515000 1.40317
516000 1.40317
517000 1.40317
518000 1.40317
519000 1.40317
520000 1.40317
521000 1.40317
522000 1.40317
523000 1.40317
524000 1.40317
525000 1.40317
526000 1.40317
527000 1.40317
528000 1.40317
529000 1.40317
530000 1.40317
531000 1.40317
532000 1.40317
533000 1.40317
534000 1.40317
535000 1.40317
536000 1.40317
537000 1.40317
538000 1.40317
539000 1.40317
540000 1.40317
541000 1.40317
542000 1.40317
543000 1.40317
544000 1.40317
545000 1.40317
546000 1.40317
547000 1.40317
548000 1.40317
549000 1.40317
550000 1.40317
551000 1.40317
552000 1.40317
553000 1.40317
554000 1.40317
555000 1.40317
556000 1.40317
557000 1.40317
558000 1.40317
559000 1.40317
560000 1.40317
561000 1.40317
562000 1.40317
563000 1.40317
564000 1.40317
565000 1.40317
566000 1.40317
567000 1.40317
568000 1.40317
569000 1.40317
570000 1.40317
571000 1.40317
572000 1.40317
573000 1.40317
574000 1.40317
575000 1.40317
576000 1.40317
577000 1.40317
578000 1.40317
579000 1.40317
580000 1.40317
581000 1.40317
582000 1.40317
583000 1.40317
584000 1.40317
585000 1.40317
586000 1.40317
587000 1.40317
588000 1.40317
589000 1.40317
590000 1.40317
591000 1.40317
592000 1.40317
593000 1.40317
594000 1.40317
595000 1.40317
596000 1.40317
597000 1.40317
598000 1.40317
599000 1.40317
600000 1.40317
601000 1.40317
602000 1.40317
603000 1.40317
604000 1.40317
605000 1.40317
606000 1.40317
607000 1.40317
608000 1.40317
609000 1.40317
610000 1.40317
611000 1.40317
612000 1.40317
613000 1.40317
614000 1.40317
615000 1.40317
616000 1.40317
617000 1.40317
618000 1.40317
619000 1.40317
620000 1.40317
621000 1.40317
622000 1.40317
623000 1.40317
624000 1.40317
625000 1.40317
626000 1.40317
627000 1.40317
628000 1.40317
629000 1.40317
630000 1.40317
631000 1.40317
632000 1.40317
633000 1.40317
634000 1.40317
635000 1.40317
636000 1.40317
637000 1.40317
638000 1.40317
639000 1.40317
640000 1.40317
641000 1.40317
642000 1.40317
643000 1.40317
644000 1.40317
645000 1.40317
646000 1.40317
647000 1.40317
648000 1.40317
649000 1.40317
650000 1.40317
651000 1.40317
652000 1.40317
653000 1.40317
654000 1.40317
655000 1.40317
656000 1.40317
657000 1.40317
658000 1.40317
659000 1.40317
660000 1.40317
661000 1.40317
662000 1.40317
663000 1.40317
664000 1.40317
665000 1.40317
666000 1.40317
667000 1.40317
668000 1.40317
669000 1.40317
670000 1.40317
671000 1.40317
672000 1.40317
673000 1.40317
674000 1.40317
675000 1.40317
676000 1.40317
677000 1.40317
678000 1.40317
679000 1.40317
680000 1.40317
681000 1.40317
682000 1.40317
683000 1.40317
684000 1.40317
685000 1.40317
686000 1.40317
687000 1.40317
688000 1.40317
689000 1.40317
690000 1.40317
691000 1.40317
692000 1.40317
693000 1.40317
694000 1.40317
695000 1.40317
696000 1.40317
697000 1.40317
698000 1.40317
699000 1.40317
700000 1.40317
701000 1.40317
702000 1.40317
703000 1.40317
704000 1.40317
705000 1.40317
706000 1.40317
707000 1.40317
708000 1.40317
709000 1.40317
710000 1.40317
711000 1.40317
712000 1.40317
713000 1.40317
714000 1.40317
715000 1.40317
716000 1.40317
717000 1.40317
718000 1.40317
719000 1.40317
720000 1.40317
721000 1.40317
722000 1.40317
723000 1.40317
724000 1.40317
725000 1.40317
726000 1.40317
727000 1.40317
728000 1.40317
729000 1.40317
730000 1.40317
731000 1.40317
732000 1.40317
733000 1.40317
734000 1.40317
735000 1.40317
736000 1.40317
737000 1.40317
738000 1.40317
739000 1.40317
740000 1.40317
741000 1.40317
742000 1.40317
743000 1.40317
744000 1.40317
745000 1.40317
746000 1.40317
747000 1.40317
748000 1.40317
749000 1.40317
750000 1.40317
751000 1.40317
752000 1.40317
753000 1.40317
754000 1.40317
755000 1.40317
756000 1.40317
757000 1.40317
758000 1.40317
759000 1.40317
760000 1.40317
761000 1.40317
762000 1.40317
763000 1.40317
764000 1.40317
765000 1.40317
766000 1.40317
767000 1.40317
768000 1.40317
769000 1.40317
770000 1.40317
771000 1.40317
772000 1.40317
773000 1.40317
774000 1.40317
775000 1.40317
776000 1.40317
777000 1.40317
778000 1.40317
779000 1.40317
780000 1.40317
781000 1.40317
782000 1.40317
783000 1.40317
784000 1.40317
785000 1.40317
786000 1.40317
787000 1.40317
788000 1.40317
789000 1.40317
790000 1.40317
791000 1.40317
792000 1.40317
793000 1.40317
794000 1.40317
795000 1.40317
796000 1.40317
797000 1.40317
798000 1.40317
799000 1.40317
800000 1.40785
801000 1.41252
802000 1.41252
803000 1.41252
804000 1.41252
805000 1.41252
806000 1.41252
807000 1.41252
808000 1.41252
809000 1.41252
810000 1.41252
811000 1.41252
812000 1.41252
813000 1.41252
814000 1.41252
815000 1.41252
816000 1.41252
817000 1.41252
818000 1.41252
819000 1.41252
820000 1.41252
821000 1.41252
822000 1.41252
823000 1.41252
824000 1.41252
825000 1.41252
826000 1.41252
827000 1.41252
828000 1.41252
829000 1.41252
830000 1.41252
831000 1.41252
832000 1.41252
833000 1.41252
834000 1.41252
835000 1.41252
836000 1.41252
837000 1.41252
838000 1.41252
839000 1.41252
840000 1.41252
841000 1.41252
842000 1.41252
843000 1.41252
844000 1.41252
845000 1.41252
846000 1.41252
847000 1.41252
848000 1.41252
849000 1.41252
850000 1.41252
851000 1.41252
852000 1.41252
853000 1.41252
854000 1.41252
855000 1.41252
856000 1.41252
857000 1.41252
858000 1.41252
859000 1.41252
860000 1.41252
861000 1.41252
862000 1.41252
863000 1.41252
864000 1.41252
865000 1.41252
866000 1.41252
867000 1.41252
868000 1.41252
869000 1.41252
870000 1.41252
871000 1.41252
872000 1.41252
873000 1.41252
874000 1.41252
875000 1.41252
876000 1.41252
877000 1.41252
878000 1.41252
879000 1.41252
880000 1.41252
881000 1.41252
882000 1.41252
883000 1.41252
884000 1.41252
885000 1.41252
886000 1.41252
887000 1.41252
888000 1.41252
889000 1.41252
890000 1.41252
891000 1.41252
892000 1.41252
893000 1.41252
894000 1.41252
895000 1.41252
896000 1.41252
897000 1.41252
898000 1.41252
899000 1.41252
900000 1.41252
901000 1.41252
902000 1.41252
903000 1.41252
904000 1.41252
905000 1.41252
906000 1.41252
907000 1.41252
908000 1.41252
909000 1.41252
910000 1.41252
911000 1.41252
912000 1.41252
913000 1.41252
914000 1.41252
915000 1.41252
916000 1.41252
917000 1.41252
918000 1.41252
919000 1.41252
920000 1.41252
921000 1.41252
922000 1.41252
923000 1.41252
924000 1.41252
925000 1.41252
926000 1.41252
927000 1.41252
928000 1.41252
929000 1.41252
930000 1.41252
931000 1.41252
932000 1.41252
933000 1.41252
934000 1.41252
935000 1.41252
936000 1.41252
937000 1.41252
938000 1.41252
939000 1.41252
940000 1.41252
941000 1.41252
942000 1.41252
943000 1.41252
944000 1.41252
945000 1.41252
946000 1.41252
947000 1.41252
948000 1.41252
949000 1.41252
950000 1.41252
951000 1.41252
952000 1.41252
953000 1.41252
954000 1.41252
955000 1.41252
956000 1.41252
957000 1.41252
958000 1.41252
959000 1.41252
960000 1.41252
961000 1.41252
962000 1.41252
963000 1.41252
964000 1.41252
965000 1.41252
966000 1.41252
967000 1.41252
968000 1.41252
969000 1.41252
970000 1.41252
971000 1.41252
972000 1.41252
973000 1.41252
974000 1.41252
975000 1.41252
976000 1.41252
977000 1.41252
978000 1.41252
979000 1.41252
980000 1.41252
981000 1.41252
982000 1.41252
983000 1.41252
984000 1.41252
985000 1.41252
986000 1.41252
987000 1.41252
988000 1.41252
989000 1.41252
990000 1.41252
991000 1.41252
992000 1.41252
993000 1.41252
994000 1.41252
995000 1.41252
996000 1.41252
997000 1.41252
998000 1.41252
999000 1.41252
1000000 1.41252
1001000 1.41252
1002000 1.41252
1003000 1.41252
1004000 1.41252
1005000 1.41252
1006000 1.41252
1007000 1.41252
1008000 1.41252
1009000 1.41252
1010000 1.41252
1011000 1.41252
1012000 1.41252
1013000 1.41252
1014000 1.41252
1015000 1.41252
1016000 1.41252
1017000 1.41252
1018000 1.41252
1019000 1.41252
1020000 1.41252
1021000 1.41252
1022000 1.41252
1023000 1.41252
1024000 1.41252
1025000 1.41252
1026000 1.41252
1027000 1.41252
1028000 1.41252
1029000 1.41252
1030000 1.41252
1031000 1.41252
1032000 1.41252
1033000 1.41252
1034000 1.41252
1035000 1.41252
1036000 1.41252
1037000 1.41252
1038000 1.41252
1039000 1.41252
1040000 1.41252
1041000 1.41252
1042000 1.41252
1043000 1.41252
1044000 1.41252
1045000 1.41252
1046000 1.41252
1047000 1.41252
1048000 1.41252
1049000 1.41252
1050000 1.41252
1051000 1.41252
1052000 1.41252
1053000 1.41252
1054000 1.41252
1055000 1.41252
1056000 1.41252
1057000 1.41252
1058000 1.41252
1059000 1.41252
1060000 1.41252
1061000 1.41252
1062000 1.41252
1063000 1.41252
1064000 1.41252
1065000 1.41252
1066000 1.41252
1067000 1.41252
1068000 1.41252
1069000 1.41252
1070000 1.41252
1071000 1.41252
1072000 1.41252
1073000 1.41252
1074000 1.41252
1075000 1.41252
1076000 1.41252
1077000 1.41252
1078000 1.41252
1079000 1.41252
1080000 1.41252
1081000 1.41252
1082000 1.41252
1083000 1.41252
1084000 1.41252
1085000 1.41252
1086000 1.41252
1087000 1.41252
1088000 1.41252
1089000 1.41252
1090000 1.41252
1091000 1.41252
1092000 1.41252
1093000 1.41252
1094000 1.41252
1095000 1.41252
1096000 1.41252
1097000 1.41252
1098000 1.41252
1099000 1.41252
1100000 1.41252
1101000 1.41252
1102000 1.41252
1103000 1.41252
1104000 1.41252
1105000 1.41252
1106000 1.41252
1107000 1.41252
1108000 1.41252
1109000 1.41252
1110000 1.41252
1111000 1.41252
1112000 1.41252
1113000 1.41252
1114000 1.41252
1115000 1.41252
1116000 1.41252
1117000 1.41252
1118000 1.41252
1119000 1.41252
1120000 1.41252
1121000 1.41252
1122000 1.41252
1123000 1.41252
1124000 1.41252
1125000 1.41252
1126000 1.41252
1127000 1.41252
1128000 1.41252
1129000 1.41252
1130000 1.41252
1131000 1.41252
1132000 1.41252
1133000 1.41252
1134000 1.41252
1135000 1.41252
1136000 1.41252
1137000 1.41252
1138000 1.41252
1139000 1.41252
1140000 1.41252
1141000 1.41252
1142000 1.41252
1143000 1.41252
1144000 1.41252
1145000 1.41252
1146000 1.41252
1147000 1.41252
1148000 1.41252
1149000 1.41252
1150000 1.41252
1151000 1.41252
1152000 1.41252
1153000 1.41252
1154000 1.41252
1155000 1.41252
1156000 1.41252
1157000 1.41252
1158000 1.41252
1159000 1.41252
1160000 1.41252
1161000 1.41252
1162000 1.41252
1163000 1.41252
1164000 1.41252
1165000 1.41252
1166000 1.41252
1167000 1.41252
1168000 1.41252
1169000 1.41252
1170000 1.41252
1171000 1.41252
1172000 1.41252
1173000 1.41252
1174000 1.41252
1175000 1.41252
1176000 1.41252
1177000 1.41252
1178000 1.41252
1179000 1.41252
1180000 1.41252
1181000 1.41252
1182000 1.41252
1183000 1.41252
1184000 1.41252
1185000 1.41252
1186000 1.41252
1187000 1.41252
1188000 1.41252
1189000 1.41252
1190000 1.41252
1191000 1.41252
1192000 1.41252
1193000 1.41252
1194000 1.41252
1195000 1.41252
1196000 1.41252
1197000 1.41252
1198000 1.41252
1199000 1.41252
1200000 1.41252
1201000 1.41252
1202000 1.41252
1203000 1.41252
1204000 1.41252
1205000 1.41252
1206000 1.41252
1207000 1.41252
1208000 1.41252
1209000 1.41252
1210000 1.41252
1211000 1.41252
1212000 1.41252
1213000 1.41252
1214000 1.41252
1215000 1.41252
1216000 1.41252
1217000 1.41252
1218000 1.41252
1219000 1.41252
1220000 1.41252
1221000 1.41252
1222000 1.41252
1223000 1.41252
1224000 1.41252
1225000 1.41252
1226000 1.41252
1227000 1.41252
1228000 1.41252
1229000 1.41252
1230000 1.41252
1231000 1.41252
1232000 1.41252
1233000 1.41252
1234000 1.41252
1235000 1.41252
1236000 1.41252
1237000 1.41252
1238000 1.41252
1239000 1.41252
1240000 1.41252
1241000 1.41252
1242000 1.41252
1243000 1.41252
1244000 1.41252
1245000 1.41252
1246000 1.41252
1247000 1.41252
1248000 1.41252
1249000 1.41252
1250000 1.41252
1251000 1.41252
1252000 1.41252
1253000 1.41252
1254000 1.41252
1255000 1.41252
1256000 1.41252
1257000 1.41252
1258000 1.41252
1259000 1.41252
1260000 1.41252
1261000 1.41252
1262000 1.41252
1263000 1.41252
1264000 1.41252
1265000 1.41252
1266000 1.41252
1267000 1.41252
1268000 1.41252
1269000 1.41252
1270000 1.41252
1271000 1.41252
1272000 1.41252
1273000 1.41252
1274000 1.41252
1275000 1.41252
1276000 1.41252
1277000 1.41252
1278000 1.41252
1279000 1.41252
1280000 1.41252
1281000 1.41252
1282000 1.41252
1283000 1.41252
1284000 1.41252
1285000 1.41252
1286000 1.41252
1287000 1.41252
1288000 1.41252
1289000 1.41252
1290000 1.41252
1291000 1.41252
1292000 1.41252
1293000 1.41252
1294000 1.41252
1295000 1.41252
1296000 1.41252
1297000 1.41252
1298000 1.41252
1299000 1.41252
1300000 1.41252
1301000 1.41252
1302000 1.41252
1303000 1.41252
1304000 1.41252
1305000 1.41252
1306000 1.41252
1307000 1.41252
1308000 1.41252
1309000 1.41252
1310000 1.41252
1311000 1.41252
1312000 1.41252
1313000 1.41252
1314000 1.41252
1315000 1.41252
1316000 1.41252
1317000 1.41252
1318000 1.41252
1319000 1.41252
1320000 1.41252
1321000 1.41252
1322000 1.41252
1323000 1.41252
1324000 1.41252
1325000 1.41252
1326000 1.41252
1327000 1.41252
1328000 1.41252
1329000 1.41252
1330000 1.41252
1331000 1.41252
1332000 1.41252
1333000 1.41252
1334000 1.41252
1335000 1.41252
1336000 1.41252
1337000 1.41252
1338000 1.41252
1339000 1.41252
1340000 1.41252
1341000 1.41252
1342000 1.41252
1343000 1.41252
1344000 1.41252
1345000 1.41252
1346000 1.41252
1347000 1.41252
1348000 1.41252
1349000 1.41252
1350000 1.41252
1351000 1.41252
1352000 1.41252
1353000 1.41252
1354000 1.41252
1355000 1.41252
1356000 1.41252
1357000 1.41252
1358000 1.41252
1359000 1.41252
1360000 1.41252
1361000 1.41252
1362000 1.41252
1363000 1.41252
1364000 1.41252
1365000 1.41252
1366000 1.41252
1367000 1.41252
1368000 1.41252
1369000 1.41252
1370000 1.41252
1371000 1.41252
1372000 1.41252
1373000 1.41252
1374000 1.41252
1375000 1.41252
1376000 1.41252
1377000 1.41252
1378000 1.41252
1379000 1.41252
1380000 1.41252
1381000 1.41252
1382000 1.41252
1383000 1.41252
1384000 1.41252
1385000 1.41252
1386000 1.41252
1387000 1.41252
1388000 1.41252
1389000 1.41252
1390000 1.41252
1391000 1.41252
1392000 1.41252
1393000 1.41252
1394000 1.41252
1395000 1.41252
1396000 1.41252
1397000 1.41252
1398000 1.41252
1399000 1.41252
1400000 1.41252
1401000 1.41252
1402000 1.41252
1403000 1.41252
1404000 1.41252
1405000 1.41252
1406000 1.41252
1407000 1.41252
1408000 1.41252
1409000 1.41252
1410000 1.41252
1411000 1.41252
1412000 1.41252
1413000 1.41252
1414000 1.41252
1415000 1.41252
1416000 1.41252
1417000 1.41252
1418000 1.41252
1419000 1.41252
1420000 1.41252
1421000 1.41252
1422000 1.41252
1423000 1.41252
1424000 1.41252
1425000 1.41252
1426000 1.41252
1427000 1.41252
1428000 1.41252
1429000 1.41252
1430000 1.41252
1431000 1.41252
1432000 1.41252
1433000 1.41252
1434000 1.41252
1435000 1.41252
1436000 1.41252
1437000 1.41252
1438000 1.41252
1439000 1.41252
1440000 1.41252
1441000 1.4172
1442000 1.4172
1443000 1.4172
1444000 1.4172
1445000 1.4172
1446000 1.4172
1447000 1.4172
1448000 1.4172
1449000 1.4172
1450000 1.4172
1451000 1.4172
1452000 1.4172
1453000 1.4172
1454000 1.4172
1455000 1.4172
1456000 1.4172
1457000 1.4172
1458000 1.4172
1459000 1.4172
1460000 1.4172
1461000 1.4172
1462000 1.4172
1463000 1.4172
1464000 1.4172
1465000 1.4172
1466000 1.4172
1467000 1.4172
1468000 1.4172
1469000 1.4172
1470000 1.4172
1471000 1.4172
1472000 1.4172
1473000 1.4172
1474000 1.4172
1475000 1.4172
1476000 1.4172
1477000 1.4172
1478000 1.4172
1479000 1.4172
1480000 1.4172
1481000 1.4172
1482000 1.4172
1483000 1.4172
1484000 1.4172
1485000 1.4172
1486000 1.4172
1487000 1.4172
1488000 1.4172
1489000 1.4172
1490000 1.4172
1491000 1.4172
1492000 1.4172
1493000 1.4172
1494000 1.4172
1495000 1.4172
1496000 1.4172
1497000 1.4172
1498000 1.4172
1499000 1.4172
1500000 1.4172
1501000 1.4172
1502000 1.4172
1503000 1.4172
1504000 1.4172
1505000 1.4172
1506000 1.4172
1507000 1.4172
1508000 1.4172
1509000 1.42188
1510000 1.42188
1511000 1.42188
1512000 1.42188
1513000 1.42188
1514000 1.42188
1515000 1.42188
1516000 1.42188
1517000 1.42188
1518000 1.42188
1519000 1.42188
1520000 1.42188
1521000 1.42188
1522000 1.42188
1523000 1.42188
1524000 1.42188
1525000 1.42188
1526000 1.42188
1527000 1.42188
1528000 1.4172
1529000 1.4172
1530000 1.4172
1531000 1.4172
1532000 1.4172
1533000 1.4172
1534000 1.4172
1535000 1.4172
1536000 1.4172
1537000 1.4172
1538000 1.4172
1539000 1.4172
1540000 1.4172
1541000 1.4172
1542000 1.4172
1543000 1.4172
1544000 1.4172
1545000 1.4172
1546000 1.4172
1547000 1.4172
1548000 1.4172
1549000 1.4172
1550000 1.4172
1551000 1.4172
1552000 1.4172
1553000 1.4172
1554000 1.4172
1555000 1.4172
1556000 1.4172
1557000 1.4172
1558000 1.4172
1559000 1.4172
1560000 1.4172
1561000 1.4172
1562000 1.4172
1563000 1.4172
1564000 1.4172
1565000 1.4172
1566000 1.4172
1567000 1.4172
1568000 1.4172
1569000 1.4172
1570000 1.4172
1571000 1.4172
1572000 1.4172
1573000 1.4172
1574000 1.4172
1575000 1.4172
1576000 1.4172
1577000 1.4172
1578000 1.4172
1579000 1.4172
1580000 1.4172
1581000 1.4172
1582000 1.4172
1583000 1.4172
1584000 1.4172
1585000 1.4172
1586000 1.4172
1587000 1.4172
1588000 1.4172
1589000 1.4172
1590000 1.4172
1591000 1.4172
1592000 1.4172
1593000 1.4172
1594000 1.4172
1595000 1.4172
1596000 1.4172
1597000 1.4172
1598000 1.4172
1599000 1.4172
1600000 1.4172
1601000 1.4172
1602000 1.4172
1603000 1.4172
1604000 1.4172
1605000 1.4172
1606000 1.4172
1607000 1.4172
1608000 1.4172
1609000 1.4172
1610000 1.4172
1611000 1.4172
1612000 1.4172
1613000 1.4172
1614000 1.4172
1615000 1.4172
1616000 1.4172
1617000 1.4172
1618000 1.4172
1619000 1.4172
1620000 1.4172
1621000 1.4172
1622000 1.4172
1623000 1.4172
1624000 1.4172
1625000 1.4172
1626000 1.4172
1627000 1.4172
1628000 1.4172
1629000 1.4172
1630000 1.4172
1631000 1.4172
1632000 1.4172
1633000 1.4172
1634000 1.4172
1635000 1.4172
1636000 1.4172
1637000 1.4172
1638000 1.4172
1639000 1.4172
1640000 1.4172
1641000 1.4172
1642000 1.4172
1643000 1.4172
1644000 1.4172
1645000 1.4172
1646000 1.4172
1647000 1.4172
1648000 1.4172
1649000 1.4172
1650000 1.4172
1651000 1.4172
1652000 1.4172
1653000 1.4172
1654000 1.4172
1655000 1.4172
1656000 1.4172
1657000 1.4172
1658000 1.4172
1659000 1.4172
1660000 1.4172
1661000 1.4172
1662000 1.4172
1663000 1.4172
1664000 1.4172
1665000 1.4172
1666000 1.4172
1667000 1.4172
1668000 1.4172
1669000 1.4172
1670000 1.4172
1671000 1.4172
1672000 1.4172
1673000 1.4172
1674000 1.4172
1675000 1.4172
1676000 1.4172
1677000 1.4172
1678000 1.4172
1679000 1.4172
1680000 1.4172
1681000 1.4172
1682000 1.4172
1683000 1.4172
1684000 1.4172
1685000 1.4172
1686000 1.4172
1687000 1.4172
1688000 1.4172
1689000 1.4172
1690000 1.4172
1691000 1.4172
1692000 1.4172
1693000 1.4172
1694000 1.4172
1695000 1.4172
1696000 1.4172
1697000 1.4172
1698000 1.4172
1699000 1.4172
1700000 1.4172
1701000 1.4172
1702000 1.4172
1703000 1.4172
1704000 1.4172
1705000 1.4172
1706000 1.4172
1707000 1.4172
1708000 1.4172
1709000 1.4172
1710000 1.4172
1711000 1.4172
1712000 1.4172
1713000 1.4172
1714000 1.4172
1715000 1.4172
1716000 1.4172
1717000 1.4172
1718000 1.4172
1719000 1.4172
1720000 1.4172
1721000 1.4172
1722000 1.4172
1723000 1.4172
1724000 1.4172
1725000 1.4172
1726000 1.4172
1727000 1.4172
1728000 1.4172
1729000 1.4172
1730000 1.4172
1731000 1.4172
1732000 1.4172
1733000 1.4172
1734000 1.4172
1735000 1.4172
1736000 1.4172
1737000 1.4172
1738000 1.4172
1739000 1.4172
1740000 1.4172
1741000 1.4172
1742000 1.4172
1743000 1.4172
1744000 1.4172
1745000 1.4172
1746000 1.4172
1747000 1.4172
1748000 1.4172
1749000 1.4172
1750000 1.4172
1751000 1.4172
1752000 1.4172
1753000 1.4172
1754000 1.4172
1755000 1.4172
1756000 1.4172
1757000 1.4172
1758000 1.4172
1759000 1.4172
1760000 1.4172
1761000 1.4172
1762000 1.4172
1763000 1.4172
1764000 1.4172
1765000 1.4172
1766000 1.4172
1767000 1.4172
1768000 1.4172
1769000 1.4172
1770000 1.4172
1771000 1.4172
1772000 1.4172
1773000 1.4172
1774000 1.4172
1775000 1.4172
1776000 1.4172
1777000 1.4172
1778000 1.4172
1779000 1.4172
1780000 1.4172
1781000 1.4172
1782000 1.4172
1783000 1.4172
1784000 1.4172
1785000 1.4172
1786000 1.4172
1787000 1.4172
1788000 1.4172
1789000 1.4172
1790000 1.4172
1791000 1.4172
1792000 1.4172
1793000 1.4172
1794000 1.4172
1795000 1.4172
1796000 1.4172
1797000 1.4172
1798000 1.4172
1799000 1.4172
1800000 1.4172
1801000 1.4172
1802000 1.4172
1803000 1.4172
1804000 1.4172
1805000 1.4172
1806000 1.4172
1807000 1.4172
1808000 1.4172
1809000 1.4172
1810000 1.4172
1811000 1.4172
1812000 1.4172
1813000 1.4172
1814000 1.4172
1815000 1.4172
1816000 1.4172
1817000 1.4172
1818000 1.4172
1819000 1.4172
1820000 1.4172
1821000 1.4172
1822000 1.4172
1823000 1.4172
1824000 1.4172
1825000 1.4172
1826000 1.4172
1827000 1.4172
1828000 1.4172
1829000 1.4172
1830000 1.4172
1831000 1.4172
1832000 1.4172
1833000 1.4172
1834000 1.4172
1835000 1.4172
1836000 1.4172
1837000 1.4172
1838000 1.4172
1839000 1.4172
1840000 1.4172
1841000 1.4172
1842000 1.4172
1843000 1.4172
1844000 1.4172
1845000 1.4172
1846000 1.4172
1847000 1.4172
1848000 1.4172
1849000 1.4172
1850000 1.4172
1851000 1.4172
1852000 1.4172
1853000 1.4172
1854000 1.4172
1855000 1.4172
1856000 1.4172
1857000 1.4172
1858000 1.4172
1859000 1.4172
1860000 1.4172
1861000 1.4172
1862000 1.4172
1863000 1.4172
1864000 1.4172
1865000 1.4172
1866000 1.4172
1867000 1.4172
1868000 1.4172
1869000 1.4172
1870000 1.4172
1871000 1.4172
1872000 1.4172
1873000 1.4172
1874000 1.4172
1875000 1.4172
1876000 1.4172
1877000 1.4172
1878000 1.4172
1879000 1.4172
1880000 1.4172
1881000 1.4172
1882000 1.4172
1883000 1.4172
1884000 1.4172
1885000 1.4172
1886000 1.4172
1887000 1.4172
1888000 1.4172
1889000 1.4172
1890000 1.4172
1891000 1.4172
1892000 1.4172
1893000 1.4172
1894000 1.4172
1895000 1.4172
1896000 1.4172
1897000 1.4172
1898000 1.4172
1899000 1.4172
1900000 1.4172
1901000 1.4172
1902000 1.4172
1903000 1.4172
1904000 1.4172
1905000 1.4172
1906000 1.4172
1907000 1.4172
1908000 1.4172
1909000 1.4172
1910000 1.4172
1911000 1.4172
1912000 1.4172
1913000 1.4172
1914000 1.4172
1915000 1.4172
1916000 1.4172
1917000 1.4172
1918000 1.4172
1919000 1.4172
1920000 1.4172
1921000 1.4172
1922000 1.4172
1923000 1.4172
1924000 1.4172
1925000 1.4172
1926000 1.4172
1927000 1.4172
1928000 1.4172
1929000 1.4172
1930000 1.4172
1931000 1.4172
1932000 1.4172
1933000 1.4172
1934000 1.4172
1935000 1.4172
1936000 1.4172
1937000 1.4172
1938000 1.4172
1939000 1.4172
1940000 1.4172
1941000 1.4172
1942000 1.4172
1943000 1.4172
1944000 1.4172
1945000 1.4172
1946000 1.4172
1947000 1.4172
1948000 1.4172
1949000 1.4172
1950000 1.4172
1951000 1.4172
1952000 1.4172
1953000 1.4172
1954000 1.4172
1955000 1.4172
1956000 1.4172
1957000 1.4172
1958000 1.4172
1959000 1.4172
1960000 1.4172
1961000 1.4172
1962000 1.4172
1963000 1.4172
1964000 1.4172
1965000 1.4172
1966000 1.4172
1967000 1.4172
1968000 1.4172
1969000 1.4172
1970000 1.4172
1971000 1.4172
1972000 1.4172
1973000 1.4172
1974000 1.4172
1975000 1.4172
1976000 1.4172
1977000 1.4172
1978000 1.4172
1979000 1.4172
1980000 1.4172
1981000 1.4172
1982000 1.4172
1983000 1.4172
1984000 1.4172
1985000 1.4172
1986000 1.4172
1987000 1.4172
1988000 1.4172
1989000 1.4172
1990000 1.4172
1991000 1.4172
1992000 1.4172
1993000 1.4172
1994000 1.4172
1995000 1.4172
1996000 1.4172
1997000 1.4172
1998000 1.4172
1999000 1.4172
2000000 1.4172
2001000 1.4172
2002000 1.4172
2003000 1.4172
2004000 1.4172
2005000 1.4172
2006000 1.4172
2007000 1.4172
2008000 1.4172
2009000 1.4172
2010000 1.4172
2011000 1.4172
2012000 1.4172
2013000 1.4172
2014000 1.4172
2015000 1.4172
2016000 1.4172
2017000 1.4172
2018000 1.4172
2019000 1.4172
2020000 1.4172
2021000 1.4172
2022000 1.4172
2023000 1.4172
2024000 1.4172
2025000 1.4172
2026000 1.4172
2027000 1.4172
2028000 1.4172
2029000 1.4172
2030000 1.4172
2031000 1.4172
2032000 1.4172
2033000 1.4172
2034000 1.4172
2035000 1.4172
2036000 1.4172
2037000 1.4172
2038000 1.4172
2039000 1.4172
2040000 1.4172
2041000 1.4172
2042000 1.41252
2043000 1.41252
2044000 1.41252
2045000 1.41252
2046000 1.41252
2047000 1.41252
2048000 1.41252
2049000 1.41252
2050000 1.41252
2051000 1.41252
2052000 1.41252
2053000 1.41252
2054000 1.41252
2055000 1.41252
2056000 1.41252
2057000 1.41252
2058000 1.41252
2059000 1.41252
2060000 1.41252
2061000 1.41252
2062000 1.41252
2063000 1.41252
2064000 1.41252
2065000 1.41252
2066000 1.41252
2067000 1.41252
2068000 1.41252
2069000 1.41252
2070000 1.41252
2071000 1.41252
2072000 1.41252
2073000 1.41252
2074000 1.41252
2075000 1.41252
2076000 1.41252
2077000 1.41252
2078000 1.41252
2079000 1.41252
2080000 1.41252
2081000 1.41252
2082000 1.41252
2083000 1.41252
2084000 1.41252
2085000 1.41252
2086000 1.41252
2087000 1.41252
2088000 1.41252
2089000 1.41252
2090000 1.41252
2091000 1.41252
2092000 1.41252
2093000 1.41252
2094000 1.41252
2095000 1.41252
2096000 1.41252
2097000 1.41252
2098000 1.41252
2099000 1.41252
2100000 1.41252
2101000 1.41252
2102000 1.41252
2103000 1.41252
2104000 1.41252
2105000 1.41252
2106000 1.41252
2107000 1.41252
2108000 1.41252
2109000 1.41252
2110000 1.41252
2111000 1.41252
2112000 1.41252
2113000 1.41252
2114000 1.41252
2115000 1.41252
2116000 1.41252
2117000 1.41252
2118000 1.41252
2119000 1.41252
2120000 1.41252
2121000 1.41252
2122000 1.41252
2123000 1.41252
2124000 1.41252
2125000 1.41252
2126000 1.41252
2127000 1.41252
2128000 1.41252
2129000 1.41252
2130000 1.41252
2131000 1.41252
2132000 1.41252
2133000 1.41252
2134000 1.41252
2135000 1.41252
2136000 1.41252
2137000 1.41252
2138000 1.41252
2139000 1.41252
2140000 1.41252
2141000 1.41252
2142000 1.41252
2143000 1.41252
2144000 1.41252
2145000 1.41252
2146000 1.41252
2147000 1.41252
2148000 1.41252
2149000 1.41252
2150000 1.41252
2151000 1.41252
2152000 1.41252
2153000 1.41252
2154000 1.41252
2155000 1.41252
2156000 1.41252
2157000 1.41252
2158000 1.41252
2159000 1.41252
2160000 1.41252
2161000 1.41252
2162000 1.41252
2163000 1.41252
2164000 1.41252
2165000 1.41252
2166000 1.41252
2167000 1.41252
2168000 1.41252
2169000 1.41252
2170000 1.41252
2171000 1.41252
2172000 1.41252
2173000 1.41252
2174000 1.4172
2175000 1.4172
2176000 1.4172
2177000 1.4172
2178000 1.4172
2179000 1.4172
2180000 1.4172
2181000 1.4172
2182000 1.4172
2183000 1.4172
2184000 1.4172
2185000 1.4172
2186000 1.4172
2187000 1.4172
2188000 1.4172
2189000 1.4172
2190000 1.4172
2191000 1.4172
2192000 1.4172
2193000 1.4172
2194000 1.4172
2195000 1.4172
2196000 1.4172
2197000 1.4172
2198000 1.4172
2199000 1.4172
2200000 1.4172
2201000 1.4172
2202000 1.4172
2203000 1.4172
2204000 1.4172
2205000 1.4172
2206000 1.4172
2207000 1.4172
2208000 1.4172
2209000 1.4172
2210000 1.4172
2211000 1.4172
2212000 1.4172
2213000 1.4172
2214000 1.4172
2215000 1.4172
2216000 1.4172
2217000 1.4172
2218000 1.4172
2219000 1.4172
2220000 1.4172
2221000 1.4172
2222000 1.4172
2223000 1.4172
2224000 1.4172
2225000 1.4172
2226000 1.4172
2227000 1.4172
2228000 1.4172
2229000 1.4172
2230000 1.4172
2231000 1.4172
2232000 1.4172
2233000 1.4172
2234000 1.4172
2235000 1.4172
2236000 1.4172
2237000 1.4172
2238000 1.4172
2239000 1.4172
2240000 1.4172
2241000 1.4172
2242000 1.4172
2243000 1.4172
2244000 1.4172
2245000 1.4172
2246000 1.4172
2247000 1.4172
2248000 1.4172
2249000 1.4172
2250000 1.4172
2251000 1.4172
2252000 1.4172
2253000 1.4172
2254000 1.4172
2255000 1.4172
2256000 1.4172
2257000 1.4172
2258000 1.4172
2259000 1.4172
2260000 1.4172
2261000 1.4172
2262000 1.4172
2263000 1.4172
2264000 1.4172
2265000 1.4172
2266000 1.4172
2267000 1.4172
2268000 1.4172
2269000 1.4172
2270000 1.4172
2271000 1.4172
2272000 1.4172
2273000 1.4172
2274000 1.4172
2275000 1.4172
2276000 1.4172
2277000 1.4172
2278000 1.4172
2279000 1.4172
2280000 1.4172
2281000 1.4172
2282000 1.4172
2283000 1.4172
2284000 1.4172
2285000 1.4172
2286000 1.4172
2287000 1.4172
2288000 1.4172
2289000 1.4172
2290000 1.4172
2291000 1.4172
2292000 1.4172
2293000 1.4172
2294000 1.4172
2295000 1.4172
2296000 1.4172
2297000 1.4172
2298000 1.4172
2299000 1.4172
2300000 1.4172
2301000 1.4172
2302000 1.4172
2303000 1.4172
2304000 1.4172
2305000 1.4172
2306000 1.4172
2307000 1.4172
2308000 1.4172
2309000 1.4172
2310000 1.4172
2311000 1.4172
2312000 1.4172
2313000 1.4172
2314000 1.4172
2315000 1.4172
2316000 1.4172
2317000 1.4172
2318000 1.4172
2319000 1.4172
2320000 1.4172
2321000 1.4172
2322000 1.4172
2323000 1.4172
2324000 1.4172
2325000 1.4172
2326000 1.4172
2327000 1.4172
2328000 1.4172
2329000 1.4172
2330000 1.4172
2331000 1.4172
2332000 1.4172
2333000 1.4172
2334000 1.4172
2335000 1.4172
2336000 1.4172
2337000 1.4172
2338000 1.4172
2339000 1.4172
2340000 1.4172
2341000 1.4172
2342000 1.4172
2343000 1.4172
2344000 1.4172
2345000 1.4172
2346000 1.4172
2347000 1.4172
2348000 1.4172
2349000 1.4172
2350000 1.4172
2351000 1.4172
2352000 1.4172
2353000 1.4172
2354000 1.4172
2355000 1.4172
2356000 1.4172
2357000 1.4172
2358000 1.4172
2359000 1.4172
2360000 1.4172
2361000 1.4172
2362000 1.4172
2363000 1.4172
2364000 1.4172
2365000 1.4172
2366000 1.4172
2367000 1.4172
2368000 1.4172
2369000 1.4172
2370000 1.4172
2371000 1.4172
2372000 1.4172
2373000 1.4172
2374000 1.4172
2375000 1.4172
2376000 1.4172
2377000 1.4172
2378000 1.4172
2379000 1.4172
2380000 1.4172
2381000 1.4172
2382000 1.4172
2383000 1.4172
2384000 1.4172
2385000 1.4172
2386000 1.4172
2387000 1.4172
2388000 1.4172
2389000 1.4172
2390000 1.4172
2391000 1.4172
2392000 1.4172
2393000 1.4172
2394000 1.4172
2395000 1.4172
2396000 1.4172
2397000 1.4172
2398000 1.4172
2399000 1.42188
2400000 1.42188
2401000 1.42188
2402000 1.42188
2403000 1.42188
2404000 1.42188
2405000 1.42188
2406000 1.42188
2407000 1.42188
2408000 1.42188
2409000 1.42188
2410000 1.42188
2411000 1.42188
2412000 1.42188
2413000 1.42188
2414000 1.42188
2415000 1.42188
2416000 1.42188
2417000 1.42188
2418000 1.42188
2419000 1.42188
2420000 1.42188
2421000 1.42188
2422000 1.42188
2423000 1.42188
2424000 1.42188
2425000 1.42188
2426000 1.42188
2427000 1.42188
2428000 1.42188
2429000 1.42188
2430000 1.42188
2431000 1.42188
2432000 1.42188
2433000 1.42188
2434000 1.42188
2435000 1.42188
2436000 1.42188
2437000 1.42188
2438000 1.42188
2439000 1.42188
2440000 1.42188
2441000 1.42188
2442000 1.42188
2443000 1.42188
2444000 1.42188
2445000 1.42188
2446000 1.42188
2447000 1.42188
2448000 1.42188
2449000 1.42188
2450000 1.42188
2451000 1.42188
2452000 1.42188
2453000 1.42188
2454000 1.42188
2455000 1.42188
2456000 1.42188
2457000 1.42188
2458000 1.42188
2459000 1.42188
2460000 1.42188
2461000 1.42188
2462000 1.42188
2463000 1.42188
2464000 1.42188
2465000 1.42188
2466000 1.42188
2467000 1.42188
2468000 1.42188
2469000 1.42188
2470000 1.42188
2471000 1.42188
2472000 1.42188
2473000 1.42188
2474000 1.42188
2475000 1.42188
2476000 1.42188
2477000 1.42188
2478000 1.42188
2479000 1.42188
2480000 1.42188
2481000 1.42188
2482000 1.42188
2483000 1.42188
2484000 1.42188
2485000 1.42188
2486000 1.42188
2487000 1.42188
2488000 1.42188
2489000 1.42188
2490000 1.42188
2491000 1.42188
2492000 1.42188
2493000 1.42188
2494000 1.42188
2495000 1.42188
2496000 1.42188
2497000 1.42188
2498000 1.42188
2499000 1.42188
2500000 1.42188
2501000 1.42188
2502000 1.42188
