# Time-averaged data for fix myat1
# TimeStep v_nC
2000 188
2100 189
2200 188
2300 189
2400 188
2500 185
2600 187
2700 189
2800 188
2900 191
3000 192
3100 191
3200 190
3300 187
3400 185
3500 186
3600 186
3700 187
3800 187
3900 185
4000 183
4100 182
4200 182
4300 181
4400 183
4500 183
4600 183
4700 183
4800 182
4900 180
5000 183
5100 183
5200 182
5300 183
5400 179
5500 180
5600 180
5700 181
5800 182
5900 179
6000 178
6100 175
6200 175
6300 174
6400 176
6500 175
6600 178
6700 178
6800 178
6900 175
7000 174
7100 172
7200 174
7300 174
7400 172
7500 173
7600 174
7700 172
7800 174
7900 174
8000 174
8100 174
8200 171
8300 173
8400 174
8500 174
8600 172
8700 173
8800 174
8900 174
9000 176
9100 175
9200 175
9300 178
9400 176
9500 178
9600 179
9700 177
9800 178
9900 178
10000 178
10100 178
10200 180
10300 179
10400 180
10500 179
10600 178
10700 175
10800 176
10900 176
11000 178
11100 176
11200 178
11300 171
11400 172
11500 172
11600 171
11700 171
11800 168
11900 172
12000 172
12100 174
12200 175
12300 173
12400 172
12500 174
12600 173
12700 174
12800 170
12900 170
13000 171
13100 167
13200 170
13300 169
13400 170
13500 168
13600 167
13700 164
13800 167
13900 167
14000 169
14100 168
14200 168
14300 167
14400 167
14500 162
14600 164
14700 163
14800 165
14900 163
15000 164
15100 162
15200 163
15300 162
15400 159
15500 155
15600 155
15700 157
15800 158
15900 153
16000 153
16100 151
16200 150
16300 147
16400 145
16500 146
16600 143
16700 143
16800 143
16900 141
17000 143
17100 142
17200 141
17300 136
17400 135
17500 139
17600 140
17700 142
17800 145
17900 141
18000 142
18100 142
18200 138
18300 138
18400 136
18500 131
18600 129
18700 134
18800 135
18900 138
19000 139
19100 138
19200 136
19300 135
19400 134
19500 132
19600 128
19700 126
19800 126
19900 126
20000 122
20100 120
20200 117
20300 122
20400 117
20500 120
20600 120
20700 108
20800 110
20900 111
21000 104
21100 99
21200 94
21300 82
21400 84
21500 77
21600 73
21700 71
21800 67
21900 58
22000 59
22100 55
22200 69
22300 62
22400 66
22500 65
22600 64
22700 56
22800 56
22900 60
23000 64
23100 59
23200 71
23300 69
23400 64
23500 67
23600 64
23700 65
23800 58
23900 65
24000 54
24100 58
24200 42
24300 44
24400 39
24500 47
24600 51
24700 60
24800 66
24900 68
25000 64
25100 53
25200 43
25300 49
25400 59
25500 47
25600 54
25700 65
25800 55
25900 52
26000 43
26100 51
26200 54
26300 54
26400 66
26500 67
26600 64
26700 74
26800 74
26900 66
27000 67
27100 65
27200 69
27300 68
27400 64
27500 57
27600 52
27700 55
27800 62
27900 57
28000 51
28100 55
28200 53
28300 56
28400 59
28500 51
28600 61
28700 51
28800 49
28900 56
29000 50
29100 44
29200 43
29300 41
29400 51
29500 52
29600 54
29700 59
29800 57
29900 67
30000 70
30100 66
30200 66
30300 67
30400 60
30500 59
30600 59
30700 62
30800 54
30900 55
31000 56
31100 57
31200 58
31300 61
31400 65
31500 72
31600 77
31700 80
31800 78
31900 69
32000 56
32100 56
32200 64
32300 52
32400 65
32500 66
32600 80
32700 78
32800 78
32900 72
33000 66
33100 60
33200 70
33300 80
33400 76
33500 78
33600 80
33700 81
33800 80
33900 71
34000 75
34100 73
34200 80
34300 74
34400 71
34500 69
34600 60
34700 49
34800 56
34900 50
35000 44
35100 40
35200 52
35300 54
35400 54
35500 53
35600 57
35700 63
35800 75
35900 66
36000 74
36100 86
36200 87
36300 86
36400 90
36500 98
36600 97
36700 93
36800 95
36900 84
37000 80
37100 87
37200 89
37300 94
37400 93
37500 93
37600 81
37700 81
37800 78
37900 76
38000 74
38100 74
38200 73
38300 68
38400 62
38500 62
38600 66
38700 62
38800 59
38900 61
39000 75
39100 82
39200 82
39300 81
39400 77
39500 77
39600 79
39700 73
39800 72
39900 71
40000 69
40100 69
40200 72
40300 70
40400 73
40500 66
40600 75
40700 85
40800 82
40900 82
41000 76
41100 77
41200 71
41300 71
41400 76
41500 74
41600 74
41700 70
41800 73
41900 73
42000 77
42100 75
42200 82
42300 80
42400 77
42500 78
42600 79
42700 79
42800 63
42900 58
43000 54
43100 50
43200 52
43300 62
43400 65
43500 62
43600 61
43700 64
43800 59
43900 57
44000 67
44100 61
44200 58
44300 59
44400 58
44500 62
44600 54
44700 60
44800 63
44900 65
45000 69
45100 68
45200 75
45300 64
45400 60
45500 57
45600 52
45700 51
45800 65
45900 55
46000 57
46100 53
46200 50
46300 53
46400 56
46500 62
46600 55
46700 64
46800 75
46900 78
47000 78
47100 75
47200 68
47300 76
47400 81
47500 78
47600 73
47700 67
47800 63
47900 55
48000 54
48100 59
48200 61
48300 56
48400 60
48500 60
48600 63
48700 65
48800 63
48900 58
49000 66
49100 64
49200 62
49300 62
49400 58
49500 58
49600 70
49700 71
49800 71
49900 74
50000 78
50100 71
50200 73
50300 69
50400 78
50500 68
50600 73
50700 67
50800 63
50900 71
51000 76
51100 88
51200 82
51300 82
51400 85
51500 78
51600 73
51700 78
51800 77
51900 71
52000 63
52100 68
52200 69
52300 64
52400 68
52500 65
52600 71
52700 71
52800 78
52900 73
53000 74
53100 69
53200 72
53300 72
53400 76
53500 83
53600 81
53700 80
53800 79
53900 83
54000 72
54100 64
54200 68
54300 66
54400 62
54500 68
54600 68
54700 67
54800 66
54900 60
55000 64
55100 66
55200 71
55300 67
55400 72
55500 67
55600 61
55700 61
55800 59
55900 62
56000 65
56100 58
56200 56
56300 54
56400 52
56500 55
56600 53
56700 61
56800 61
56900 64
57000 80
57100 79
57200 70
57300 74
57400 81
57500 86
57600 86
57700 80
57800 85
57900 90
58000 94
58100 93
58200 92
58300 90
58400 86
58500 86
58600 77
58700 79
58800 74
58900 72
59000 69
59100 66
59200 67
59300 61
59400 66
59500 68
59600 70
59700 71
59800 68
59900 72
60000 67
60100 69
60200 70
60300 72
60400 71
60500 59
60600 64
60700 59
60800 54
60900 57
61000 62
61100 64
61200 77
61300 74
61400 66
61500 60
61600 58
61700 63
61800 64
61900 61
62000 56
62100 57
62200 57
62300 58
62400 64
62500 75
62600 78
62700 81
62800 79
62900 75
63000 65
63100 58
63200 62
63300 70
63400 66
63500 61
63600 55
63700 53
63800 56
63900 52
64000 45
64100 40
64200 49
64300 49
64400 60
64500 61
64600 60
64700 53
64800 43
64900 53
65000 60
65100 62
65200 60
65300 54
65400 53
65500 54
65600 47
65700 47
65800 45
65900 47
66000 39
66100 45
66200 50
66300 48
66400 59
66500 62
66600 59
66700 53
66800 62
66900 56
67000 64
67100 62
67200 62
67300 51
67400 43
67500 37
67600 46
67700 41
67800 51
67900 58
68000 57
68100 60
68200 58
68300 62
68400 62
68500 57
68600 57
68700 70
68800 73
68900 73
69000 76
69100 83
69200 88
69300 84
69400 89
69500 83
69600 77
69700 81
69800 87
69900 87
70000 82
70100 74
70200 71
70300 73
70400 76
70500 78
70600 89
70700 91
70800 103
70900 104
71000 108
71100 101
71200 103
71300 102
71400 101
71500 101
71600 106
71700 98
71800 96
71900 85
72000 78
72100 78
72200 86
72300 80
72400 70
72500 72
72600 69
72700 66
72800 72
72900 76
73000 78
73100 59
73200 53
73300 46
73400 46
73500 48
73600 51
73700 50
73800 52
73900 49
74000 63
74100 66
74200 68
74300 55
74400 61
74500 54
74600 56
74700 54
74800 53
74900 58
75000 63
75100 60
75200 52
75300 58
75400 49
75500 56
75600 54
75700 56
75800 60
75900 49
76000 42
76100 51
76200 49
76300 54
76400 60
76500 60
76600 68
76700 62
76800 52
76900 50
77000 50
77100 58
77200 53
77300 64
77400 73
77500 72
77600 66
77700 60
77800 60
77900 61
78000 63
78100 50
78200 63
78300 51
78400 50
78500 57
78600 59
78700 63
78800 72
78900 71
79000 85
79100 89
79200 86
79300 85
79400 87
79500 89
79600 95
79700 92
79800 96
79900 88
80000 89
80100 89
80200 84
80300 87
80400 83
80500 81
80600 76
80700 69
80800 71
80900 59
81000 50
81100 51
81200 57
81300 59
81400 61
81500 69
81600 65
81700 65
81800 60
81900 61
82000 55
82100 54
82200 55
82300 60
82400 61
82500 50
82600 47
82700 45
82800 49
82900 52
83000 48
83100 55
83200 53
83300 58
83400 58
83500 60
83600 58
83700 62
83800 58
83900 57
84000 63
84100 58
84200 54
84300 54
84400 61
84500 60
84600 54
84700 58
84800 52
84900 51
85000 49
85100 54
85200 58
85300 56
85400 60
85500 53
85600 57
85700 54
85800 54
85900 53
86000 58
86100 50
86200 58
86300 60
86400 55
86500 53
86600 51
86700 48
86800 50
86900 49
87000 43
87100 53
87200 50
87300 57
87400 55
87500 57
87600 59
87700 51
87800 51
87900 57
88000 60
88100 49
88200 55
88300 60
88400 66
88500 59
88600 52
88700 59
88800 62
88900 72
89000 66
89100 63
89200 62
89300 61
89400 64
89500 69
89600 65
89700 70
89800 72
89900 60
90000 60
90100 57
90200 54
90300 58
90400 60
90500 65
90600 68
90700 63
90800 52
90900 57
91000 49
91100 37
91200 44
91300 45
91400 60
91500 69
91600 62
91700 59
91800 50
91900 49
92000 49
92100 46
92200 35
92300 43
92400 48
92500 47
92600 49
92700 51
92800 53
92900 54
93000 53
93100 53
93200 61
93300 56
93400 54
93500 57
93600 62
93700 64
93800 70
93900 72
94000 71
94100 75
94200 75
94300 77
94400 71
94500 73
94600 78
94700 76
94800 69
94900 65
95000 69
95100 73
95200 69
95300 69
95400 69
95500 66
95600 74
95700 65
95800 65
95900 70
96000 67
96100 56
96200 52
96300 56
96400 52
96500 47
96600 60
96700 49
96800 48
96900 49
97000 48
97100 57
97200 66
97300 68
97400 58
97500 60
97600 41
97700 49
97800 54
97900 48
98000 59
98100 57
98200 54
98300 48
98400 49
98500 50
98600 53
98700 61
98800 64
98900 60
99000 64
99100 62
99200 52
99300 53
99400 61
99500 55
99600 63
99700 61
99800 65
99900 62
100000 71
100100 78
100200 78
100300 74
100400 74
100500 67
100600 69
100700 76
100800 72
100900 89
101000 90
101100 83
101200 81
101300 86
101400 89
101500 93
101600 93
101700 94
101800 89
101900 94
102000 102
102100 94
102200 94
102300 84
102400 95
102500 89
102600 84
102700 84
102800 73
102900 83
103000 88
103100 86
103200 89
103300 95
103400 97
103500 97
103600 88
103700 89
103800 87
103900 79
104000 78
104100 79
104200 80
104300 83
104400 83
104500 87
104600 84
104700 88
104800 78
104900 81
105000 80
105100 73
105200 67
105300 68
105400 68
105500 64
105600 66
105700 69
105800 71
105900 77
106000 80
106100 86
106200 90
106300 93
106400 89
106500 93
106600 92
106700 89
106800 91
106900 91
107000 86
107100 92
107200 85
107300 85
107400 85
107500 87
107600 88
107700 75
107800 76
107900 80
108000 78
108100 82
108200 82
108300 81
108400 80
108500 79
108600 75
108700 80
108800 75
108900 67
109000 60
109100 67
109200 52
109300 51
109400 54
109500 65
109600 51
109700 42
109800 42
109900 45
110000 54
110100 52
110200 69
110300 68
110400 62
110500 58
110600 63
110700 69
110800 64
110900 50
111000 55
111100 51
111200 50
111300 39
111400 39
111500 53
111600 60
111700 56
111800 60
111900 67
112000 67
112100 66
112200 58
112300 56
112400 67
112500 68
112600 61
112700 62
112800 60
112900 58
113000 60
113100 60
113200 65
113300 59
113400 70
113500 72
113600 74
113700 70
113800 78
113900 67
114000 66
114100 67
114200 65
114300 66
114400 73
114500 71
114600 68
114700 74
114800 70
114900 68
115000 66
115100 59
115200 55
115300 63
115400 61
115500 68
115600 65
115700 60
115800 64
115900 62
116000 60
116100 58
116200 63
116300 69
116400 70
116500 78
116600 81
116700 77
116800 66
116900 69
117000 74
117100 69
117200 79
117300 72
117400 79
117500 75
117600 82
117700 82
117800 85
117900 91
118000 91
118100 85
118200 82
118300 75
118400 79
118500 83
118600 88
118700 91
118800 80
118900 77
119000 71
119100 77
119200 81
119300 67
119400 68
119500 65
119600 72
119700 64
119800 63
119900 59
120000 62
120100 63
120200 60
120300 67
120400 56
120500 62
120600 51
120700 50
120800 56
120900 56
121000 66
121100 62
121200 61
121300 60
121400 64
121500 73
121600 68
121700 71
121800 74
121900 75
122000 74
122100 74
122200 65
122300 63
122400 62
122500 68
122600 65
122700 68
122800 62
122900 62
123000 71
123100 79
123200 77
123300 69
123400 65
123500 63
123600 50
123700 54
123800 55
123900 58
124000 63
124100 53
124200 50
124300 63
124400 74
124500 78
124600 84
124700 84
124800 81
124900 90
125000 90
125100 77
125200 70
125300 68
125400 66
125500 65
125600 64
125700 62
125800 61
125900 66
126000 64
126100 58
126200 46
126300 43
126400 44
126500 43
126600 48
126700 49
126800 43
126900 51
127000 63
127100 66
127200 70
127300 69
127400 67
127500 67
127600 68
127700 70
127800 68
127900 67
128000 65
128100 60
128200 57
128300 57
128400 64
128500 67
128600 69
128700 58
128800 64
128900 70
129000 60
129100 57
129200 56
129300 62
129400 59
129500 67
129600 73
129700 70
129800 81
129900 83
130000 79
130100 82
130200 84
130300 89
130400 90
130500 82
130600 82
130700 78
130800 84
130900 79
131000 75
131100 74
131200 75
131300 68
131400 75
131500 75
131600 70
131700 71
131800 62
131900 61
132000 66
132100 63
132200 71
132300 75
132400 64
132500 60
132600 59
132700 66
132800 62
132900 61
133000 59
133100 61
133200 61
133300 59
133400 53
133500 60
133600 68
133700 66
133800 73
133900 76
134000 80
134100 80
134200 82
134300 85
134400 85
134500 85
134600 76
134700 70
134800 68
134900 75
135000 73
135100 75
135200 74
135300 64
135400 62
135500 69
135600 72
135700 66
135800 73
135900 70
136000 70
136100 68
136200 64
136300 72
136400 72
136500 75
136600 72
136700 70
136800 68
136900 72
137000 75
137100 80
137200 79
137300 71
137400 69
137500 67
137600 67
137700 59
137800 54
137900 50
138000 48
138100 49
138200 56
138300 52
138400 58
138500 55
138600 60
138700 63
138800 55
138900 52
139000 56
139100 60
139200 55
139300 70
139400 75
139500 74
139600 72
139700 68
139800 60
139900 62
140000 67
140100 74
140200 74
140300 76
140400 68
140500 62
140600 71
140700 68
140800 57
140900 57
141000 62
141100 69
141200 63
141300 60
141400 53
141500 46
141600 47
141700 43
141800 47
141900 51
142000 55
142100 52
142200 51
142300 48
142400 40
142500 51
142600 52
142700 53
142800 52
142900 53
143000 61
143100 58
143200 53
143300 60
143400 68
143500 67
143600 65
143700 67
143800 67
143900 74
144000 67
144100 63
144200 68
144300 68
144400 73
144500 69
144600 73
144700 70
144800 70
144900 67
145000 63
145100 57
145200 54
145300 54
145400 58
145500 63
145600 61
145700 61
145800 62
145900 58
146000 55
146100 53
146200 64
146300 61
146400 61
146500 61
146600 53
146700 49
146800 46
146900 58
147000 56
147100 62
147200 64
147300 56
147400 66
147500 75
147600 77
147700 79
147800 76
147900 77
148000 66
148100 68
148200 68
148300 67
148400 70
148500 73
148600 68
148700 74
148800 71
148900 70
149000 72
149100 73
149200 65
149300 68
149400 55
149500 56
149600 52
149700 58
149800 60
149900 61
150000 59
150100 66
150200 63
150300 59
150400 64
150500 60
150600 60
150700 55
150800 52
150900 57
151000 53
151100 56
151200 58
151300 63
151400 57
151500 57
151600 67
151700 61
151800 59
151900 65
152000 66
152100 69
152200 66
152300 63
152400 65
152500 56
152600 52
152700 47
152800 44
152900 46
153000 46
153100 49
153200 50
153300 51
153400 59
153500 49
153600 47
153700 51
153800 51
153900 56
154000 61
154100 57
154200 56
154300 55
154400 55
154500 69
154600 59
154700 54
154800 55
154900 57
155000 61
155100 66
155200 57
155300 66
155400 64
155500 65
155600 75
155700 78
155800 68
155900 63
156000 72
156100 80
156200 77
156300 74
156400 74
156500 69
156600 69
156700 79
156800 78
156900 83
157000 77
157100 78
157200 73
157300 70
157400 77
157500 77
157600 68
157700 73
157800 67
157900 70
158000 70
158100 67
158200 75
158300 68
158400 64
158500 65
158600 63
158700 64
158800 71
158900 56
159000 57
159100 56
159200 63
159300 58
159400 60
159500 58
159600 53
159700 52
159800 51
159900 44
160000 42
160100 52
160200 53
160300 59
160400 59
160500 52
160600 58
160700 65
160800 64
160900 74
161000 67
161100 67
161200 72
161300 66
161400 63
161500 65
161600 66
161700 61
161800 58
161900 50
162000 50
162100 51
162200 65
162300 67
162400 63
162500 63
162600 49
162700 53
162800 58
162900 57
163000 63
163100 54
163200 63
163300 57
163400 49
163500 62
163600 61
163700 63
163800 54
163900 53
164000 53
164100 59
164200 65
164300 62
164400 61
164500 60
164600 58
164700 65
164800 59
164900 70
165000 75
165100 75
165200 76
165300 69
165400 65
165500 67
165600 63
165700 59
165800 52
165900 51
166000 55
166100 54
166200 59
166300 60
166400 63
166500 70
166600 67
166700 68
166800 66
166900 70
167000 72
167100 73
167200 69
167300 58
167400 65
167500 65
167600 66
167700 62
167800 66
167900 63
168000 57
168100 55
168200 57
168300 58
168400 59
168500 64
168600 63
168700 63
168800 51
168900 51
169000 60
169100 66
169200 68
169300 58
169400 65
169500 65
169600 70
169700 66
169800 68
169900 61
170000 62
170100 59
170200 61
170300 67
170400 70
170500 65
170600 63
170700 61
170800 61
170900 63
171000 62
171100 65
171200 54
171300 54
171400 58
171500 61
171600 58
171700 57
171800 56
171900 61
172000 72
172100 65
172200 74
172300 68
172400 75
172500 73
172600 69
172700 69
172800 62
172900 66
173000 59
173100 64
173200 59
173300 61
173400 54
173500 49
173600 50
173700 40
173800 38
173900 55
174000 59
174100 51
174200 50
174300 58
174400 58
174500 71
174600 73
174700 76
174800 74
174900 80
175000 81
175100 78
175200 88
175300 83
175400 77
175500 78
175600 72
175700 65
175800 65
175900 67
176000 66
176100 63
176200 70
176300 71
176400 72
176500 73
176600 73
176700 70
176800 76
176900 70
177000 65
177100 67
177200 70
177300 78
177400 82
177500 78
177600 76
177700 73
177800 75
177900 78
178000 82
178100 87
178200 90
178300 98
178400 92
178500 96
178600 92
178700 87
178800 86
178900 83
179000 73
179100 88
179200 87
179300 87
179400 81
179500 92
179600 85
179700 91
179800 95
179900 88
180000 80
180100 77
180200 84
180300 83
180400 83
180500 82
180600 83
180700 83
180800 80
180900 71
181000 68
181100 67
181200 71
181300 61
181400 65
181500 57
181600 62
181700 62
181800 56
181900 49
182000 52
182100 59
182200 70
182300 74
182400 65
182500 62
182600 66
182700 64
182800 68
182900 67
183000 64
183100 63
183200 61
183300 62
183400 55
183500 53
183600 65
183700 67
183800 65
183900 68
184000 67
184100 67
184200 67
184300 72
184400 66
184500 63
184600 69
184700 67
184800 71
184900 73
185000 82
185100 76
185200 75
185300 74
185400 77
185500 86
185600 87
185700 90
185800 85
185900 82
186000 85
186100 78
186200 76
186300 70
186400 61
186500 66
186600 64
186700 68
186800 65
186900 62
187000 64
187100 67
187200 65
187300 68
187400 68
187500 76
187600 81
187700 73
187800 70
187900 67
188000 66
188100 62
188200 69
188300 70
188400 64
188500 68
188600 68
188700 67
188800 69
188900 72
189000 68
189100 64
189200 57
189300 57
189400 49
189500 38
189600 35
189700 37
189800 48
189900 33
190000 41
190100 45
190200 46
190300 47
190400 50
190500 54
190600 51
190700 56
190800 58
190900 59
191000 60
191100 49
191200 52
191300 62
191400 60
191500 70
191600 65
191700 66
191800 59
191900 65
192000 65
192100 74
192200 87
192300 75
192400 82
192500 73
192600 72
192700 74
192800 75
192900 78
193000 88
193100 91
193200 90
193300 87
193400 81
193500 77
193600 69
193700 73
193800 63
193900 64
194000 64
194100 60
194200 65
194300 70
194400 71
194500 64
194600 69
194700 76
194800 78
194900 71
195000 72
195100 64
195200 66
195300 71
195400 67
195500 75
195600 82
195700 74
195800 73
195900 83
196000 93
196100 96
196200 88
196300 91
196400 73
196500 70
196600 62
196700 64
196800 61
196900 58
197000 61
197100 55
197200 58
197300 68
197400 59
197500 63
197600 69
197700 72
197800 72
197900 75
198000 82
198100 83
198200 82
198300 82
198400 81
198500 87
198600 91
198700 89
198800 86
198900 88
199000 86
199100 88
199200 91
199300 88
199400 89
199500 88
199600 94
199700 94
199800 92
199900 95
200000 95
200100 95
200200 85
200300 84
200400 88
200500 82
200600 78
200700 70
200800 58
200900 53
201000 57
201100 59
201200 54
201300 45
201400 58
201500 58
201600 60
201700 60
201800 68
201900 69
202000 77
202100 73
202200 63
202300 55
202400 59
202500 48
202600 48
202700 50
202800 46
202900 50
203000 51
203100 51
203200 49
203300 58
203400 52
203500 52
203600 48
203700 54
203800 56
203900 58
204000 64
204100 66
204200 65
204300 56
204400 62
204500 73
204600 65
204700 60
204800 62
204900 54
205000 62
205100 67
205200 76
205300 71
205400 69
205500 71
205600 71
205700 69
205800 57
205900 49
206000 48
206100 50
206200 53
206300 60
206400 48
206500 48
206600 53
206700 65
206800 68
206900 51
207000 57
207100 51
207200 49
207300 43
207400 38
207500 50
207600 40
207700 46
207800 48
207900 55
208000 59
208100 65
208200 62
208300 69
208400 60
208500 55
208600 64
208700 61
208800 58
208900 72
209000 76
209100 71
209200 72
209300 61
209400 72
209500 70
209600 61
209700 60
209800 63
209900 60
210000 58
210100 55
210200 50
210300 49
210400 39
210500 29
210600 38
210700 43
210800 44
210900 47
211000 59
211100 57
211200 52
211300 63
211400 60
211500 62
211600 55
211700 42
211800 50
211900 51
212000 46
212100 49
212200 50
212300 56
212400 43
212500 44
212600 49
212700 45
212800 48
212900 52
213000 49
213100 50
213200 45
213300 39
213400 44
213500 43
213600 53
213700 53
213800 60
213900 66
214000 65
214100 61
214200 56
214300 57
214400 64
214500 65
214600 69
214700 65
214800 63
214900 57
215000 60
215100 58
215200 51
215300 63
215400 63
215500 61
215600 67
215700 62
215800 57
215900 51
216000 62
216100 60
216200 56
216300 61
216400 49
216500 47
216600 52
216700 53
216800 61
216900 59
217000 66
217100 58
217200 57
217300 50
217400 59
217500 58
217600 57
217700 51
217800 53
217900 57
218000 53
218100 54
218200 51
218300 54
218400 56
218500 59
218600 65
218700 58
218800 55
218900 57
219000 55
219100 54
219200 58
219300 63
219400 60
219500 62
219600 63
219700 70
219800 77
219900 74
220000 71
220100 76
220200 77
220300 72
220400 77
220500 70
220600 71
220700 66
220800 58
220900 48
221000 50
221100 50
221200 59
221300 61
221400 61
221500 62
221600 65
221700 70
221800 69
221900 56
222000 64
222100 60
222200 66
222300 59
222400 65
222500 61
222600 69
222700 71
222800 64
222900 63
223000 76
223100 79
223200 81
223300 83
223400 78
223500 76
223600 70
223700 75
223800 72
223900 71
224000 60
224100 61
224200 62
224300 65
224400 62
224500 66
224600 62
224700 62
224800 62
224900 61
225000 68
225100 66
225200 60
225300 48
225400 51
225500 44
225600 45
225700 42
225800 35
225900 47
226000 47
226100 51
226200 48
226300 52
226400 52
226500 56
226600 55
226700 56
226800 62
226900 59
227000 63
227100 60
227200 56
227300 66
227400 59
227500 58
227600 58
227700 47
227800 57
227900 75
228000 71
228100 67
228200 67
228300 69
228400 72
228500 76
228600 78
228700 77
228800 71
228900 67
229000 59
229100 64
229200 63
229300 52
229400 55
229500 53
229600 63
229700 76
229800 69
229900 64
230000 63
230100 73
230200 69
230300 73
230400 69
230500 77
230600 74
230700 73
230800 78
230900 75
231000 74
231100 76
231200 76
231300 75
231400 76
231500 72
231600 66
231700 70
231800 72
231900 69
232000 70
232100 74
232200 76
232300 81
232400 73
232500 81
232600 64
232700 60
232800 71
232900 62
233000 58
233100 57
233200 50
233300 60
233400 59
233500 54
233600 55
233700 57
233800 56
233900 62
234000 66
234100 63
234200 67
234300 69
234400 60
234500 67
234600 69
234700 70
234800 66
234900 63
235000 68
235100 70
235200 69
235300 70
235400 65
235500 70
235600 72
235700 73
235800 71
235900 67
236000 71
236100 75
236200 70
236300 72
236400 66
236500 67
236600 61
236700 57
236800 62
236900 59
237000 64
237100 72
237200 73
237300 66
237400 64
237500 66
237600 68
237700 65
237800 63
237900 75
238000 77
238100 77
238200 78
238300 78
238400 76
238500 73
238600 64
238700 60
238800 54
238900 47
239000 52
239100 51
239200 43
239300 38
239400 46
239500 51
239600 49
239700 54
239800 60
239900 57
240000 60
240100 62
240200 60
240300 65
240400 59
240500 64
240600 67
240700 66
240800 67
240900 74
241000 74
241100 65
241200 64
241300 65
241400 66
241500 63
241600 70
241700 65
241800 63
241900 60
242000 58
242100 61
242200 71
242300 74
242400 71
242500 69
242600 70
242700 71
242800 74
242900 67
243000 60
243100 56
243200 49
243300 59
243400 52
243500 52
243600 52
243700 46
243800 46
243900 54
244000 61
244100 53
244200 54
244300 62
244400 63
244500 66
244600 72
244700 77
244800 72
244900 71
245000 73
245100 68
245200 68
245300 68
245400 69
245500 66
245600 64
245700 68
245800 64
245900 63
246000 62
246100 60
246200 63
246300 68
246400 68
246500 61
246600 63
246700 67
246800 58
246900 64
247000 62
247100 59
247200 65
247300 68
247400 66
247500 69
247600 63
247700 70
247800 70
247900 70
248000 61
248100 52
248200 54
248300 54
248400 59
248500 54
248600 49
248700 57
248800 60
248900 63
249000 57
249100 57
249200 57
249300 60
249400 64
249500 54
249600 58
249700 53
249800 51
249900 56
250000 53
250100 60
250200 62
250300 67
250400 72
250500 67
250600 67
250700 64
250800 65
250900 61
251000 61
251100 62
251200 65
251300 62
251400 67
251500 61
251600 57
251700 65
251800 60
251900 63
252000 65
252100 71
252200 69
252300 79
252400 71
252500 76
252600 76
252700 70
252800 70
252900 73
253000 74
253100 74
253200 75
253300 77
253400 83
253500 79
253600 75
253700 80
253800 76
253900 79
254000 72
254100 70
254200 70
254300 74
254400 76
254500 73
254600 79
254700 85
254800 83
254900 85
255000 90
255100 83
255200 82
255300 72
255400 71
255500 75
255600 70
255700 71
255800 69
255900 64
256000 62
256100 58
256200 58
256300 64
256400 57
256500 45
256600 54
256700 50
256800 57
256900 59
257000 63
257100 56
257200 63
257300 66
257400 62
257500 68
257600 70
257700 73
257800 65
257900 63
258000 68
258100 72
258200 65
258300 65
258400 75
258500 78
258600 73
258700 68
258800 67
258900 75
259000 86
259100 88
259200 99
259300 100
259400 93
259500 95
259600 84
259700 88
259800 90
259900 91
260000 84
260100 83
260200 78
260300 91
260400 85
260500 80
260600 73
260700 64
260800 52
260900 43
261000 50
261100 45
261200 58
261300 51
261400 43
261500 56
261600 61
261700 63
261800 65
261900 60
262000 64
262100 57
262200 62
262300 62
262400 58
262500 52
262600 65
262700 64
262800 68
262900 74
263000 76
263100 81
263200 81
263300 78
263400 81
263500 75
263600 71
263700 68
263800 70
263900 73
264000 65
264100 65
264200 74
264300 72
264400 61
264500 65
264600 58
264700 50
264800 43
264900 42
265000 49
265100 65
265200 63
265300 57
265400 56
265500 68
265600 65
265700 61
265800 63
265900 66
266000 67
266100 76
266200 79
266300 78
266400 74
266500 72
266600 74
266700 73
266800 77
266900 69
267000 68
267100 63
267200 64
267300 62
267400 64
267500 67
267600 68
267700 61
267800 58
267900 58
268000 72
268100 69
268200 69
268300 70
268400 69
268500 63
268600 58
268700 64
268800 64
268900 55
269000 64
269100 67
269200 64
269300 68
269400 71
269500 76
269600 79
269700 90
269800 93
269900 88
270000 82
270100 82
270200 77
270300 79
270400 77
270500 81
270600 79
270700 80
270800 79
270900 81
271000 71
271100 71
271200 67
271300 72
271400 68
271500 72
271600 75
271700 66
271800 64
271900 60
272000 62
272100 66
272200 64
272300 66
272400 63
272500 66
272600 61
272700 63
272800 53
272900 62
273000 67
273100 71
273200 75
273300 73
273400 67
273500 66
273600 70
273700 71
273800 70
273900 72
274000 63
274100 63
274200 47
274300 49
274400 49
274500 52
274600 53
274700 54
274800 56
274900 58
275000 50
275100 51
275200 51
275300 56
275400 61
275500 62
275600 67
275700 74
275800 75
275900 76
276000 68
276100 66
276200 63
276300 63
276400 68
276500 76
276600 72
276700 67
276800 70
276900 71
277000 71
277100 67
277200 79
277300 82
277400 78
277500 80
277600 82
277700 81
277800 76
277900 74
278000 77
278100 74
278200 75
278300 74
278400 64
278500 63
278600 65
278700 62
278800 65
278900 67
279000 70
279100 57
279200 60
279300 57
279400 65
279500 65
279600 71
279700 73
279800 66
279900 70
280000 66
280100 74
280200 67
280300 62
280400 60
280500 65
280600 65
280700 58
280800 51
280900 45
281000 43
281100 52
281200 54
281300 53
281400 67
281500 73
281600 72
281700 77
281800 75
281900 72
282000 62
282100 75
282200 73
282300 66
282400 58
282500 51
282600 51
282700 40
282800 40
282900 50
283000 58
283100 53
283200 57
283300 60
283400 63
283500 60
283600 63
283700 64
283800 62
283900 73
284000 68
284100 74
284200 70
284300 79
284400 77
284500 76
284600 75
284700 71
284800 70
284900 70
285000 73
285100 76
285200 73
285300 74
285400 81
285500 81
285600 80
285700 78
285800 72
285900 69
286000 58
286100 53
286200 67
286300 58
286400 66
286500 51
286600 58
286700 58
286800 59
286900 53
287000 53
287100 54
287200 52
287300 55
287400 54
287500 49
287600 53
287700 54
287800 66
287900 70
288000 67
288100 67
288200 75
288300 78
288400 84
288500 80
288600 81
288700 71
288800 61
288900 58
289000 63
289100 72
289200 79
289300 74
289400 77
289500 77
289600 75
289700 74
289800 69
289900 62
290000 63
290100 65
290200 67
290300 73
290400 71
290500 76
290600 73
290700 77
290800 82
290900 78
291000 77
291100 81
291200 84
291300 79
291400 77
291500 82
291600 91
291700 94
291800 98
291900 100
292000 97
292100 98
292200 101
292300 98
292400 92
292500 92
292600 91
292700 90
292800 95
292900 96
293000 91
293100 91
293200 95
293300 97
293400 93
293500 89
293600 88
293700 85
293800 87
293900 89
294000 83
294100 85
294200 80
294300 79
294400 80
294500 73
294600 69
294700 75
294800 72
294900 79
295000 80
295100 83
295200 80
295300 80
295400 69
295500 72
295600 66
295700 61
295800 64
295900 62
296000 58
296100 60
296200 71
296300 70
296400 67
296500 68
296600 68
296700 64
296800 67
296900 76
297000 71
297100 67
297200 66
297300 64
297400 59
297500 56
297600 55
297700 51
297800 58
297900 59
298000 53
298100 47
298200 53
298300 51
298400 41
298500 53
298600 59
298700 71
298800 73
298900 80
299000 86
299100 79
299200 87
299300 82
299400 88
299500 84
299600 88
299700 93
299800 87
299900 86
300000 81
300100 72
300200 78
300300 77
300400 83
300500 73
300600 76
300700 75
300800 77
300900 74
301000 78
301100 76
301200 78
301300 83
301400 79
301500 74
301600 86
301700 81
301800 74
301900 66
302000 67
302100 66
302200 66
302300 65
302400 68
302500 64
302600 63
302700 58
302800 57
302900 46
303000 43
303100 44
303200 58
303300 59
303400 73
303500 75
303600 72
303700 60
303800 61
303900 66
304000 58
304100 65
304200 64
304300 65
304400 58
304500 64
304600 56
304700 57
304800 53
304900 58
305000 64
305100 70
305200 70
305300 78
305400 74
305500 74
305600 61
305700 60
305800 58
305900 67
306000 66
306100 61
306200 60
306300 59
306400 61
306500 55
306600 69
306700 64
306800 62
306900 59
307000 64
307100 70
307200 69
307300 61
307400 59
307500 64
307600 62
307700 63
307800 64
307900 68
308000 76
308100 79
308200 79
308300 88
308400 89
308500 79
308600 80
308700 80
308800 77
308900 76
309000 73
309100 76
309200 80
309300 80
309400 84
309500 84
309600 85
309700 86
309800 90
309900 87
310000 87
310100 92
310200 90
310300 87
310400 83
310500 85
310600 84
310700 77
310800 75
310900 68
311000 71
311100 71
311200 73
311300 75
311400 71
311500 63
311600 59
311700 66
311800 65
311900 69
312000 70
312100 69
312200 58
312300 52
312400 49
312500 50
312600 49
312700 49
312800 54
312900 53
313000 49
313100 53
313200 55
313300 45
313400 49
313500 52
313600 52
313700 59
313800 56
313900 62
314000 74
314100 68
314200 69
314300 64
314400 70
314500 67
314600 65
314700 66
314800 68
314900 75
315000 72
315100 72
315200 66
315300 70
315400 65
315500 59
315600 55
315700 54
315800 54
315900 58
316000 60
316100 69
316200 61
316300 64
316400 65
316500 64
316600 63
316700 65
316800 68
316900 68
317000 76
317100 67
317200 63
317300 65
317400 65
317500 71
317600 68
317700 66
317800 62
317900 58
318000 57
318100 59
318200 55
318300 52
318400 52
318500 47
318600 59
318700 57
318800 57
318900 51
319000 68
319100 68
319200 78
319300 82
319400 71
319500 63
319600 67
319700 65
319800 58
319900 48
320000 54
320100 50
320200 53
320300 63
320400 50
320500 47
320600 57
320700 61
320800 62
320900 65
321000 68
321100 65
321200 73
321300 65
321400 65
321500 63
321600 64
321700 60
321800 61
321900 50
322000 59
322100 62
322200 63
322300 67
322400 67
322500 72
322600 63
322700 63
322800 71
322900 74
323000 84
323100 86
323200 81
323300 78
323400 74
323500 72
323600 73
323700 67
323800 80
323900 81
324000 81
324100 78
324200 70
324300 59
324400 60
324500 61
324600 64
324700 65
324800 66
324900 67
325000 51
325100 50
325200 47
325300 43
325400 50
325500 49
325600 54
325700 54
325800 49
325900 52
326000 51
326100 52
326200 47
326300 45
326400 51
326500 60
326600 55
326700 70
326800 79
326900 84
327000 88
327100 86
327200 80
327300 81
327400 83
327500 83
327600 83
327700 78
327800 77
327900 69
328000 74
328100 78
328200 80
328300 79
328400 79
328500 79
328600 66
328700 69
328800 66
328900 60
329000 59
329100 69
329200 69
329300 67
329400 69
329500 66
329600 58
329700 66
329800 56
329900 55
330000 65
330100 64
330200 63
330300 62
330400 62
330500 60
330600 63
330700 63
330800 70
330900 68
331000 67
331100 66
331200 71
331300 71
331400 75
331500 73
331600 72
331700 67
331800 61
331900 69
332000 60
332100 61
332200 50
332300 57
332400 53
332500 50
332600 49
332700 59
332800 59
332900 66
333000 64
333100 57
333200 63
333300 63
333400 65
333500 65
333600 59
333700 60
333800 59
333900 69
334000 64
334100 64
334200 66
334300 72
334400 74
334500 67
334600 72
334700 76
334800 79
334900 76
335000 67
335100 65
335200 72
335300 79
335400 80
335500 75
335600 73
335700 70
335800 78
335900 65
336000 71
336100 65
336200 66
336300 54
336400 47
336500 36
336600 43
336700 40
336800 50
336900 41
337000 49
337100 61
337200 60
337300 62
337400 68
337500 69
337600 67
337700 76
337800 71
337900 69
338000 69
338100 64
338200 58
338300 64
338400 70
338500 57
338600 53
338700 46
338800 49
338900 43
339000 41
339100 42
339200 37
339300 44
339400 47
339500 41
339600 46
339700 55
339800 45
339900 38
340000 43
340100 47
340200 44
340300 50
340400 51
340500 50
340600 50
340700 58
340800 61
340900 54
341000 50
341100 47
341200 51
341300 54
341400 45
341500 47
341600 49
341700 42
341800 40
341900 38
342000 39
342100 44
342200 52
342300 59
342400 59
342500 68
342600 71
342700 84
342800 80
342900 80
343000 85
343100 79
343200 81
343300 86
343400 74
343500 69
343600 67
343700 66
343800 70
343900 73
344000 69
344100 65
344200 68
344300 69
344400 65
344500 65
344600 58
344700 62
344800 54
344900 60
345000 69
345100 78
345200 74
345300 72
345400 66
345500 70
345600 73
345700 65
345800 55
345900 53
346000 47
346100 54
346200 55
346300 52
346400 56
346500 65
346600 63
346700 62
346800 60
346900 66
347000 64
347100 69
347200 71
347300 63
347400 64
347500 59
347600 60
347700 59
347800 72
347900 69
348000 72
348100 70
348200 70
348300 78
348400 74
348500 63
348600 69
348700 69
348800 62
348900 62
349000 56
349100 52
349200 57
349300 66
349400 62
349500 61
349600 50
349700 44
349800 44
349900 48
350000 59
350100 55
350200 56
350300 59
350400 51
350500 48
350600 51
350700 59
350800 57
350900 56
351000 48
351100 56
351200 48
351300 49
351400 47
351500 52
351600 57
351700 57
351800 62
351900 56
352000 59
352100 71
352200 77
352300 80
352400 87
352500 83
352600 89
352700 90
352800 85
352900 85
353000 81
353100 78
353200 73
353300 70
353400 73
353500 67
353600 56
353700 56
353800 63
353900 56
354000 41
354100 35
354200 43
354300 49
354400 53
354500 46
354600 48
354700 53
354800 39
354900 38
355000 51
355100 41
355200 45
355300 55
355400 53
355500 41
355600 40
355700 42
355800 49
355900 58
356000 55
356100 63
356200 56
356300 60
356400 57
356500 61
356600 67
356700 64
356800 60
356900 54
357000 64
357100 50
357200 53
357300 54
357400 36
357500 47
357600 50
357700 53
357800 58
357900 54
358000 48
358100 49
358200 55
358300 60
358400 64
358500 73
358600 72
358700 72
358800 66
358900 65
359000 63
359100 68
359200 71
359300 75
359400 69
359500 55
359600 55
359700 62
359800 50
359900 49
360000 49
360100 46
360200 44
360300 42
360400 47
360500 51
360600 54
360700 49
360800 48
360900 47
361000 58
361100 58
361200 64
361300 65
361400 65
361500 62
361600 58
361700 53
361800 61
361900 69
362000 68
362100 62
362200 56
362300 52
362400 57
362500 54
362600 54
362700 58
362800 60
362900 55
363000 61
363100 56
363200 55
363300 44
363400 49
363500 57
363600 67
363700 80
363800 72
363900 78
364000 78
364100 79
364200 79
364300 75
364400 78
364500 78
364600 90
364700 85
364800 76
364900 72
365000 77
365100 71
365200 75
365300 74
365400 76
365500 72
365600 75
365700 73
365800 72
365900 62
366000 62
366100 67
366200 80
366300 80
366400 78
366500 72
366600 66
366700 62
366800 55
366900 58
367000 63
367100 64
367200 65
367300 59
367400 59
367500 66
367600 63
367700 62
367800 64
367900 55
368000 65
368100 60
368200 60
368300 67
368400 65
368500 63
368600 66
368700 61
368800 60
368900 66
369000 72
369100 76
369200 74
369300 71
369400 65
369500 62
369600 61
369700 68
369800 72
369900 73
370000 75
370100 82
370200 81
370300 73
370400 75
370500 70
370600 72
370700 70
370800 66
370900 64
371000 55
371100 56
371200 55
371300 59
371400 58
371500 64
371600 61
371700 54
371800 61
371900 62
372000 57
372100 53
372200 56
372300 53
372400 62
372500 67
372600 65
372700 60
372800 59
372900 72
373000 70
373100 74
373200 71
373300 66
373400 67
373500 66
373600 65
373700 64
373800 52
373900 49
374000 42
374100 46
374200 44
374300 41
374400 41
374500 36
374600 39
374700 39
374800 43
374900 49
375000 50
375100 48
375200 54
375300 64
375400 65
375500 71
375600 63
375700 57
375800 63
375900 62
376000 62
376100 63
376200 62
376300 63
376400 60
376500 66
376600 65
376700 69
376800 71
376900 71
377000 72
377100 80
377200 73
377300 80
377400 83
377500 86
377600 88
377700 79
377800 76
377900 86
378000 83
378100 86
378200 81
378300 83
378400 87
378500 83
378600 76
378700 82
378800 80
378900 79
379000 74
379100 68
379200 69
379300 80
379400 85
379500 83
379600 91
379700 85
379800 82
379900 83
380000 73
380100 76
380200 67
380300 63
380400 71
380500 69
380600 70
380700 73
380800 67
380900 69
381000 68
381100 73
381200 71
381300 69
381400 70
381500 70
381600 57
381700 72
381800 75
381900 69
382000 61
382100 54
382200 44
382300 45
382400 47
382500 55
382600 51
382700 59
382800 56
382900 65
383000 66
383100 60
383200 52
383300 47
383400 52
383500 54
383600 57
383700 60
383800 71
383900 71
384000 68
384100 61
384200 58
384300 55
384400 59
384500 63
384600 60
384700 72
384800 72
384900 72
385000 76
385100 67
385200 69
385300 73
385400 79
385500 78
385600 73
385700 72
385800 67
385900 64
386000 59
386100 65
386200 66
386300 68
386400 67
386500 69
386600 67
386700 70
386800 69
386900 71
387000 78
387100 71
387200 55
387300 68
387400 67
387500 66
387600 67
387700 65
387800 65
387900 68
388000 71
388100 64
388200 57
388300 62
388400 58
388500 55
388600 65
388700 70
388800 64
388900 71
389000 77
389100 79
389200 80
389300 76
389400 68
389500 68
389600 63
389700 61
389800 60
389900 59
390000 61
390100 75
390200 68
390300 74
390400 69
390500 77
390600 77
390700 70
390800 68
390900 69
391000 77
391100 74
391200 73
391300 71
391400 73
391500 79
391600 73
391700 74
391800 71
391900 61
392000 61
392100 56
392200 47
392300 49
392400 46
392500 46
392600 43
392700 46
392800 49
392900 49
393000 51
393100 57
393200 68
393300 71
393400 66
393500 66
393600 60
393700 56
393800 55
393900 55
394000 50
394100 53
394200 59
394300 49
394400 45
394500 43
394600 41
394700 54
394800 50
394900 44
395000 49
395100 51
395200 50
395300 53
395400 56
395500 63
395600 54
395700 50
395800 56
395900 61
396000 60
396100 64
396200 68
396300 72
396400 71
396500 70
396600 61
396700 61
396800 53
396900 56
397000 47
397100 45
397200 48
397300 52
397400 53
397500 54
397600 59
397700 51
397800 56
397900 55
398000 41
398100 46
398200 48
398300 42
398400 42
398500 52
398600 47
398700 45
398800 48
398900 59
399000 66
399100 60
399200 66
399300 72
399400 65
399500 60
399600 55
399700 56
399800 54
399900 59
400000 62
400100 62
400200 63
400300 65
400400 69
400500 78
400600 84
400700 85
400800 85
400900 84
401000 81
401100 80
401200 86
401300 72
401400 67
401500 67
401600 78
401700 81
401800 72
401900 65
402000 66
402100 70
402200 70
402300 72
402400 66
402500 69
402600 69
402700 71
402800 73
402900 77
403000 78
403100 84
403200 88
403300 90
403400 85
403500 85
403600 82
403700 87
403800 85
403900 88
404000 97
404100 94
404200 90
404300 83
404400 75
404500 72
404600 65
404700 65
404800 59
404900 53
405000 68
405100 67
405200 75
405300 69
405400 64
405500 62
405600 58
405700 59
405800 59
405900 67
406000 57
406100 55
406200 61
406300 53
406400 58
406500 66
406600 65
406700 63
406800 69
406900 70
407000 70
407100 73
407200 74
407300 69
407400 66
407500 64
407600 69
407700 79
407800 79
407900 78
408000 79
408100 81
408200 76
408300 80
408400 88
408500 89
408600 91
408700 83
408800 84
408900 93
409000 89
409100 91
409200 93
409300 87
409400 89
409500 93
409600 89
409700 90
409800 93
409900 96
410000 95
410100 90
410200 86
410300 88
410400 91
410500 83
410600 79
410700 81
410800 72
410900 68
411000 69
411100 67
411200 59
411300 56
411400 62
411500 58
411600 50
411700 52
411800 43
411900 46
412000 52
412100 46
412200 55
412300 59
412400 62
412500 62
412600 67
412700 59
412800 63
412900 62
413000 62
413100 71
413200 65
413300 73
413400 68
413500 73
413600 67
413700 64
413800 68
413900 69
414000 82
414100 78
414200 72
414300 68
414400 67
414500 74
414600 79
414700 82
414800 78
414900 71
415000 66
415100 68
415200 65
415300 68
415400 61
415500 62
415600 62
415700 63
415800 66
415900 73
416000 67
416100 70
416200 61
416300 60
416400 60
416500 66
416600 70
416700 66
416800 70
416900 68
417000 62
417100 72
417200 78
417300 73
417400 72
417500 63
417600 69
417700 61
417800 62
417900 67
418000 67
418100 62
418200 67
418300 65
418400 62
418500 60
418600 62
418700 67
418800 66
418900 67
419000 58
419100 56
419200 56
419300 53
419400 59
419500 63
419600 66
419700 66
419800 69
419900 63
420000 59
420100 56
420200 59
420300 56
420400 53
420500 50
420600 46
420700 61
420800 53
420900 43
421000 49
421100 50
421200 50
421300 56
421400 56
421500 44
421600 45
421700 49
421800 53
421900 55
422000 61
422100 53
422200 58
422300 53
422400 54
422500 58
422600 73
422700 63
422800 64
422900 61
423000 56
423100 65
423200 67
423300 78
423400 80
423500 87
423600 89
423700 90
423800 82
423900 85
424000 81
424100 82
424200 87
424300 91
424400 87
424500 90
424600 86
424700 78
424800 67
424900 71
425000 63
425100 61
425200 55
425300 54
425400 58
425500 59
425600 60
425700 58
425800 68
425900 63
426000 58
426100 61
426200 67
426300 69
426400 72
426500 73
426600 72
426700 81
426800 77
426900 82
427000 84
427100 81
427200 76
427300 73
427400 77
427500 73
427600 79
427700 75
427800 73
427900 82
428000 84
428100 82
428200 80
428300 79
428400 84
428500 93
428600 91
428700 91
428800 98
428900 100
429000 99
429100 105
429200 106
429300 97
429400 90
429500 81
429600 72
429700 77
429800 69
429900 69
430000 71
430100 64
430200 67
430300 68
430400 78
430500 82
430600 89
430700 87
430800 85
430900 82
431000 89
431100 92
431200 93
431300 88
431400 97
431500 97
431600 92
431700 88
431800 89
431900 93
432000 90
432100 95
432200 91
432300 92
432400 90
432500 89
432600 87
432700 81
432800 81
432900 81
433000 86
433100 82
433200 85
433300 78
433400 76
433500 74
433600 79
433700 75
433800 81
433900 78
434000 83
434100 80
434200 80
434300 68
434400 58
434500 58
434600 56
434700 53
434800 54
434900 47
435000 50
435100 45
435200 54
435300 56
435400 55
435500 64
435600 56
435700 46
435800 47
435900 47
436000 49
436100 51
436200 46
436300 48
436400 53
436500 52
436600 55
436700 58
436800 65
436900 77
437000 80
437100 72
437200 68
437300 71
437400 71
437500 75
437600 67
437700 62
437800 52
437900 50
438000 46
438100 47
438200 54
438300 49
438400 51
438500 53
438600 47
438700 53
438800 50
438900 49
439000 44
439100 49
439200 48
439300 50
439400 45
439500 44
439600 41
439700 44
439800 54
439900 45
440000 48
440100 49
440200 48
440300 46
440400 50
440500 59
440600 57
440700 56
440800 59
440900 62
441000 60
441100 64
441200 66
441300 67
441400 73
441500 71
441600 60
441700 57
441800 64
441900 69
442000 60
442100 59
442200 63
442300 63
442400 65
442500 65
442600 65
442700 75
442800 75
442900 78
443000 75
443100 79
443200 88
443300 88
443400 89
443500 70
443600 78
443700 70
443800 73
443900 70
444000 63
444100 56
444200 60
444300 64
444400 68
444500 73
444600 77
444700 74
444800 63
444900 61
445000 67
445100 69
445200 59
445300 65
445400 66
445500 60
445600 64
445700 60
445800 62
445900 64
446000 68
446100 70
446200 74
446300 76
446400 67
446500 71
446600 74
446700 77
446800 69
446900 73
447000 60
447100 51
447200 48
447300 46
447400 57
447500 58
447600 59
447700 59
447800 51
447900 55
448000 60
448100 51
448200 59
448300 63
448400 62
448500 57
448600 67
448700 67
448800 70
448900 71
449000 76
449100 75
449200 79
449300 81
449400 82
449500 84
449600 84
449700 80
449800 81
449900 78
450000 81
450100 80
450200 71
450300 66
450400 63
450500 75
450600 80
450700 78
450800 77
450900 69
451000 72
451100 75
451200 75
451300 74
451400 77
451500 81
451600 79
451700 84
451800 76
451900 80
452000 89
452100 92
452200 82
452300 66
452400 59
452500 54
452600 56
452700 54
452800 55
452900 64
453000 70
453100 66
453200 71
453300 68
453400 66
453500 76
453600 76
453700 74
453800 57
453900 67
454000 71
454100 73
454200 79
454300 78
454400 76
454500 81
454600 83
454700 76
454800 78
454900 76
455000 70
455100 69
455200 68
455300 62
455400 63
455500 68
455600 58
455700 57
455800 64
455900 73
456000 75
456100 70
456200 76
456300 88
456400 84
456500 90
456600 90
456700 85
456800 90
456900 85
457000 80
457100 69
457200 69
457300 71
457400 71
457500 79
457600 77
457700 73
457800 73
457900 72
458000 73
458100 74
458200 72
458300 74
458400 82
458500 75
458600 62
458700 69
458800 62
458900 64
459000 62
459100 68
459200 58
459300 60
459400 64
459500 61
459600 62
459700 58
459800 56
459900 69
460000 68
460100 66
460200 59
460300 65
460400 57
460500 65
460600 61
460700 56
460800 51
460900 55
461000 60
461100 66
461200 61
461300 68
461400 79
461500 79
461600 80
461700 80
461800 81
461900 73
462000 74
462100 75
462200 65
462300 64
462400 59
462500 62
462600 63
462700 53
462800 51
462900 50
463000 50
463100 49
463200 52
463300 58
463400 57
463500 57
463600 60
463700 61
463800 64
463900 62
464000 70
464100 88
464200 87
464300 82
464400 82
464500 87
464600 92
464700 81
464800 82
464900 67
465000 80
465100 74
465200 70
465300 71
465400 65
465500 66
465600 73
465700 73
465800 76
465900 67
466000 68
466100 67
466200 61
466300 66
466400 60
466500 78
466600 80
466700 81
466800 87
466900 87
467000 82
467100 80
467200 71
467300 66
467400 69
467500 74
467600 61
467700 60
467800 56
467900 57
468000 61
468100 64
468200 67
468300 61
468400 64
468500 68
468600 63
468700 63
468800 68
468900 68
469000 72
469100 78
469200 78
469300 80
469400 83
469500 69
469600 70
469700 68
469800 58
469900 55
470000 61
470100 58
470200 56
470300 58
470400 62
470500 56
470600 55
470700 53
470800 61
470900 61
471000 61
471100 64
471200 69
471300 62
471400 66
471500 70
471600 66
471700 66
471800 78
471900 79
472000 75
472100 76
472200 79
472300 85
472400 90
472500 88
472600 81
472700 75
472800 70
472900 63
473000 70
473100 73
473200 79
473300 75
473400 74
473500 73
473600 73
473700 75
473800 73
473900 72
474000 66
474100 74
474200 72
474300 69
474400 66
474500 62
474600 56
474700 58
474800 52
474900 61
475000 51
475100 60
475200 66
475300 57
475400 63
475500 62
475600 60
475700 58
475800 60
475900 55
476000 65
476100 59
476200 56
476300 60
476400 62
476500 59
476600 61
476700 56
476800 58
476900 61
477000 57
477100 53
477200 61
477300 53
477400 53
477500 62
477600 64
477700 55
477800 55
477900 61
478000 58
478100 60
478200 60
478300 69
478400 65
478500 58
478600 58
478700 59
478800 52
478900 42
479000 39
479100 47
479200 60
479300 59
479400 57
479500 57
479600 54
479700 57
479800 58
479900 62
480000 47
480100 54
480200 53
480300 56
480400 64
480500 63
480600 63
480700 54
480800 50
480900 49
481000 52
481100 56
481200 54
481300 69
481400 73
481500 74
481600 78
481700 83
481800 80
481900 83
482000 84
482100 86
482200 85
482300 81
482400 77
482500 83
482600 82
482700 76
482800 82
482900 82
483000 81
483100 73
483200 75
483300 75
483400 74
483500 70
483600 63
483700 65
483800 63
483900 60
484000 61
484100 58
484200 50
484300 46
484400 52
484500 33
484600 48
484700 50
484800 54
484900 56
485000 52
485100 54
485200 57
485300 61
485400 56
485500 61
485600 60
485700 61
485800 60
485900 54
486000 51
486100 48
486200 53
486300 51
486400 58
486500 56
486600 58
486700 56
486800 53
486900 54
487000 56
487100 60
487200 60
487300 61
487400 62
487500 65
487600 71
487700 78
487800 89
487900 81
488000 74
488100 71
488200 78
488300 80
488400 79
488500 71
488600 77
488700 72
488800 72
488900 70
489000 71
489100 72
489200 73
489300 74
489400 71
489500 70
489600 74
489700 76
489800 79
489900 69
490000 66
490100 74
490200 77
490300 81
490400 83
490500 83
490600 82
490700 73
490800 67
490900 64
491000 73
491100 79
491200 69
491300 69
491400 66
491500 67
491600 59
491700 52
491800 61
491900 66
492000 65
492100 63
492200 67
492300 76
492400 73
492500 74
492600 73
492700 78
492800 76
492900 73
493000 74
493100 60
493200 67
493300 66
493400 61
493500 64
493600 68
493700 62
493800 66
493900 67
494000 53
494100 64
494200 61
494300 51
494400 42
494500 44
494600 49
494700 49
494800 46
494900 45
495000 46
495100 47
495200 49
495300 53
495400 52
495500 57
495600 59
495700 59
495800 64
495900 63
496000 58
496100 64
496200 65
496300 69
496400 58
496500 57
496600 52
496700 51
496800 53
496900 50
497000 59
497100 57
497200 42
497300 57
497400 59
497500 60
497600 61
497700 66
497800 60
497900 60
498000 60
498100 65
498200 66
498300 61
498400 55
498500 62
498600 68
498700 59
498800 51
498900 51
499000 49
499100 54
499200 61
499300 51
499400 58
499500 61
499600 64
499700 75
499800 69
499900 69
500000 80
500100 78
500200 83
500300 75
500400 84
500500 86
500600 88
500700 81
500800 79
500900 81
501000 79
501100 84
501200 80
501300 81
501400 77
501500 74
501600 77
501700 75
501800 65
501900 65
502000 62
502100 54
502200 50
502300 48
502400 58
502500 58
502600 44
502700 52
502800 53
502900 53
503000 50
503100 53
503200 46
503300 54
503400 53
503500 60
503600 64
503700 69
503800 72
503900 58
504000 53
504100 51
504200 45
504300 62
504400 58
504500 54
504600 56
504700 51
504800 52
504900 49
505000 49
505100 50
505200 54
505300 53
505400 54
505500 53
505600 44
505700 52
505800 52
505900 62
506000 63
506100 69
506200 63
506300 70
506400 73
506500 65
506600 67
506700 59
506800 57
506900 65
507000 64
507100 57
507200 56
507300 62
507400 69
507500 62
507600 73
507700 77
507800 82
507900 90
508000 100
508100 97
508200 94
508300 95
508400 95
508500 93
508600 88
508700 88
508800 90
508900 79
509000 80
509100 83
509200 68
509300 72
509400 70
509500 60
509600 60
509700 52
509800 53
509900 59
510000 46
510100 41
510200 49
510300 61
510400 56
510500 61
510600 72
510700 68
510800 69
510900 80
511000 70
511100 62
511200 57
511300 51
511400 50
511500 56
511600 48
511700 51
511800 54
511900 42
512000 44
512100 41
512200 52
512300 53
512400 48
512500 58
512600 70
512700 64
512800 68
512900 65
513000 54
513100 44
513200 37
513300 55
513400 56
513500 64
513600 70
513700 74
513800 72
513900 76
514000 77
514100 72
514200 70
514300 59
514400 64
514500 58
514600 60
514700 59
514800 57
514900 57
515000 52
515100 53
515200 57
515300 53
515400 62
515500 56
515600 64
515700 60
515800 55
515900 59
516000 62
516100 68
516200 67
516300 61
516400 68
516500 75
516600 72
516700 66
516800 61
516900 52
517000 47
517100 47
517200 49
517300 49
517400 50
517500 59
517600 61
517700 64
517800 64
517900 69
518000 65
518100 67
518200 70
518300 79
518400 75
518500 72
518600 70
518700 70
518800 67
518900 71
519000 66
519100 58
519200 62
519300 60
519400 61
519500 51
519600 56
519700 59
519800 58
519900 57
520000 52
520100 59
520200 58
520300 61
520400 63
520500 64
520600 77
520700 79
520800 76
520900 69
521000 70
521100 76
521200 79
521300 83
521400 85
521500 83
521600 83
521700 85
521800 80
521900 70
522000 60
522100 58
522200 70
522300 65
522400 55
522500 51
522600 53
522700 63
522800 66
522900 68
523000 86
523100 87
523200 89
523300 94
523400 102
523500 99
523600 103
523700 103
523800 102
523900 96
524000 97
524100 96
524200 93
524300 83
524400 76
524500 78
524600 76
524700 78
524800 72
524900 70
525000 72
525100 79
525200 61
525300 61
525400 65
525500 60
525600 62
525700 74
525800 76
525900 70
526000 68
526100 65
526200 61
526300 52
526400 49
526500 50
526600 48
526700 43
526800 50
526900 50
527000 47
527100 55
527200 55
527300 57
527400 60
527500 58
527600 56
527700 68
527800 67
527900 69
528000 71
528100 69
528200 71
528300 70
528400 72
528500 70
528600 80
528700 80
528800 77
528900 84
529000 85
529100 84
529200 87
529300 86
529400 92
529500 98
529600 100
529700 99
529800 98
529900 94
530000 89
530100 87
530200 84
530300 84
530400 88
530500 88
530600 92
530700 98
530800 100
530900 95
531000 89
531100 87
531200 84
531300 85
531400 85
531500 80
531600 86
531700 77
531800 71
531900 71
532000 67
532100 68
532200 61
532300 67
532400 64
532500 61
532600 61
532700 62
532800 53
532900 57
533000 54
533100 52
533200 47
533300 50
533400 57
533500 49
533600 50
533700 51
533800 52
533900 51
534000 40
534100 48
534200 42
534300 39
534400 55
534500 56
534600 57
534700 63
534800 68
534900 58
535000 53
535100 53
535200 54
535300 65
535400 63
535500 64
535600 58
535700 58
535800 68
535900 64
536000 57
536100 58
536200 62
536300 62
536400 62
536500 58
536600 59
536700 54
536800 59
536900 56
537000 55
537100 56
537200 55
537300 61
537400 56
537500 65
537600 63
537700 63
537800 59
537900 56
538000 62
538100 62
538200 58
538300 51
538400 56
538500 51
538600 40
538700 47
538800 47
538900 51
539000 49
539100 46
539200 46
539300 54
539400 57
539500 62
539600 64
539700 55
539800 50
539900 54
540000 60
540100 59
540200 57
540300 53
540400 51
540500 58
540600 61
540700 66
540800 63
540900 61
541000 70
541100 67
541200 73
541300 77
541400 83
541500 86
541600 86
541700 83
541800 82
541900 82
542000 65
542100 61
542200 57
542300 56
542400 59
542500 65
542600 60
542700 56
542800 52
542900 57
543000 60
543100 62
543200 49
543300 48
543400 48
543500 48
543600 44
543700 39
543800 46
543900 50
544000 63
544100 58
544200 57
544300 53
544400 49
544500 45
544600 43
544700 49
544800 40
544900 40
545000 40
545100 46
545200 42
545300 41
545400 53
545500 52
545600 45
545700 33
545800 47
545900 48
546000 66
546100 61
546200 75
546300 72
546400 70
546500 67
546600 70
546700 69
546800 75
546900 71
547000 74
547100 70
547200 78
547300 82
547400 84
547500 76
547600 77
547700 77
547800 71
547900 73
548000 68
548100 70
548200 68
548300 82
548400 79
548500 79
548600 77
548700 78
548800 75
548900 66
549000 59
549100 53
549200 52
549300 59
549400 61
549500 66
549600 61
549700 74
549800 68
549900 69
550000 57
550100 63
550200 65
550300 61
550400 64
550500 65
550600 65
550700 60
550800 64
550900 60
551000 61
551100 72
551200 74
551300 68
551400 68
551500 58
551600 57
551700 57
551800 57
551900 55
552000 55
552100 52
552200 60
552300 69
552400 71
552500 63
552600 64
552700 67
552800 61
552900 57
553000 58
553100 65
553200 68
553300 64
553400 56
553500 58
553600 65
553700 61
553800 60
553900 62
554000 68
554100 78
554200 72
554300 63
554400 71
554500 67
554600 69
554700 71
554800 54
554900 49
555000 41
555100 47
555200 42
555300 43
555400 41
555500 31
555600 45
555700 46
555800 50
555900 50
556000 57
556100 55
556200 57
556300 55
556400 53
556500 55
556600 68
556700 76
556800 84
556900 76
557000 76
557100 73
557200 63
557300 60
557400 61
557500 65
557600 64
557700 67
557800 54
557900 54
558000 57
558100 57
558200 54
558300 57
558400 58
558500 66
558600 58
558700 59
558800 59
558900 57
559000 70
559100 62
559200 65
559300 60
559400 64
559500 67
559600 58
559700 59
559800 61
559900 69
560000 73
560100 73
560200 65
560300 68
560400 67
560500 57
560600 67
560700 72
560800 66
560900 61
561000 65
561100 63
561200 61
561300 63
561400 66
561500 71
561600 74
561700 71
561800 66
561900 70
562000 65
562100 57
562200 61
562300 63
562400 66
562500 68
562600 76
562700 67
562800 64
562900 49
563000 51
563100 64
563200 64
563300 62
563400 68
563500 60
563600 70
563700 74
563800 73
563900 76
564000 80
564100 86
564200 86
564300 95
564400 93
564500 88
564600 89
564700 94
564800 90
564900 92
565000 86
565100 78
565200 76
565300 71
565400 67
565500 66
565600 69
565700 80
565800 78
565900 65
566000 56
566100 54
566200 61
566300 59
566400 60
566500 63
566600 53
566700 62
566800 65
566900 61
567000 64
567100 70
567200 65
567300 64
567400 70
567500 74
567600 69
567700 66
567800 68
567900 68
568000 63
568100 68
568200 67
568300 60
568400 53
568500 53
568600 57
568700 57
568800 59
568900 50
569000 47
569100 50
569200 44
569300 33
569400 42
569500 41
569600 56
569700 57
569800 54
569900 61
570000 54
570100 58
570200 61
570300 68
570400 69
570500 62
570600 58
570700 56
570800 57
570900 45
571000 54
571100 50
571200 54
571300 59
571400 57
571500 52
571600 51
571700 59
571800 64
571900 59
572000 59
572100 52
572200 58
572300 63
572400 62
572500 59
572600 61
572700 54
572800 54
572900 55
573000 65
573100 71
573200 77
573300 73
573400 71
573500 67
573600 81
573700 80
573800 71
573900 68
574000 67
574100 61
574200 63
574300 58
574400 54
574500 66
574600 64
574700 74
574800 66
574900 66
575000 60
575100 55
575200 65
575300 64
575400 69
575500 68
575600 73
575700 70
575800 71
575900 82
576000 83
576100 86
576200 91
576300 86
576400 82
576500 90
576600 84
576700 81
576800 94
576900 92
577000 92
577100 85
577200 82
577300 78
577400 74
577500 73
577600 71
577700 77
577800 73
577900 74
578000 68
578100 67
578200 65
578300 76
578400 72
578500 71
578600 77
578700 71
578800 71
578900 74
579000 76
579100 74
579200 71
579300 74
579400 76
579500 75
579600 88
579700 84
579800 85
579900 79
580000 79
580100 79
580200 79
580300 87
580400 84
580500 82
580600 82
580700 71
580800 73
580900 71
581000 65
581100 71
581200 64
581300 58
581400 59
581500 57
581600 54
581700 58
581800 61
581900 52
582000 53
582100 59
582200 66
582300 69
582400 66
582500 72
582600 74
582700 71
582800 64
582900 63
583000 56
583100 59
583200 73
583300 76
583400 67
583500 59
583600 50
583700 48
583800 55
583900 58
584000 51
584100 55
584200 51
584300 62
584400 64
584500 61
584600 63
584700 68
584800 66
584900 61
585000 56
585100 57
585200 66
585300 74
585400 79
585500 81
585600 77
585700 74
585800 67
585900 63
586000 69
586100 65
586200 64
586300 58
586400 61
586500 70
586600 74
586700 69
586800 67
586900 68
587000 68
587100 67
587200 76
587300 79
587400 77
587500 74
587600 73
587700 74
587800 84
587900 78
588000 77
588100 71
588200 72
588300 74
588400 76
588500 69
588600 68
588700 75
588800 69
588900 66
589000 73
589100 81
589200 67
589300 61
589400 66
589500 66
589600 64
589700 49
589800 46
589900 53
590000 56
590100 51
590200 55
590300 51
590400 51
590500 59
590600 63
590700 59
590800 57
590900 63
591000 71
591100 74
591200 71
591300 75
591400 71
591500 79
591600 79
591700 79
591800 87
591900 83
592000 84
592100 84
592200 78
592300 75
592400 76
592500 81
592600 70
592700 69
592800 67
592900 64
593000 68
593100 73
593200 65
593300 63
593400 59
593500 63
593600 64
593700 70
593800 70
593900 70
594000 76
594100 82
594200 78
594300 72
594400 73
594500 70
594600 75
594700 74
594800 71
594900 70
595000 69
595100 71
595200 68
595300 73
595400 66
595500 75
595600 71
595700 70
595800 82
595900 72
596000 69
596100 61
596200 57
596300 61
596400 54
596500 60
596600 57
596700 52
596800 56
596900 46
597000 50
597100 48
597200 43
597300 46
597400 45
597500 57
597600 57
597700 55
597800 59
597900 46
598000 44
598100 46
598200 51
598300 51
598400 57
598500 59
598600 58
598700 60
598800 49
598900 48
599000 53
599100 51
599200 49
599300 55
599400 47
599500 47
599600 57
599700 52
599800 42
599900 53
600000 60
600100 48
600200 52
600300 50
600400 43
600500 44
600600 39
600700 47
600800 42
600900 57
601000 58
601100 64
601200 64
601300 65
601400 69
601500 67
601600 58
601700 54
601800 50
601900 48
602000 51
602100 51
602200 49
602300 37
602400 46
602500 45
602600 40
602700 46
602800 47
602900 60
603000 66
603100 66
603200 73
603300 65
603400 64
603500 61
603600 61
603700 57
603800 49
603900 54
604000 55
604100 52
604200 48
604300 48
604400 49
604500 46
604600 54
604700 62
604800 60
604900 69
605000 75
605100 75
605200 81
605300 74
605400 77
605500 76
605600 78
605700 80
605800 71
605900 70
606000 70
606100 75
606200 71
606300 69
606400 72
606500 78
606600 72
606700 70
606800 74
606900 82
607000 73
607100 64
607200 72
607300 75
607400 83
607500 86
607600 79
607700 79
607800 85
607900 91
608000 86
608100 94
608200 92
608300 98
608400 99
608500 104
608600 100
608700 99
608800 96
608900 97
609000 92
609100 92
609200 84
609300 83
609400 77
609500 66
609600 78
609700 78
609800 64
609900 55
610000 67
610100 58
610200 54
610300 60
610400 68
610500 69
610600 69
610700 69
610800 79
610900 77
611000 85
611100 82
611200 81
611300 81
611400 87
611500 90
611600 86
611700 84
611800 83
611900 83
612000 88
612100 87
612200 80
612300 87
612400 78
612500 77
612600 77
612700 67
612800 74
612900 73
613000 64
613100 68
613200 60
613300 70
613400 62
613500 65
613600 59
613700 51
613800 49
613900 39
614000 54
614100 43
614200 48
614300 46
614400 51
614500 45
614600 41
614700 51
614800 54
614900 59
615000 60
615100 60
615200 55
615300 61
615400 61
615500 66
615600 74
615700 68
615800 73
615900 73
616000 69
616100 70
616200 70
616300 70
616400 69
616500 62
616600 67
616700 55
616800 57
616900 55
617000 69
617100 68
617200 70
617300 67
617400 68
617500 74
617600 75
617700 82
617800 79
617900 73
618000 73
618100 78
618200 69
618300 57
618400 54
618500 52
618600 54
618700 63
618800 59
618900 59
619000 62
619100 64
619200 52
619300 49
619400 50
619500 52
619600 50
619700 54
619800 43
619900 49
620000 50
620100 58
620200 50
620300 59
620400 54
620500 59
620600 59
620700 51
620800 60
620900 61
621000 69
621100 71
621200 70
621300 64
621400 70
621500 57
621600 59
621700 63
621800 63
621900 68
622000 70
622100 70
622200 77
622300 69
622400 67
622500 66
622600 66
622700 63
622800 56
622900 55
623000 64
623100 56
623200 63
623300 67
623400 75
623500 80
623600 66
623700 52
623800 59
623900 61
624000 48
624100 55
624200 57
624300 59
624400 53
624500 54
624600 56
624700 62
624800 57
624900 62
625000 55
625100 46
625200 42
625300 46
625400 41
625500 48
625600 52
625700 49
625800 49
625900 51
626000 60
626100 55
626200 49
626300 54
626400 54
626500 53
626600 59
626700 64
626800 58
626900 58
627000 58
627100 51
627200 49
627300 52
627400 51
627500 52
627600 63
627700 63
627800 61
627900 57
628000 60
628100 60
628200 58
628300 54
628400 45
628500 46
628600 53
628700 60
628800 56
628900 64
629000 60
629100 66
629200 62
629300 63
629400 68
629500 72
629600 71
629700 70
629800 76
629900 82
630000 84
630100 83
630200 76
630300 83
630400 90
630500 84
630600 77
630700 71
630800 61
630900 66
631000 72
631100 68
631200 73
631300 82
631400 76
631500 74
631600 77
631700 74
631800 84
631900 87
632000 95
632100 87
632200 88
632300 88
632400 88
632500 95
632600 98
632700 95
632800 85
632900 81
633000 83
633100 85
633200 87
633300 75
633400 73
633500 74
633600 77
633700 77
633800 67
633900 72
634000 67
634100 69
634200 72
634300 67
634400 73
634500 70
634600 71
634700 71
634800 71
634900 65
635000 68
635100 65
635200 65
635300 63
635400 62
635500 66
635600 71
635700 69
635800 58
635900 72
636000 79
636100 73
636200 73
636300 77
636400 79
636500 75
636600 77
636700 61
636800 60
636900 55
637000 50
637100 59
637200 59
637300 63
637400 57
637500 57
637600 60
637700 64
637800 65
637900 60
638000 60
638100 66
638200 65
638300 65
638400 64
638500 58
638600 61
638700 60
638800 58
638900 53
639000 55
639100 45
639200 50
639300 54
639400 55
639500 58
639600 53
639700 59
639800 59
639900 65
640000 65
640100 69
640200 68
640300 69
640400 67
640500 76
640600 84
640700 73
640800 77
640900 75
641000 78
641100 72
641200 73
641300 69
641400 63
641500 67
641600 62
641700 65
641800 60
641900 59
642000 57
642100 55
642200 57
642300 56
642400 59
642500 57
642600 52
642700 57
642800 51
642900 52
643000 58
643100 58
643200 59
643300 59
643400 65
643500 70
643600 65
643700 55
643800 68
643900 64
644000 64
644100 64
644200 61
644300 66
644400 65
644500 61
644600 64
644700 69
644800 60
644900 60
645000 67
645100 56
645200 57
645300 61
645400 67
645500 71
645600 60
645700 73
645800 76
645900 76
646000 68
646100 55
646200 46
646300 56
646400 51
646500 53
646600 53
646700 56
646800 48
646900 46
647000 42
647100 46
647200 47
647300 49
647400 49
647500 53
647600 44
647700 48
647800 56
647900 61
648000 59
648100 60
648200 59
648300 56
648400 63
648500 70
648600 69
648700 77
648800 76
648900 80
649000 86
649100 82
649200 75
649300 74
649400 77
649500 68
649600 71
649700 68
649800 63
649900 62
650000 62
650100 66
650200 66
650300 63
650400 62
650500 66
650600 58
650700 54
650800 54
650900 66
651000 67
651100 58
651200 50
651300 50
651400 47
651500 52
651600 53
651700 53
651800 47
651900 49
652000 44
652100 48
652200 50
652300 55
652400 49
652500 52
652600 54
652700 45
652800 46
652900 51
653000 55
653100 56
653200 64
653300 57
653400 65
653500 64
653600 70
653700 67
653800 66
653900 64
654000 58
654100 67
654200 56
654300 46
654400 56
654500 48
654600 43
654700 46
654800 52
654900 55
655000 60
655100 57
655200 54
655300 61
655400 72
655500 77
655600 72
655700 65
655800 59
655900 63
656000 68
656100 69
656200 68
656300 66
656400 64
656500 65
656600 72
656700 74
656800 57
656900 69
657000 69
657100 64
657200 68
657300 60
657400 62
657500 60
657600 60
657700 53
657800 65
657900 63
658000 59
658100 56
658200 60
658300 62
658400 65
658500 66
658600 67
658700 63
658800 64
658900 55
659000 56
659100 62
659200 60
659300 54
659400 57
659500 61
659600 58
659700 63
659800 64
659900 64
660000 75
660100 75
660200 79
660300 85
660400 87
660500 83
660600 82
660700 77
660800 79
660900 83
661000 83
661100 86
661200 83
661300 83
661400 82
661500 82
661600 83
661700 81
661800 78
661900 77
662000 84
662100 82
662200 72
662300 69
662400 63
662500 63
662600 61
662700 50
662800 61
662900 65
663000 65
663100 57
663200 50
663300 45
663400 49
663500 50
663600 48
663700 53
663800 47
663900 42
664000 49
664100 46
664200 42
664300 53
664400 44
664500 48
664600 58
664700 56
664800 57
664900 62
665000 58
665100 52
665200 45
665300 51
665400 53
665500 45
665600 51
665700 51
665800 43
665900 50
666000 54
666100 57
666200 66
666300 68
666400 65
666500 67
666600 71
666700 65
666800 59
666900 60
667000 59
667100 53
667200 58
667300 42
667400 51
667500 63
667600 63
667700 60
667800 67
667900 66
668000 70
668100 76
668200 78
668300 73
668400 71
668500 77
668600 70
668700 76
668800 73
668900 76
669000 80
669100 84
669200 85
669300 82
669400 84
669500 74
669600 74
669700 78
669800 73
669900 77
670000 75
670100 67
670200 63
670300 65
670400 59
670500 55
670600 64
670700 58
670800 55
670900 51
671000 47
671100 50
671200 54
671300 56
671400 51
671500 50
671600 44
671700 43
671800 54
671900 54
672000 68
672100 62
672200 66
672300 67
672400 53
672500 58
672600 59
672700 58
672800 58
672900 51
673000 45
673100 50
673200 41
673300 46
673400 50
673500 42
673600 47
673700 49
673800 53
673900 53
674000 57
674100 66
674200 64
674300 67
674400 73
674500 74
674600 71
674700 70
674800 75
674900 70
675000 69
675100 70
675200 73
675300 75
675400 69
675500 76
675600 78
675700 76
675800 72
675900 66
676000 70
676100 70
676200 65
676300 60
676400 64
676500 56
676600 67
676700 60
676800 63
676900 59
677000 56
677100 60
677200 52
677300 54
677400 43
677500 41
677600 50
677700 44
677800 43
677900 58
678000 52
678100 45
678200 55
678300 57
678400 53
678500 55
678600 44
678700 44
678800 33
678900 32
679000 36
679100 38
679200 41
679300 41
679400 44
679500 42
679600 46
679700 48
679800 49
679900 55
680000 47
680100 42
680200 41
680300 45
680400 54
680500 61
680600 59
680700 62
680800 63
680900 58
681000 54
681100 51
681200 50
681300 43
681400 49
681500 49
681600 54
681700 50
681800 42
681900 58
682000 52
682100 48
682200 56
682300 53
682400 38
682500 44
682600 47
682700 52
682800 50
682900 46
683000 44
683100 50
683200 52
683300 51
683400 51
683500 47
683600 53
683700 63
683800 58
683900 49
684000 53
684100 50
684200 68
684300 69
684400 70
684500 67
684600 63
684700 60
684800 69
684900 57
685000 49
685100 52
685200 55
685300 65
685400 70
685500 61
685600 65
685700 70
685800 69
685900 68
686000 63
686100 59
686200 66
686300 67
686400 65
686500 60
686600 49
686700 56
686800 58
686900 61
687000 60
687100 57
687200 58
687300 56
687400 61
687500 52
687600 37
687700 43
687800 35
687900 45
688000 55
688100 52
688200 58
688300 56
688400 67
688500 66
688600 60
688700 60
688800 58
688900 54
689000 51
689100 45
689200 60
689300 62
689400 74
689500 71
689600 71
689700 73
689800 81
689900 72
690000 70
690100 69
690200 82
690300 80
690400 81
690500 81
690600 76
690700 63
690800 63
690900 62
691000 64
691100 66
691200 62
691300 75
691400 67
691500 72
691600 81
691700 84
691800 76
691900 74
692000 70
692100 65
692200 57
692300 70
692400 71
692500 63
692600 79
692700 79
692800 73
692900 79
693000 76
693100 69
693200 58
693300 61
693400 64
693500 68
693600 61
693700 68
693800 67
693900 73
694000 63
694100 64
694200 57
694300 56
694400 59
694500 51
694600 58
694700 55
694800 72
694900 70
695000 76
695100 72
695200 72
695300 78
695400 75
695500 69
695600 61
695700 54
695800 51
695900 54
696000 53
696100 48
696200 42
696300 57
696400 64
696500 62
696600 59
696700 52
696800 62
696900 59
697000 60
697100 53
697200 54
697300 55
697400 62
697500 56
697600 47
697700 48
697800 51
697900 57
698000 55
698100 56
698200 57
698300 45
698400 45
698500 50
698600 56
698700 49
698800 48
698900 50
699000 49
699100 40
699200 45
699300 55
699400 50
699500 49
699600 38
699700 46
699800 47
699900 50
700000 50
700100 50
700200 56
700300 60
700400 56
700500 58
700600 62
700700 71
700800 69
700900 66
701000 62
701100 62
701200 62
701300 67
701400 56
701500 63
701600 70
701700 66
701800 68
701900 77
702000 77
702100 64
702200 57
702300 63
702400 63
702500 70
702600 66
702700 72
702800 74
702900 63
703000 58
703100 65
703200 62
703300 54
703400 44
703500 47
703600 42
703700 46
703800 45
703900 51
704000 64
704100 69
704200 63
704300 60
704400 60
704500 48
704600 42
704700 42
704800 48
704900 52
705000 38
705100 38
705200 46
705300 45
705400 48
705500 51
705600 55
705700 57
705800 57
705900 52
706000 56
706100 53
706200 52
706300 64
706400 74
706500 78
706600 65
706700 69
706800 69
706900 71
707000 71
707100 65
707200 67
707300 56
707400 56
707500 59
707600 60
707700 59
707800 61
707900 70
708000 73
708100 75
708200 79
708300 79
708400 65
708500 76
708600 80
708700 80
708800 77
708900 79
709000 84
709100 71
709200 74
709300 63
709400 59
709500 52
709600 56
709700 59
709800 64
709900 65
710000 56
710100 56
710200 50
710300 51
710400 58
710500 61
710600 54
710700 57
710800 59
710900 62
711000 56
711100 54
711200 51
711300 59
711400 56
711500 54
711600 63
711700 56
711800 59
711900 46
712000 51
712100 54
712200 53
712300 58
712400 62
712500 62
712600 65
712700 71
712800 73
712900 67
713000 67
713100 67
713200 70
713300 73
713400 67
713500 65
713600 65
713700 69
713800 65
713900 62
714000 67
714100 68
714200 67
714300 69
714400 75
714500 73
714600 69
714700 57
714800 66
714900 63
715000 65
715100 61
715200 65
715300 68
715400 64
715500 63
715600 58
715700 54
715800 60
715900 52
716000 46
716100 45
716200 49
716300 52
716400 54
716500 60
716600 67
716700 62
716800 65
716900 69
717000 72
717100 81
717200 82
717300 83
717400 86
717500 82
717600 76
717700 73
717800 79
717900 75
718000 74
718100 74
718200 80
718300 69
718400 73
718500 70
718600 70
718700 71
718800 72
718900 77
719000 76
719100 82
719200 80
719300 75
719400 77
719500 64
719600 79
719700 73
719800 71
719900 71
720000 69
720100 67
720200 62
720300 60
720400 60
720500 53
720600 48
720700 49
720800 49
720900 41
721000 40
721100 41
721200 48
721300 46
721400 43
721500 53
721600 55
721700 46
721800 48
721900 43
722000 51
722100 63
722200 66
722300 59
722400 65
722500 72
722600 68
722700 79
722800 72
722900 76
723000 71
723100 79
723200 73
723300 79
723400 72
723500 68
723600 65
723700 72
723800 67
723900 60
724000 59
724100 57
724200 56
724300 52
724400 49
724500 51
724600 50
724700 48
724800 51
724900 50
725000 58
725100 57
725200 58
725300 60
725400 48
725500 57
725600 53
725700 63
725800 71
725900 71
726000 62
726100 60
726200 58
726300 55
726400 70
726500 69
726600 74
726700 72
726800 78
726900 81
727000 78
727100 73
727200 73
727300 72
727400 76
727500 73
727600 73
727700 83
727800 77
727900 79
728000 85
728100 79
728200 63
728300 62
728400 67
728500 63
728600 70
728700 67
728800 65
728900 73
729000 70
729100 76
729200 70
729300 70
729400 67
729500 66
729600 66
729700 65
729800 62
729900 65
730000 64
730100 71
730200 67
730300 65
730400 66
730500 62
730600 67
730700 49
730800 66
730900 63
731000 67
731100 63
731200 65
731300 62
731400 63
731500 62
731600 55
731700 60
731800 55
731900 61
732000 54
732100 52
732200 53
732300 53
732400 44
732500 50
732600 54
732700 63
732800 59
732900 66
733000 71
733100 72
733200 76
733300 73
733400 61
733500 53
733600 52
733700 41
733800 39
733900 44
734000 41
734100 44
734200 45
734300 51
734400 52
734500 49
734600 44
734700 46
734800 56
734900 59
735000 55
735100 58
735200 59
735300 59
735400 59
735500 58
735600 53
735700 66
735800 62
735900 60
736000 60
736100 52
736200 56
736300 50
736400 47
736500 49
736600 53
736700 61
736800 47
736900 48
737000 45
737100 40
737200 44
737300 33
737400 39
737500 37
737600 34
737700 37
737800 37
737900 48
738000 49
738100 42
738200 39
738300 36
738400 36
738500 41
738600 50
738700 49
738800 55
738900 58
739000 64
739100 62
739200 63
739300 59
739400 64
739500 72
739600 67
739700 70
739800 63
739900 61
740000 71
740100 61
740200 51
740300 56
740400 54
740500 48
740600 50
740700 49
740800 54
740900 53
741000 62
741100 56
741200 50
741300 45
741400 63
741500 54
741600 63
741700 64
741800 68
741900 72
742000 70
742100 70
742200 71
742300 69
742400 65
742500 61
742600 59
742700 52
742800 53
742900 62
743000 68
743100 72
743200 70
743300 63
743400 67
743500 68
743600 66
743700 68
743800 63
743900 66
744000 63
744100 61
744200 63
744300 60
744400 61
744500 62
744600 69
744700 68
744800 60
744900 66
745000 65
745100 63
745200 66
745300 68
745400 69
745500 63
745600 67
745700 52
745800 57
745900 58
746000 54
746100 55
746200 50
746300 56
746400 53
746500 51
746600 57
746700 60
746800 52
746900 53
747000 61
747100 64
747200 68
747300 65
747400 60
747500 54
747600 55
747700 55
747800 62
747900 65
748000 60
748100 60
748200 61
748300 61
748400 71
748500 61
748600 68
748700 68
748800 68
748900 62
749000 62
749100 60
749200 64
749300 71
749400 70
749500 70
749600 57
749700 55
749800 55
749900 52
750000 50
750100 60
750200 67
750300 68
750400 67
750500 60
750600 70
750700 85
750800 72
750900 71
751000 64
751100 56
751200 61
751300 67
751400 69
751500 68
751600 54
751700 68
751800 72
751900 66
752000 62
752100 67
752200 69
752300 71
752400 62
752500 65
752600 58
752700 60
752800 66
752900 64
753000 60
753100 69
753200 69
753300 64
753400 63
753500 63
753600 62
753700 58
753800 55
753900 62
754000 53
754100 44
754200 41
754300 37
754400 36
754500 40
754600 39
754700 38
754800 37
754900 39
755000 53
755100 52
755200 58
755300 56
755400 53
755500 46
755600 43
755700 48
755800 47
755900 46
756000 39
756100 42
756200 53
756300 54
756400 58
756500 55
756600 62
756700 57
756800 60
756900 56
757000 53
757100 63
757200 59
757300 53
757400 63
757500 64
757600 75
757700 64
757800 65
757900 73
758000 71
758100 68
758200 75
758300 74
758400 78
758500 82
758600 85
758700 81
758800 64
758900 68
759000 68
759100 62
759200 67
759300 64
759400 67
759500 66
759600 55
759700 62
759800 70
759900 62
760000 66
760100 70
760200 72
760300 76
760400 80
760500 84
760600 83
760700 88
760800 90
760900 87
761000 87
761100 84
761200 88
761300 91
761400 80
761500 75
761600 73
761700 72
761800 72
761900 68
762000 72
762100 68
762200 60
762300 63
762400 62
762500 54
762600 54
762700 59
762800 56
762900 53
763000 54
763100 48
763200 45
763300 44
763400 53
763500 61
763600 58
763700 55
763800 59
763900 54
764000 57
764100 61
764200 60
764300 52
764400 48
764500 58
764600 52
764700 61
764800 58
764900 59
765000 60
765100 54
765200 60
765300 65
765400 66
765500 62
765600 62
765700 57
765800 54
765900 45
766000 51
766100 47
766200 55
766300 53
766400 52
766500 53
766600 55
766700 58
766800 56
766900 58
767000 58
767100 60
767200 64
767300 64
767400 67
767500 67
767600 58
767700 63
767800 61
767900 63
768000 58
768100 49
768200 46
768300 56
768400 65
768500 76
768600 69
768700 83
768800 81
768900 65
769000 62
769100 56
769200 57
769300 54
769400 59
769500 50
769600 56
769700 56
769800 68
769900 65
770000 53
770100 56
770200 54
770300 59
770400 65
770500 67
770600 67
770700 64
770800 60
770900 57
771000 64
771100 60
771200 50
771300 45
771400 49
771500 56
771600 52
771700 47
771800 51
771900 53
772000 57
772100 57
772200 61
772300 66
772400 64
772500 65
772600 62
772700 62
772800 54
772900 40
773000 43
773100 51
773200 58
773300 57
773400 58
773500 63
773600 65
773700 67
773800 61
773900 64
774000 60
774100 60
774200 54
774300 53
774400 49
774500 52
774600 48
774700 60
774800 63
774900 60
775000 58
775100 64
775200 65
775300 61
775400 63
775500 58
775600 52
775700 52
775800 57
775900 50
776000 46
776100 47
776200 51
776300 42
776400 52
776500 54
776600 61
776700 60
776800 60
776900 56
777000 51
777100 45
777200 47
777300 48
777400 45
777500 48
777600 42
777700 44
777800 53
777900 50
778000 45
778100 49
778200 61
778300 65
778400 64
778500 64
778600 71
778700 55
778800 43
778900 49
779000 46
779100 51
779200 60
779300 67
779400 70
779500 73
779600 76
779700 77
779800 70
779900 68
780000 70
780100 76
780200 71
780300 81
780400 67
780500 71
780600 80
780700 78
780800 78
780900 80
781000 88
781100 88
781200 79
781300 85
781400 88
781500 84
781600 77
781700 83
781800 74
781900 66
782000 70
782100 64
782200 61
782300 63
782400 57
782500 58
782600 57
782700 57
782800 52
782900 49
783000 47
783100 52
783200 55
783300 57
783400 62
783500 62
783600 62
783700 66
783800 61
783900 63
784000 69
784100 65
784200 61
784300 60
784400 55
784500 53
784600 60
784700 54
784800 57
784900 65
785000 68
785100 73
785200 84
785300 86
785400 88
785500 81
785600 83
785700 83
785800 80
785900 87
786000 78
786100 78
786200 77
786300 79
786400 84
786500 85
786600 84
786700 82
786800 76
786900 77
787000 81
787100 71
787200 64
787300 60
787400 65
787500 73
787600 72
787700 70
787800 73
787900 77
788000 75
788100 68
788200 69
788300 70
788400 67
788500 74
788600 65
788700 66
788800 71
788900 64
789000 64
789100 58
789200 52
789300 49
789400 51
789500 53
789600 51
789700 50
789800 50
789900 47
790000 40
790100 45
790200 41
790300 48
790400 61
790500 69
790600 64
790700 60
790800 63
790900 58
791000 56
791100 55
791200 55
791300 49
791400 45
791500 51
791600 56
791700 63
791800 65
791900 59
792000 54
792100 44
792200 45
792300 42
792400 52
792500 54
792600 49
792700 64
792800 65
792900 75
793000 75
793100 70
793200 77
793300 70
793400 61
793500 52
793600 55
793700 63
793800 70
793900 72
794000 71
794100 64
794200 67
794300 56
794400 65
794500 65
794600 64
794700 71
794800 66
794900 66
795000 71
795100 78
795200 81
795300 80
795400 74
795500 79
795600 75
795700 73
795800 71
795900 63
796000 59
796100 45
796200 46
796300 49
796400 45
796500 55
796600 53
796700 49
796800 48
796900 58
797000 51
797100 58
797200 60
797300 66
797400 77
797500 72
797600 62
797700 65
797800 75
797900 80
798000 73
798100 74
798200 74
798300 72
798400 79
798500 79
798600 64
798700 61
798800 64
798900 63
799000 62
799100 65
799200 53
799300 57
799400 54
799500 67
799600 58
799700 54
799800 62
799900 67
800000 67
800100 61
800200 63
800300 69
800400 76
800500 85
800600 87
800700 83
800800 80
800900 80
801000 77
801100 76
801200 80
801300 80
801400 81
801500 90
801600 91
801700 93
801800 90
801900 88
802000 95
802100 86
802200 83
802300 85
802400 86
802500 81
802600 77
802700 70
802800 70
802900 67
803000 65
803100 65
803200 60
803300 56
803400 45
803500 52
803600 47
803700 54
803800 48
803900 51
804000 50
804100 60
804200 60
804300 62
804400 65
804500 67
804600 57
804700 60
804800 55
804900 47
805000 46
805100 44
805200 51
805300 55
805400 55
805500 66
805600 67
805700 62
805800 64
805900 53
806000 53
806100 39
806200 54
806300 64
806400 53
806500 59
806600 55
806700 51
806800 53
806900 58
807000 58
807100 57
807200 58
807300 62
807400 67
807500 69
807600 69
807700 64
807800 63
807900 58
808000 53
808100 60
808200 67
808300 65
808400 66
808500 70
808600 64
808700 62
808800 64
808900 57
809000 60
809100 62
809200 69
809300 63
809400 63
809500 64
809600 63
809700 61
809800 53
809900 64
810000 70
810100 73
810200 72
810300 64
810400 63
810500 71
810600 76
810700 74
810800 82
810900 75
811000 75
811100 84
811200 81
811300 84
811400 79
811500 86
811600 86
811700 83
811800 84
811900 70
812000 62
812100 67
812200 69
812300 71
812400 68
812500 73
812600 79
812700 75
812800 77
812900 76
813000 84
813100 78
813200 73
813300 71
813400 65
813500 66
813600 55
813700 55
813800 63
813900 67
814000 69
814100 66
814200 69
814300 65
814400 61
814500 64
814600 70
814700 62
814800 61
814900 64
815000 60
815100 57
815200 54
815300 61
815400 56
815500 49
815600 60
815700 58
815800 51
815900 56
816000 65
816100 71
816200 69
816300 70
816400 64
816500 64
816600 79
816700 90
816800 99
816900 96
817000 96
817100 92
817200 89
817300 88
817400 90
817500 81
817600 83
817700 85
817800 78
817900 73
818000 78
818100 76
818200 74
818300 74
818400 64
818500 67
818600 65
818700 73
818800 72
818900 69
819000 63
819100 67
819200 70
819300 76
819400 80
819500 74
819600 81
819700 75
819800 67
819900 63
820000 70
820100 74
820200 76
820300 75
820400 84
820500 82
820600 77
820700 79
820800 81
820900 80
821000 79
821100 80
821200 68
821300 64
821400 64
821500 67
821600 72
821700 64
821800 64
821900 53
822000 54
822100 48
822200 43
822300 46
822400 48
822500 65
822600 68
822700 72
822800 77
822900 75
823000 70
823100 76
823200 76
823300 72
823400 70
823500 72
823600 71
823700 73
823800 72
823900 58
824000 47
824100 47
824200 56
824300 51
824400 64
824500 57
824600 55
824700 54
824800 60
824900 60
825000 54
825100 62
825200 55
825300 56
825400 42
825500 40
825600 46
825700 54
825800 53
825900 40
826000 37
826100 36
826200 41
826300 46
826400 45
826500 43
826600 46
826700 58
826800 66
826900 50
827000 57
827100 65
827200 72
827300 72
827400 74
827500 74
827600 77
827700 78
827800 76
827900 72
828000 69
828100 71
828200 71
828300 74
828400 68
828500 74
828600 68
828700 63
828800 66
828900 59
829000 54
829100 53
829200 50
829300 53
829400 57
829500 59
829600 54
829700 62
829800 62
829900 53
830000 55
830100 49
830200 44
830300 46
830400 48
830500 47
830600 64
830700 68
830800 71
830900 68
831000 70
831100 68
831200 80
831300 74
831400 78
831500 87
831600 87
831700 77
831800 69
831900 72
832000 72
832100 80
832200 75
832300 76
832400 75
832500 62
832600 69
832700 73
832800 82
832900 84
833000 80
833100 76
833200 77
833300 71
833400 79
833500 76
833600 63
833700 60
833800 54
833900 58
834000 55
834100 48
834200 50
834300 53
834400 48
834500 61
834600 66
834700 61
834800 49
834900 56
835000 59
835100 64
835200 56
835300 54
835400 48
835500 54
835600 60
835700 57
835800 59
835900 63
836000 62
836100 65
836200 63
836300 68
836400 71
836500 69
836600 78
836700 82
836800 75
836900 76
837000 85
837100 83
837200 84
837300 81
837400 82
837500 76
837600 72
837700 72
837800 74
837900 75
838000 75
838100 77
838200 76
838300 78
838400 81
838500 85
838600 84
838700 83
838800 77
838900 81
839000 73
839100 68
839200 67
839300 68
839400 69
839500 81
839600 76
839700 70
839800 60
839900 62
840000 72
840100 75
840200 69
840300 77
840400 77
840500 78
840600 79
840700 79
840800 73
840900 72
841000 76
841100 64
841200 62
841300 63
841400 67
841500 58
841600 53
841700 56
841800 54
841900 61
842000 65
842100 69
842200 64
842300 65
842400 54
842500 54
842600 59
842700 48
842800 60
842900 55
843000 53
843100 48
843200 59
843300 51
843400 58
843500 52
843600 48
843700 43
843800 50
843900 53
844000 60
844100 53
844200 49
844300 49
844400 59
844500 60
844600 66
844700 67
844800 64
844900 57
845000 65
845100 67
845200 72
845300 76
845400 78
845500 74
845600 69
845700 71
845800 64
845900 73
846000 75
846100 73
846200 75
846300 67
846400 65
846500 65
846600 71
846700 67
846800 60
846900 64
847000 52
847100 53
847200 57
847300 49
847400 58
847500 59
847600 70
847700 75
847800 67
847900 69
848000 78
848100 74
848200 67
848300 62
848400 72
848500 72
848600 68
848700 68
848800 66
848900 68
849000 70
849100 58
849200 52
849300 46
849400 50
849500 41
849600 43
849700 40
849800 36
849900 34
850000 33
850100 40
850200 30
850300 38
850400 45
850500 54
850600 58
850700 54
850800 50
850900 53
851000 62
851100 66
851200 68
851300 74
851400 69
851500 67
851600 66
851700 65
851800 58
851900 60
852000 60
852100 65
852200 54
852300 64
852400 66
852500 68
852600 77
852700 78
852800 80
852900 78
853000 72
853100 60
853200 55
853300 58
853400 57
853500 49
853600 49
853700 52
853800 58
853900 64
854000 62
854100 60
854200 65
854300 58
854400 62
854500 66
854600 65
854700 62
854800 59
854900 60
855000 59
855100 69
855200 69
855300 68
855400 75
855500 72
855600 66
855700 64
855800 69
855900 67
856000 65
856100 62
856200 52
856300 54
856400 54
856500 49
856600 57
856700 54
856800 45
856900 55
857000 50
857100 52
857200 55
857300 55
857400 55
857500 63
857600 68
857700 72
857800 78
857900 72
858000 62
858100 69
858200 71
858300 73
858400 73
858500 72
858600 73
858700 81
858800 68
858900 72
859000 59
859100 61
859200 61
859300 60
859400 67
859500 69
859600 60
859700 63
859800 69
859900 58
860000 60
860100 52
860200 55
860300 50
860400 39
860500 36
860600 45
860700 47
860800 47
860900 54
861000 50
861100 50
861200 53
861300 51
861400 53
861500 64
861600 63
861700 59
861800 53
861900 54
862000 58
862100 67
862200 70
862300 63
862400 56
862500 53
862600 53
862700 62
862800 60
862900 60
863000 66
863100 57
863200 54
863300 57
863400 60
863500 57
863600 59
863700 48
863800 41
863900 40
864000 50
864100 42
864200 42
864300 44
864400 43
864500 44
864600 42
864700 47
864800 43
864900 43
865000 48
865100 45
865200 55
865300 44
865400 50
865500 55
865600 63
865700 65
865800 55
865900 54
866000 44
866100 52
866200 54
866300 55
866400 55
866500 60
866600 65
866700 63
866800 59
866900 62
867000 61
867100 62
867200 59
867300 55
867400 57
867500 55
867600 57
867700 46
867800 44
867900 44
868000 49
868100 50
868200 54
868300 54
868400 58
868500 58
868600 64
868700 64
868800 68
868900 68
869000 73
869100 71
869200 65
869300 61
869400 59
869500 67
869600 73
869700 67
869800 59
869900 63
870000 67
870100 64
870200 65
870300 66
870400 56
870500 60
870600 64
870700 69
870800 71
870900 66
871000 66
871100 66
871200 62
871300 61
871400 54
871500 56
871600 56
871700 66
871800 55
871900 63
872000 58
872100 58
872200 59
872300 67
872400 60
872500 58
872600 67
872700 64
872800 63
872900 60
873000 56
873100 51
873200 49
873300 49
873400 47
873500 54
873600 57
873700 67
873800 60
873900 54
874000 51
874100 58
874200 62
874300 65
874400 67
874500 67
874600 71
874700 72
874800 68
874900 73
875000 72
875100 61
875200 62
875300 67
875400 63
875500 66
875600 68
875700 59
875800 56
875900 55
876000 62
876100 54
876200 62
876300 58
876400 59
876500 62
876600 60
876700 62
876800 70
876900 64
877000 63
877100 65
877200 74
877300 71
877400 67
877500 69
877600 66
877700 68
877800 68
877900 70
878000 64
878100 63
878200 71
878300 76
878400 67
878500 73
878600 65
878700 71
878800 64
878900 63
879000 56
879100 50
879200 48
879300 59
879400 64
879500 66
879600 68
879700 75
879800 61
879900 53
880000 65
880100 55
880200 54
880300 50
880400 52
880500 46
880600 46
880700 50
880800 59
880900 50
881000 61
881100 56
881200 58
881300 64
881400 63
881500 71
881600 75
881700 79
881800 73
881900 75
882000 76
882100 76
882200 79
882300 80
882400 86
882500 79
882600 85
882700 83
882800 88
882900 91
883000 89
883100 86
883200 86
883300 80
883400 79
883500 78
883600 76
883700 72
883800 75
883900 78
884000 65
884100 67
884200 73
884300 73
884400 72
884500 72
884600 69
884700 58
884800 59
884900 62
885000 64
885100 66
885200 67
885300 64
885400 61
885500 57
885600 61
885700 58
885800 60
885900 61
886000 66
886100 58
886200 68
886300 59
886400 51
886500 59
886600 50
886700 49
886800 48
886900 46
887000 45
887100 47
887200 41
887300 54
887400 48
887500 55
887600 53
887700 45
887800 49
887900 48
888000 49
888100 45
888200 42
888300 44
888400 39
888500 43
888600 50
888700 50
888800 55
888900 52
889000 63
889100 63
889200 66
889300 59
889400 61
889500 64
889600 58
889700 56
889800 52
889900 40
890000 45
890100 48
890200 55
890300 60
890400 67
890500 73
890600 72
890700 69
890800 61
890900 52
891000 66
891100 63
891200 65
891300 71
891400 64
891500 58
891600 62
891700 66
891800 64
891900 52
892000 64
892100 59
892200 51
892300 53
892400 59
892500 66
892600 71
892700 62
892800 54
892900 52
893000 50
893100 49
893200 51
893300 65
893400 52
893500 56
893600 52
893700 57
893800 53
893900 50
894000 60
894100 69
894200 61
894300 69
894400 71
894500 65
894600 62
894700 59
894800 64
894900 58
895000 60
895100 68
895200 67
895300 62
895400 65
895500 66
895600 65
895700 63
895800 65
895900 68
896000 62
896100 54
896200 53
896300 50
896400 57
896500 58
896600 50
896700 52
896800 35
896900 42
897000 44
897100 43
897200 45
897300 45
897400 53
897500 65
897600 71
897700 61
897800 65
897900 65
898000 61
898100 71
898200 72
898300 61
898400 67
898500 70
898600 67
898700 65
898800 74
898900 87
899000 78
899100 74
899200 65
899300 65
899400 74
899500 76
899600 79
899700 78
899800 76
899900 80
900000 82
900100 77
900200 82
900300 83
900400 82
900500 81
900600 87
900700 89
900800 82
900900 78
901000 80
901100 79
901200 70
901300 64
901400 67
901500 64
901600 59
901700 70
901800 69
901900 69
902000 65
902100 70
902200 65
902300 59
902400 66
902500 71
902600 67
902700 70
902800 69
902900 68
903000 62
903100 66
903200 74
903300 72
903400 71
903500 76
903600 76
903700 76
903800 79
903900 72
904000 74
904100 71
904200 68
904300 69
904400 61
904500 66
904600 78
904700 75
904800 68
904900 66
905000 56
905100 64
905200 62
905300 64
905400 59
905500 62
905600 71
905700 72
905800 74
905900 79
906000 77
906100 72
906200 79
906300 74
906400 82
906500 67
906600 57
906700 56
906800 52
906900 44
907000 39
907100 44
907200 42
907300 51
907400 50
907500 50
907600 45
907700 44
907800 42
907900 39
908000 46
908100 46
908200 44
908300 57
908400 63
908500 69
908600 66
908700 65
908800 61
908900 68
909000 68
909100 63
909200 60
909300 62
909400 66
909500 77
909600 66
909700 67
909800 73
909900 76
910000 68
910100 65
910200 60
910300 56
910400 44
910500 52
910600 47
910700 48
910800 41
910900 57
911000 61
911100 59
911200 56
911300 66
911400 69
911500 69
911600 72
911700 73
911800 86
911900 88
912000 93
912100 96
912200 97
912300 93
912400 88
912500 88
912600 84
912700 79
912800 81
912900 76
913000 65
913100 60
913200 63
913300 66
913400 74
913500 79
913600 74
913700 79
913800 78
913900 84
914000 81
914100 74
914200 79
914300 79
914400 78
914500 79
914600 73
914700 78
914800 82
914900 74
915000 70
915100 73
915200 76
915300 77
915400 80
915500 84
915600 83
915700 75
915800 74
915900 80
916000 77
916100 75
916200 75
916300 74
916400 73
916500 79
916600 73
916700 78
916800 80
916900 72
917000 71
917100 71
917200 64
917300 64
917400 72
917500 69
917600 70
917700 69
917800 67
917900 66
918000 61
918100 70
918200 72
918300 74
918400 73
918500 76
918600 70
918700 79
918800 74
918900 83
919000 79
919100 89
919200 83
919300 76
919400 75
919500 71
919600 67
919700 72
919800 73
919900 72
920000 62
920100 59
920200 57
920300 59
920400 77
920500 74
920600 73
920700 63
920800 69
920900 56
921000 73
921100 72
921200 57
921300 51
921400 60
921500 51
921600 52
921700 53
921800 56
921900 63
922000 80
922100 85
922200 78
922300 77
922400 76
922500 65
922600 64
922700 65
922800 66
922900 69
923000 65
923100 62
923200 66
923300 60
923400 65
923500 65
923600 65
923700 57
923800 64
923900 66
924000 68
924100 67
924200 78
924300 83
924400 76
924500 73
924600 70
924700 74
924800 82
924900 83
925000 82
925100 83
925200 77
925300 72
925400 66
925500 66
925600 67
925700 64
925800 57
925900 55
926000 62
926100 66
926200 71
926300 75
926400 64
926500 63
926600 63
926700 62
926800 65
926900 66
927000 70
927100 70
927200 73
927300 76
927400 79
927500 62
927600 51
927700 54
927800 59
927900 54
928000 53
928100 59
928200 56
928300 64
928400 64
928500 59
928600 53
928700 53
928800 47
928900 54
929000 60
929100 63
929200 59
929300 59
929400 56
929500 53
929600 53
929700 51
929800 65
929900 61
930000 63
930100 72
930200 71
930300 69
930400 68
930500 61
930600 67
930700 72
930800 69
930900 69
931000 69
931100 70
931200 73
931300 68
931400 60
931500 60
931600 56
931700 67
931800 72
931900 71
932000 72
932100 75
932200 75
932300 79
932400 73
932500 67
932600 61
932700 66
932800 66
932900 63
933000 61
933100 64
933200 67
933300 67
933400 73
933500 66
933600 57
933700 64
933800 54
933900 54
934000 53
934100 41
934200 43
934300 53
934400 55
934500 60
934600 58
934700 58
934800 61
934900 64
935000 69
935100 70
935200 66
935300 62
935400 63
935500 63
935600 67
935700 58
935800 62
935900 57
936000 64
936100 66
936200 61
936300 66
936400 55
936500 65
936600 59
936700 58
936800 73
936900 72
937000 67
937100 73
937200 68
937300 63
937400 55
937500 50
937600 49
937700 50
937800 51
937900 53
938000 56
938100 57
938200 53
938300 60
938400 64
938500 64
938600 60
938700 58
938800 61
938900 64
939000 68
939100 66
939200 66
939300 60
939400 53
939500 55
939600 61
939700 71
939800 66
939900 78
940000 75
940100 85
940200 80
940300 81
940400 69
940500 76
940600 79
940700 76
940800 61
940900 67
941000 62
941100 62
941200 60
941300 58
941400 54
941500 48
941600 51
941700 49
941800 49
941900 51
942000 55
942100 46
942200 51
942300 49
942400 41
942500 41
942600 47
942700 43
942800 53
942900 57
943000 60
943100 66
943200 66
943300 63
943400 60
943500 55
943600 58
943700 60
943800 56
943900 54
944000 49
944100 53
944200 58
944300 64
944400 56
944500 53
944600 52
944700 49
944800 56
944900 56
945000 54
945100 59
945200 63
945300 59
945400 66
945500 65
945600 66
945700 70
945800 66
945900 70
946000 67
946100 73
946200 70
946300 69
946400 70
946500 66
946600 65
946700 57
946800 58
946900 57
947000 54
947100 39
947200 53
947300 54
947400 58
947500 63
947600 70
947700 76
947800 76
947900 72
948000 66
948100 64
948200 57
948300 52
948400 50
948500 62
948600 59
948700 65
948800 70
948900 66
949000 65
949100 58
949200 66
949300 61
949400 65
949500 62
949600 55
949700 60
949800 62
949900 58
950000 54
950100 61
950200 64
950300 61
950400 70
950500 63
950600 69
950700 75
950800 80
950900 79
951000 75
951100 82
951200 71
951300 77
951400 70
951500 71
951600 73
951700 68
951800 71
951900 70
952000 70
952100 72
952200 79
952300 79
952400 87
952500 86
952600 88
952700 87
952800 81
952900 86
953000 81
953100 81
953200 82
953300 73
953400 83
953500 82
953600 89
953700 76
953800 77
953900 71
954000 59
954100 64
954200 70
954300 76
954400 70
954500 59
954600 58
954700 57
954800 55
954900 55
955000 48
955100 56
955200 53
955300 54
955400 55
955500 50
955600 45
955700 40
955800 46
955900 49
956000 48
956100 47
956200 55
956300 58
956400 59
956500 62
956600 71
956700 68
956800 71
956900 67
957000 68
957100 73
957200 70
957300 65
957400 69
957500 55
957600 70
957700 69
957800 73
957900 65
958000 74
958100 67
958200 76
958300 71
958400 70
958500 67
958600 66
958700 65
958800 69
958900 62
959000 64
959100 64
959200 61
959300 61
959400 61
959500 61
959600 68
959700 70
959800 69
959900 62
960000 69
960100 70
960200 71
960300 73
960400 72
960500 72
960600 69
960700 75
960800 73
960900 74
961000 71
961100 72
961200 70
961300 68
961400 74
961500 77
961600 61
961700 72
961800 74
961900 74
962000 76
962100 74
962200 79
962300 84
962400 86
962500 78
962600 77
962700 83
962800 88
962900 94
963000 97
963100 92
963200 96
963300 102
963400 103
963500 98
963600 90
963700 77
963800 75
963900 73
964000 76
964100 67
964200 69
964300 59
964400 58
964500 58
964600 68
964700 66
964800 64
964900 56
965000 63
965100 62
965200 65
965300 65
965400 67
965500 69
965600 66
965700 81
965800 82
965900 71
966000 75
966100 80
966200 76
966300 70
966400 78
966500 78
966600 79
966700 81
966800 77
966900 72
967000 71
967100 69
967200 69
967300 70
967400 72
967500 80
967600 77
967700 77
967800 80
967900 65
968000 64
968100 61
968200 52
968300 56
968400 63
968500 59
968600 57
968700 59
968800 60
968900 61
969000 56
969100 57
969200 59
969300 65
969400 68
969500 68
969600 67
969700 67
969800 71
969900 67
970000 61
970100 71
970200 76
970300 83
970400 76
970500 82
970600 75
970700 75
970800 75
970900 81
971000 71
971100 76
971200 78
971300 80
971400 83
971500 78
971600 70
971700 71
971800 73
971900 77
972000 73
972100 75
972200 74
972300 70
972400 70
972500 73
972600 77
972700 88
972800 84
972900 84
973000 78
973100 80
973200 82
973300 91
973400 91
973500 93
973600 89
973700 82
973800 80
973900 85
974000 78
974100 81
974200 73
974300 73
974400 72
974500 65
974600 66
974700 63
974800 59
974900 62
975000 67
975100 68
975200 75
975300 72
975400 69
975500 65
975600 66
975700 76
975800 64
975900 64
976000 61
976100 50
976200 58
976300 58
976400 61
976500 66
976600 66
976700 69
976800 67
976900 61
977000 66
977100 68
977200 55
977300 56
977400 56
977500 53
977600 59
977700 56
977800 55
977900 51
978000 49
978100 56
978200 64
978300 60
978400 68
978500 71
978600 68
978700 63
978800 64
978900 62
979000 65
979100 55
979200 58
979300 60
979400 67
979500 69
979600 66
979700 75
979800 72
979900 73
980000 74
980100 74
980200 82
980300 85
980400 84
980500 82
980600 85
980700 86
980800 87
980900 86
981000 85
981100 84
981200 85
981300 93
981400 92
981500 91
981600 82
981700 82
981800 80
981900 80
982000 76
982100 75
982200 78
982300 71
982400 66
982500 71
982600 66
982700 63
982800 63
982900 67
983000 65
983100 65
983200 67
983300 72
983400 57
983500 63
983600 57
983700 61
983800 64
983900 69
984000 68
984100 68
984200 72
984300 66
984400 74
984500 70
984600 79
984700 78
984800 82
984900 85
985000 77
985100 78
985200 73
985300 65
985400 55
985500 60
985600 67
985700 64
985800 63
985900 60
986000 60
986100 67
986200 70
986300 56
986400 50
986500 55
986600 58
986700 54
986800 63
986900 59
987000 67
987100 73
987200 70
987300 69
987400 60
987500 59
987600 53
987700 52
987800 52
987900 53
988000 46
988100 45
988200 40
988300 42
988400 43
988500 46
988600 45
988700 44
988800 34
988900 42
989000 43
989100 41
989200 40
989300 32
989400 45
989500 41
989600 39
989700 49
989800 45
989900 49
990000 53
990100 59
990200 59
990300 61
990400 60
990500 56
990600 60
990700 60
990800 56
990900 52
991000 47
991100 51
991200 59
991300 60
991400 67
991500 59
991600 61
991700 70
991800 66
991900 61
992000 59
992100 56
992200 59
992300 54
992400 43
992500 55
992600 60
992700 66
992800 70
992900 67
993000 55
993100 59
993200 60
993300 61
993400 61
993500 54
993600 62
993700 54
993800 47
993900 52
994000 47
994100 50
994200 53
994300 49
994400 56
994500 55
994600 63
994700 58
994800 62
994900 54
995000 60
995100 55
995200 56
995300 61
995400 67
995500 64
995600 58
995700 67
995800 63
995900 57
996000 50
996100 55
996200 49
996300 52
996400 45
996500 52
996600 62
996700 75
996800 69
996900 73
997000 76
997100 83
997200 87
997300 86
997400 82
997500 82
997600 80
997700 83
997800 80
997900 80
998000 87
998100 87
998200 86
998300 85
998400 83
998500 80
998600 83
998700 84
998800 81
998900 81
999000 88
999100 95
999200 94
999300 91
999400 90
999500 96
999600 95
999700 99
999800 102
999900 103
1000000 102
1000100 101
1000200 98
1000300 86
1000400 83
1000500 87
1000600 82
1000700 78
1000800 84
1000900 86
1001000 80
1001100 84
1001200 88
1001300 91
1001400 90
1001500 87
1001600 83
1001700 78
1001800 72
1001900 71
1002000 75
