0.000000000000000000e+00 0.000000000000000000e+00
1.000000000000000000e+00 2.142544005313848994e-04
2.000000000000000000e+00 0.000000000000000000e+00
3.000000000000000000e+00 2.142544005313848994e-04
4.000000000000000000e+00 2.142544005313848994e-04
5.000000000000000000e+00 0.000000000000000000e+00
6.000000000000000000e+00 0.000000000000000000e+00
7.000000000000000000e+00 0.000000000000000000e+00
8.000000000000000000e+00 0.000000000000000000e+00
9.000000000000000000e+00 0.000000000000000000e+00
1.000000000000000000e+01 2.142544005313848994e-04
1.100000000000000000e+01 0.000000000000000000e+00
1.200000000000000000e+01 0.000000000000000000e+00
1.300000000000000000e+01 2.142544005313848994e-04
1.400000000000000000e+01 2.142544005313848994e-04
1.500000000000000000e+01 0.000000000000000000e+00
1.600000000000000000e+01 0.000000000000000000e+00
1.700000000000000000e+01 0.000000000000000000e+00
1.800000000000000000e+01 0.000000000000000000e+00
1.900000000000000000e+01 0.000000000000000000e+00
2.000000000000000000e+01 0.000000000000000000e+00
2.100000000000000000e+01 2.142544005313849319e-03
2.200000000000000000e+01 2.999561607439388700e-03
2.300000000000000000e+01 6.641886416472932153e-03
2.400000000000000000e+01 7.284649618067086906e-03
2.500000000000000000e+01 1.071272002656924530e-02
2.600000000000000000e+01 1.649758884091663894e-02
2.700000000000000000e+01 2.271096645632679836e-02
2.800000000000000000e+01 3.020987047492527597e-02
2.900000000000000000e+01 4.327938890733975391e-02
3.000000000000000000e+01 5.763443374294253269e-02
3.100000000000000000e+01 8.741579541680503940e-02
3.200000000000000000e+01 9.662873463965458709e-02
3.300000000000000000e+01 1.009138226502823005e-01
3.400000000000000000e+01 1.030563666555961433e-01
3.500000000000000000e+01 1.034848754566589230e-01
3.600000000000000000e+01 1.045561474593158513e-01
3.700000000000000000e+01 1.060559282630355316e-01
3.800000000000000000e+01 1.079842178678179776e-01
3.900000000000000000e+01 1.094839986715376579e-01
4.000000000000000000e+01 1.103410162736632311e-01
4.100000000000000000e+01 1.105552706741946140e-01
4.200000000000000000e+01 1.109837794752573936e-01
4.300000000000000000e+01 1.111980338757887765e-01
4.400000000000000000e+01 1.111980338757887765e-01
4.500000000000000000e+01 1.116265426768515423e-01
4.600000000000000000e+01 1.116265426768515423e-01
4.700000000000000000e+01 1.120550514779142942e-01
4.800000000000000000e+01 1.122693058784457049e-01
4.900000000000000000e+01 1.122693058784457049e-01
5.000000000000000000e+01 1.131263234805712503e-01
5.100000000000000000e+01 1.133405778811026193e-01
5.200000000000000000e+01 1.139833410826967541e-01
5.300000000000000000e+01 1.141975954832281648e-01
5.400000000000000000e+01 1.146261042842909028e-01
5.500000000000000000e+01 1.152688674858850654e-01
5.600000000000000000e+01 1.152688674858850654e-01
5.700000000000000000e+01 1.152688674858850654e-01
5.800000000000000000e+01 1.156973762869478589e-01
5.900000000000000000e+01 1.154831218864164760e-01
6.000000000000000000e+01 1.152688674858850654e-01
6.100000000000000000e+01 1.152688674858850654e-01
6.200000000000000000e+01 1.152688674858850654e-01
6.300000000000000000e+01 1.154831218864164760e-01
6.400000000000000000e+01 1.152688674858850654e-01
6.500000000000000000e+01 1.154831218864164760e-01
6.600000000000000000e+01 1.152688674858850654e-01
6.700000000000000000e+01 1.159116306874792279e-01
6.800000000000000000e+01 1.161258850880106386e-01
6.900000000000000000e+01 1.167686482896047873e-01
7.000000000000000000e+01 1.167686482896047873e-01
7.100000000000000000e+01 1.165543938890733905e-01
7.200000000000000000e+01 1.167686482896047873e-01
7.300000000000000000e+01 1.171971570906675392e-01
7.400000000000000000e+01 1.169829026901361840e-01
7.500000000000000000e+01 1.169829026901361840e-01
7.600000000000000000e+01 1.167686482896047873e-01
7.700000000000000000e+01 1.169829026901361840e-01
7.800000000000000000e+01 1.169829026901361840e-01
7.900000000000000000e+01 1.165543938890733905e-01
8.000000000000000000e+01 1.167686482896047873e-01
8.100000000000000000e+01 1.171971570906675392e-01
8.200000000000000000e+01 1.165543938890733905e-01
8.300000000000000000e+01 1.163401394885420215e-01
8.400000000000000000e+01 1.169829026901361840e-01
8.500000000000000000e+01 1.169829026901361840e-01
8.600000000000000000e+01 1.165543938890733905e-01
8.700000000000000000e+01 1.169829026901361840e-01
8.800000000000000000e+01 1.169829026901361840e-01
8.900000000000000000e+01 1.174114114911989498e-01
9.000000000000000000e+01 1.174114114911989498e-01
9.100000000000000000e+01 1.174114114911989498e-01
9.200000000000000000e+01 1.171971570906675392e-01
9.300000000000000000e+01 1.169829026901361840e-01
9.400000000000000000e+01 1.171971570906675392e-01
9.500000000000000000e+01 1.169829026901361840e-01
9.600000000000000000e+01 1.167686482896047873e-01
9.700000000000000000e+01 1.169829026901361840e-01
9.800000000000000000e+01 1.171971570906675392e-01
9.900000000000000000e+01 1.174114114911989498e-01
1.000000000000000000e+02 1.178399202922616740e-01
1.010000000000000000e+02 1.178399202922616740e-01
1.020000000000000000e+02 1.180541746927930846e-01
1.030000000000000000e+02 1.182684290933244675e-01
1.040000000000000000e+02 1.186969378943872472e-01
1.050000000000000000e+02 1.191254466954499991e-01
1.060000000000000000e+02 1.191254466954499991e-01
1.070000000000000000e+02 1.191254466954499991e-01
1.080000000000000000e+02 1.193397010959814097e-01
1.090000000000000000e+02 1.193397010959814097e-01
1.100000000000000000e+02 1.193397010959814097e-01
1.110000000000000000e+02 1.193397010959814097e-01
1.120000000000000000e+02 1.193397010959814097e-01
1.130000000000000000e+02 1.193397010959814097e-01
1.140000000000000000e+02 1.193397010959814097e-01
1.150000000000000000e+02 1.191254466954499991e-01
1.160000000000000000e+02 1.189111922949186301e-01
1.170000000000000000e+02 1.189111922949186301e-01
1.180000000000000000e+02 1.193397010959814097e-01
1.190000000000000000e+02 1.191254466954499991e-01
1.200000000000000000e+02 1.191254466954499991e-01
1.210000000000000000e+02 1.193397010959814097e-01
1.220000000000000000e+02 1.193397010959814097e-01
1.230000000000000000e+02 1.195539554965127926e-01
1.240000000000000000e+02 1.195539554965127926e-01
1.250000000000000000e+02 1.195539554965127926e-01
1.260000000000000000e+02 1.197682098970441478e-01
1.270000000000000000e+02 1.199824642975755584e-01
1.280000000000000000e+02 1.201967186981069552e-01
1.290000000000000000e+02 1.201967186981069552e-01
1.300000000000000000e+02 1.201967186981069552e-01
1.310000000000000000e+02 1.199824642975755584e-01
1.320000000000000000e+02 1.201967186981069552e-01
1.330000000000000000e+02 1.206252274991697210e-01
1.340000000000000000e+02 1.201967186981069552e-01
1.350000000000000000e+02 1.204109730986383103e-01
1.360000000000000000e+02 1.201967186981069552e-01
1.370000000000000000e+02 1.201967186981069552e-01
1.380000000000000000e+02 1.201967186981069552e-01
1.390000000000000000e+02 1.201967186981069552e-01
1.400000000000000000e+02 1.201967186981069552e-01
1.410000000000000000e+02 1.204109730986383103e-01
1.420000000000000000e+02 1.208394818997011039e-01
1.430000000000000000e+02 1.206252274991697210e-01
1.440000000000000000e+02 1.208394818997011039e-01
1.450000000000000000e+02 1.204109730986383103e-01
1.460000000000000000e+02 1.204109730986383103e-01
1.470000000000000000e+02 1.210537363002324729e-01
1.480000000000000000e+02 1.210537363002324729e-01
1.490000000000000000e+02 1.210537363002324729e-01
1.500000000000000000e+02 1.210537363002324729e-01
1.510000000000000000e+02 1.210537363002324729e-01
1.520000000000000000e+02 1.212679907007638558e-01
1.530000000000000000e+02 1.212679907007638558e-01
1.540000000000000000e+02 1.210537363002324729e-01
1.550000000000000000e+02 1.210537363002324729e-01
1.560000000000000000e+02 1.210537363002324729e-01
1.570000000000000000e+02 1.210537363002324729e-01
1.580000000000000000e+02 1.210537363002324729e-01
1.590000000000000000e+02 1.210537363002324729e-01
1.600000000000000000e+02 1.212679907007638558e-01
1.610000000000000000e+02 1.212679907007638558e-01
1.620000000000000000e+02 1.212679907007638558e-01
1.630000000000000000e+02 1.210537363002324729e-01
1.640000000000000000e+02 1.212679907007638558e-01
1.650000000000000000e+02 1.212679907007638558e-01
1.660000000000000000e+02 1.214822451012952664e-01
1.670000000000000000e+02 1.214822451012952664e-01
1.680000000000000000e+02 1.214822451012952664e-01
1.690000000000000000e+02 1.212679907007638558e-01
1.700000000000000000e+02 1.214822451012952664e-01
1.710000000000000000e+02 1.212679907007638558e-01
1.720000000000000000e+02 1.214822451012952664e-01
1.730000000000000000e+02 1.212679907007638558e-01
1.740000000000000000e+02 1.212679907007638558e-01
1.750000000000000000e+02 1.214822451012952664e-01
1.760000000000000000e+02 1.214822451012952664e-01
1.770000000000000000e+02 1.214822451012952664e-01
1.780000000000000000e+02 1.214822451012952664e-01
1.790000000000000000e+02 1.219107539023580183e-01
1.800000000000000000e+02 1.223392627034207703e-01
1.810000000000000000e+02 1.223392627034207703e-01
1.820000000000000000e+02 1.219107539023580183e-01
1.830000000000000000e+02 1.221250083028894290e-01
1.840000000000000000e+02 1.219107539023580183e-01
1.850000000000000000e+02 1.216964995018266354e-01
1.860000000000000000e+02 1.216964995018266354e-01
1.870000000000000000e+02 1.219107539023580183e-01
1.880000000000000000e+02 1.219107539023580183e-01
1.890000000000000000e+02 1.219107539023580183e-01
1.900000000000000000e+02 1.216964995018266354e-01
1.910000000000000000e+02 1.216964995018266354e-01
1.920000000000000000e+02 1.221250083028894290e-01
1.930000000000000000e+02 1.219107539023580183e-01
1.940000000000000000e+02 1.219107539023580183e-01
1.950000000000000000e+02 1.219107539023580183e-01
1.960000000000000000e+02 1.219107539023580183e-01
1.970000000000000000e+02 1.219107539023580183e-01
1.980000000000000000e+02 1.221250083028894290e-01
1.990000000000000000e+02 1.221250083028894290e-01
2.000000000000000000e+02 1.221250083028894290e-01
2.010000000000000000e+02 1.221250083028894290e-01
2.020000000000000000e+02 1.221250083028894290e-01
2.030000000000000000e+02 1.221250083028894290e-01
2.040000000000000000e+02 1.223392627034207703e-01
2.050000000000000000e+02 1.223392627034207703e-01
2.060000000000000000e+02 1.229820259050149189e-01
2.070000000000000000e+02 1.229820259050149189e-01
2.080000000000000000e+02 1.231962803055463157e-01
2.090000000000000000e+02 1.231962803055463157e-01
2.100000000000000000e+02 1.234105347060776986e-01
2.110000000000000000e+02 1.234105347060776986e-01
2.120000000000000000e+02 1.236247891066090815e-01
2.130000000000000000e+02 1.234105347060776986e-01
2.140000000000000000e+02 1.234105347060776986e-01
2.150000000000000000e+02 1.234105347060776986e-01
2.160000000000000000e+02 1.234105347060776986e-01
2.170000000000000000e+02 1.234105347060776986e-01
2.180000000000000000e+02 1.234105347060776986e-01
2.190000000000000000e+02 1.234105347060776986e-01
2.200000000000000000e+02 1.234105347060776986e-01
2.210000000000000000e+02 1.236247891066090815e-01
2.220000000000000000e+02 1.236247891066090815e-01
2.230000000000000000e+02 1.236247891066090815e-01
2.240000000000000000e+02 1.238390435071404644e-01
2.250000000000000000e+02 1.236247891066090815e-01
2.260000000000000000e+02 1.236247891066090815e-01
2.270000000000000000e+02 1.234105347060776986e-01
2.280000000000000000e+02 1.234105347060776986e-01
2.290000000000000000e+02 1.234105347060776986e-01
2.300000000000000000e+02 1.229820259050149189e-01
2.310000000000000000e+02 1.234105347060776986e-01
2.320000000000000000e+02 1.236247891066090815e-01
2.330000000000000000e+02 1.236247891066090815e-01
2.340000000000000000e+02 1.238390435071404644e-01
2.350000000000000000e+02 1.236247891066090815e-01
2.360000000000000000e+02 1.236247891066090815e-01
2.370000000000000000e+02 1.238390435071404644e-01
2.380000000000000000e+02 1.238390435071404644e-01
2.390000000000000000e+02 1.238390435071404644e-01
2.400000000000000000e+02 1.238390435071404644e-01
2.410000000000000000e+02 1.240532979076718612e-01
2.420000000000000000e+02 1.242675523082032440e-01
2.430000000000000000e+02 1.242675523082032440e-01
2.440000000000000000e+02 1.242675523082032440e-01
2.450000000000000000e+02 1.242675523082032440e-01
2.460000000000000000e+02 1.240532979076718612e-01
2.470000000000000000e+02 1.240532979076718612e-01
2.480000000000000000e+02 1.240532979076718612e-01
2.490000000000000000e+02 1.240532979076718612e-01
2.500000000000000000e+02 1.240532979076718612e-01
