# Time-averaged data for fix myat2
# TimeStep v_density
3000 0.0344307
4000 0.0550891
5000 0.0711568
6000 0.0906676
7000 0.111326
8000 0.126246
9000 0.143461
10000 0.154938
11000 0.16412
12000 0.171006
13000 0.17904
14000 0.192812
15000 0.195107
16000 0.19855
17000 0.201994
18000 0.210027
19000 0.214618
20000 0.220357
21000 0.2238
22000 0.229538
23000 0.231834
24000 0.235277
25000 0.237572
26000 0.239867
27000 0.239867
28000 0.242163
29000 0.247901
30000 0.249049
31000 0.251344
32000 0.25364
33000 0.255935
34000 0.259378
35000 0.259378
36000 0.260526
37000 0.262821
38000 0.266264
39000 0.26856
40000 0.269707
41000 0.272003
42000 0.27315
43000 0.27315
44000 0.27315
45000 0.274298
46000 0.275446
47000 0.277741
48000 0.280037
49000 0.280037
50000 0.281184
51000 0.285775
52000 0.286923
53000 0.289218
54000 0.290366
55000 0.290366
56000 0.291513
57000 0.291513
58000 0.291513
59000 0.291513
60000 0.292661
61000 0.292661
62000 0.293809
63000 0.293809
64000 0.293809
65000 0.293809
66000 0.293809
67000 0.293809
68000 0.293809
69000 0.296104
70000 0.297252
71000 0.299547
72000 0.299547
73000 0.299547
74000 0.299547
75000 0.299547
76000 0.300695
77000 0.300695
78000 0.30299
79000 0.305286
80000 0.305286
81000 0.305286
82000 0.305286
83000 0.305286
84000 0.305286
85000 0.305286
86000 0.306433
87000 0.306433
88000 0.306433
89000 0.307581
90000 0.308729
91000 0.309876
92000 0.309876
93000 0.309876
94000 0.309876
95000 0.309876
96000 0.309876
97000 0.309876
98000 0.309876
99000 0.309876
100000 0.309876
101000 0.309876
102000 0.309876
103000 0.311024
104000 0.311024
105000 0.31332
106000 0.31332
107000 0.31332
108000 0.31332
109000 0.314467
110000 0.314467
111000 0.314467
112000 0.314467
113000 0.316763
114000 0.316763
115000 0.316763
116000 0.316763
117000 0.31791
118000 0.31791
119000 0.31791
120000 0.31791
121000 0.31791
122000 0.31791
123000 0.31791
124000 0.31791
125000 0.31791
126000 0.31791
127000 0.31791
128000 0.31791
129000 0.319058
130000 0.320206
131000 0.320206
132000 0.320206
133000 0.320206
134000 0.320206
135000 0.320206
136000 0.320206
137000 0.320206
138000 0.320206
139000 0.320206
140000 0.320206
141000 0.320206
142000 0.320206
143000 0.320206
144000 0.320206
145000 0.321353
146000 0.322501
147000 0.322501
148000 0.322501
149000 0.322501
150000 0.322501
151000 0.322501
152000 0.323649
153000 0.323649
154000 0.323649
155000 0.323649
156000 0.323649
157000 0.323649
158000 0.323649
159000 0.324796
160000 0.324796
161000 0.324796
162000 0.324796
163000 0.324796
164000 0.324796
165000 0.324796
166000 0.324796
167000 0.325944
168000 0.325944
169000 0.325944
170000 0.325944
171000 0.325944
172000 0.325944
173000 0.325944
174000 0.325944
175000 0.325944
176000 0.327092
177000 0.327092
178000 0.327092
179000 0.327092
180000 0.327092
181000 0.327092
182000 0.32824
183000 0.32824
184000 0.32824
185000 0.329387
186000 0.330535
187000 0.330535
188000 0.330535
189000 0.330535
190000 0.330535
191000 0.330535
192000 0.331683
193000 0.33283
194000 0.33283
195000 0.33283
196000 0.33283
197000 0.33283
198000 0.33283
199000 0.33283
200000 0.33283
201000 0.33283
202000 0.33283
203000 0.33283
204000 0.33283
205000 0.33283
206000 0.333978
207000 0.333978
208000 0.333978
209000 0.333978
210000 0.333978
211000 0.333978
212000 0.333978
213000 0.333978
214000 0.333978
215000 0.333978
216000 0.335126
217000 0.335126
218000 0.335126
219000 0.335126
220000 0.335126
221000 0.335126
222000 0.335126
223000 0.335126
224000 0.335126
225000 0.335126
226000 0.335126
227000 0.335126
228000 0.335126
229000 0.335126
230000 0.335126
231000 0.335126
232000 0.336273
233000 0.336273
234000 0.336273
235000 0.336273
236000 0.336273
237000 0.336273
238000 0.336273
239000 0.336273
240000 0.336273
241000 0.336273
242000 0.336273
243000 0.336273
244000 0.336273
245000 0.336273
246000 0.336273
247000 0.336273
248000 0.336273
249000 0.336273
250000 0.336273
251000 0.336273
252000 0.336273
253000 0.336273
254000 0.336273
255000 0.336273
256000 0.336273
257000 0.336273
258000 0.336273
259000 0.336273
260000 0.336273
261000 0.336273
262000 0.336273
263000 0.336273
264000 0.336273
265000 0.336273
266000 0.336273
267000 0.336273
268000 0.336273
269000 0.336273
270000 0.336273
271000 0.336273
272000 0.336273
273000 0.336273
274000 0.336273
275000 0.336273
276000 0.336273
277000 0.336273
278000 0.336273
279000 0.336273
280000 0.336273
281000 0.336273
282000 0.336273
283000 0.336273
284000 0.336273
285000 0.336273
286000 0.336273
287000 0.336273
288000 0.336273
289000 0.336273
290000 0.336273
291000 0.336273
292000 0.336273
293000 0.336273
294000 0.336273
295000 0.336273
296000 0.336273
297000 0.336273
298000 0.336273
299000 0.337421
300000 0.337421
301000 0.337421
302000 0.337421
303000 0.337421
304000 0.337421
305000 0.337421
306000 0.337421
307000 0.337421
308000 0.337421
309000 0.337421
310000 0.337421
311000 0.337421
312000 0.337421
313000 0.337421
314000 0.337421
315000 0.337421
316000 0.337421
317000 0.337421
318000 0.337421
319000 0.337421
320000 0.337421
321000 0.337421
322000 0.337421
323000 0.337421
324000 0.337421
325000 0.337421
326000 0.337421
327000 0.337421
328000 0.337421
329000 0.337421
330000 0.337421
331000 0.337421
332000 0.337421
333000 0.337421
334000 0.337421
335000 0.337421
336000 0.337421
337000 0.337421
338000 0.337421
339000 0.337421
340000 0.337421
341000 0.337421
342000 0.337421
343000 0.337421
344000 0.337421
345000 0.337421
346000 0.337421
347000 0.337421
348000 0.337421
349000 0.337421
350000 0.337421
351000 0.337421
352000 0.337421
353000 0.338569
354000 0.338569
355000 0.338569
356000 0.338569
357000 0.338569
358000 0.338569
359000 0.338569
360000 0.338569
361000 0.338569
362000 0.338569
363000 0.338569
364000 0.338569
365000 0.338569
366000 0.338569
367000 0.338569
368000 0.338569
369000 0.338569
370000 0.338569
371000 0.338569
372000 0.338569
373000 0.338569
374000 0.338569
375000 0.338569
376000 0.338569
377000 0.338569
378000 0.338569
379000 0.338569
380000 0.338569
381000 0.338569
382000 0.338569
383000 0.338569
384000 0.338569
385000 0.338569
386000 0.338569
387000 0.338569
388000 0.338569
389000 0.338569
390000 0.338569
391000 0.338569
392000 0.338569
393000 0.338569
394000 0.338569
395000 0.338569
396000 0.338569
397000 0.338569
398000 0.338569
399000 0.338569
400000 0.338569
401000 0.338569
402000 0.338569
403000 0.338569
404000 0.338569
405000 0.338569
406000 0.338569
407000 0.338569
408000 0.338569
409000 0.338569
410000 0.338569
411000 0.338569
412000 0.338569
413000 0.338569
414000 0.339716
415000 0.339716
416000 0.339716
417000 0.339716
418000 0.339716
419000 0.339716
420000 0.339716
421000 0.339716
422000 0.339716
423000 0.339716
424000 0.339716
425000 0.339716
426000 0.339716
427000 0.339716
428000 0.339716
429000 0.339716
430000 0.339716
431000 0.339716
432000 0.339716
433000 0.339716
434000 0.339716
435000 0.339716
436000 0.339716
437000 0.339716
438000 0.339716
439000 0.339716
440000 0.339716
441000 0.339716
442000 0.340864
443000 0.340864
444000 0.340864
445000 0.340864
446000 0.340864
447000 0.340864
448000 0.342012
449000 0.342012
450000 0.342012
451000 0.342012
452000 0.342012
453000 0.342012
454000 0.342012
455000 0.342012
456000 0.342012
457000 0.342012
458000 0.343159
459000 0.343159
460000 0.343159
461000 0.343159
462000 0.343159
463000 0.343159
464000 0.343159
465000 0.343159
466000 0.343159
467000 0.343159
468000 0.343159
469000 0.343159
470000 0.344307
471000 0.344307
472000 0.344307
473000 0.344307
474000 0.344307
475000 0.344307
476000 0.344307
477000 0.344307
478000 0.345455
479000 0.345455
480000 0.345455
481000 0.345455
482000 0.345455
483000 0.345455
484000 0.345455
485000 0.345455
486000 0.345455
487000 0.345455
488000 0.345455
489000 0.345455
490000 0.345455
491000 0.345455
492000 0.345455
493000 0.345455
494000 0.345455
495000 0.345455
496000 0.345455
497000 0.345455
498000 0.345455
499000 0.345455
500000 0.345455
501000 0.345455
502000 0.345455
503000 0.345455
504000 0.345455
505000 0.345455
506000 0.345455
507000 0.345455
508000 0.345455
509000 0.345455
510000 0.345455
511000 0.345455
512000 0.345455
513000 0.345455
514000 0.345455
515000 0.345455
516000 0.345455
517000 0.345455
518000 0.345455
519000 0.345455
520000 0.346603
521000 0.346603
522000 0.346603
523000 0.346603
524000 0.346603
525000 0.346603
526000 0.346603
527000 0.346603
528000 0.346603
529000 0.346603
530000 0.346603
531000 0.34775
532000 0.34775
533000 0.34775
534000 0.34775
535000 0.34775
536000 0.34775
537000 0.34775
538000 0.34775
539000 0.34775
540000 0.34775
541000 0.34775
542000 0.34775
543000 0.34775
544000 0.34775
545000 0.34775
546000 0.34775
547000 0.34775
548000 0.34775
549000 0.34775
550000 0.34775
551000 0.34775
552000 0.34775
553000 0.34775
554000 0.34775
555000 0.34775
556000 0.34775
557000 0.34775
558000 0.34775
559000 0.34775
560000 0.34775
561000 0.34775
562000 0.34775
563000 0.34775
564000 0.34775
565000 0.34775
566000 0.34775
567000 0.34775
568000 0.34775
569000 0.34775
570000 0.34775
571000 0.34775
572000 0.34775
573000 0.34775
574000 0.34775
575000 0.34775
576000 0.34775
577000 0.34775
578000 0.34775
579000 0.34775
580000 0.34775
581000 0.34775
582000 0.34775
583000 0.34775
584000 0.34775
585000 0.34775
586000 0.34775
587000 0.34775
588000 0.34775
589000 0.34775
590000 0.34775
591000 0.34775
592000 0.34775
593000 0.34775
594000 0.34775
595000 0.34775
596000 0.34775
597000 0.34775
598000 0.34775
599000 0.34775
600000 0.34775
601000 0.34775
602000 0.34775
603000 0.34775
604000 0.34775
605000 0.34775
606000 0.34775
607000 0.34775
608000 0.34775
609000 0.348898
610000 0.348898
611000 0.348898
612000 0.348898
613000 0.348898
614000 0.348898
615000 0.348898
616000 0.348898
617000 0.348898
618000 0.348898
619000 0.348898
620000 0.348898
621000 0.348898
622000 0.348898
623000 0.348898
624000 0.348898
625000 0.350046
626000 0.350046
627000 0.350046
628000 0.350046
629000 0.350046
630000 0.350046
631000 0.350046
632000 0.350046
633000 0.351193
634000 0.351193
635000 0.351193
636000 0.351193
637000 0.351193
638000 0.351193
639000 0.351193
640000 0.351193
641000 0.351193
642000 0.351193
643000 0.351193
644000 0.351193
645000 0.351193
646000 0.351193
647000 0.351193
648000 0.351193
649000 0.351193
650000 0.351193
651000 0.351193
652000 0.351193
653000 0.351193
654000 0.351193
655000 0.351193
656000 0.351193
657000 0.351193
658000 0.351193
659000 0.351193
660000 0.351193
661000 0.351193
662000 0.351193
663000 0.351193
664000 0.351193
665000 0.351193
666000 0.351193
667000 0.351193
668000 0.351193
669000 0.351193
670000 0.351193
671000 0.352341
672000 0.352341
673000 0.352341
674000 0.352341
675000 0.352341
676000 0.352341
677000 0.352341
678000 0.352341
679000 0.352341
680000 0.352341
681000 0.352341
682000 0.352341
683000 0.352341
684000 0.352341
685000 0.352341
686000 0.352341
687000 0.352341
688000 0.352341
689000 0.352341
690000 0.352341
691000 0.352341
692000 0.352341
693000 0.352341
694000 0.352341
695000 0.352341
696000 0.353489
697000 0.353489
698000 0.353489
699000 0.353489
700000 0.353489
701000 0.353489
702000 0.353489
703000 0.353489
704000 0.353489
705000 0.353489
706000 0.353489
707000 0.353489
708000 0.353489
709000 0.353489
710000 0.353489
711000 0.353489
712000 0.353489
713000 0.353489
714000 0.353489
715000 0.353489
716000 0.353489
717000 0.353489
718000 0.353489
719000 0.353489
720000 0.353489
721000 0.353489
722000 0.353489
723000 0.353489
724000 0.353489
725000 0.353489
726000 0.353489
727000 0.353489
728000 0.353489
729000 0.353489
730000 0.353489
731000 0.353489
732000 0.353489
733000 0.353489
734000 0.353489
735000 0.353489
736000 0.354636
737000 0.354636
738000 0.354636
739000 0.354636
740000 0.354636
741000 0.354636
742000 0.354636
743000 0.354636
744000 0.354636
745000 0.354636
746000 0.354636
747000 0.354636
748000 0.354636
749000 0.354636
750000 0.354636
751000 0.354636
752000 0.354636
753000 0.354636
754000 0.354636
755000 0.354636
756000 0.354636
757000 0.354636
758000 0.354636
759000 0.354636
760000 0.354636
761000 0.354636
762000 0.354636
763000 0.354636
764000 0.354636
765000 0.354636
766000 0.354636
767000 0.354636
768000 0.354636
769000 0.354636
770000 0.354636
771000 0.354636
772000 0.354636
773000 0.354636
774000 0.354636
775000 0.354636
776000 0.354636
777000 0.354636
778000 0.354636
779000 0.354636
780000 0.354636
781000 0.354636
782000 0.354636
783000 0.354636
784000 0.354636
785000 0.354636
786000 0.354636
787000 0.354636
788000 0.354636
789000 0.354636
790000 0.354636
791000 0.354636
792000 0.354636
793000 0.354636
794000 0.354636
795000 0.354636
796000 0.354636
797000 0.354636
798000 0.354636
799000 0.354636
800000 0.354636
801000 0.354636
802000 0.354636
803000 0.354636
804000 0.354636
805000 0.354636
806000 0.354636
807000 0.354636
808000 0.354636
809000 0.354636
810000 0.354636
811000 0.354636
812000 0.354636
813000 0.354636
814000 0.354636
815000 0.354636
816000 0.354636
817000 0.354636
818000 0.354636
819000 0.354636
820000 0.354636
821000 0.354636
822000 0.354636
823000 0.354636
824000 0.354636
825000 0.354636
826000 0.354636
827000 0.354636
828000 0.354636
829000 0.354636
830000 0.354636
831000 0.354636
832000 0.354636
833000 0.354636
834000 0.354636
835000 0.354636
836000 0.354636
837000 0.355784
838000 0.355784
839000 0.355784
840000 0.355784
841000 0.355784
842000 0.355784
843000 0.355784
844000 0.355784
845000 0.355784
846000 0.355784
847000 0.355784
848000 0.355784
849000 0.355784
850000 0.355784
851000 0.355784
852000 0.355784
853000 0.355784
854000 0.355784
855000 0.355784
856000 0.355784
857000 0.355784
858000 0.355784
859000 0.355784
860000 0.355784
861000 0.355784
862000 0.355784
863000 0.355784
864000 0.355784
865000 0.355784
866000 0.355784
867000 0.355784
868000 0.355784
869000 0.355784
870000 0.355784
871000 0.355784
872000 0.355784
873000 0.355784
874000 0.355784
875000 0.355784
876000 0.355784
877000 0.355784
878000 0.355784
879000 0.355784
880000 0.355784
881000 0.355784
882000 0.355784
883000 0.355784
884000 0.355784
885000 0.355784
886000 0.355784
887000 0.355784
888000 0.355784
889000 0.355784
890000 0.355784
891000 0.355784
892000 0.356932
893000 0.356932
894000 0.356932
895000 0.356932
896000 0.356932
897000 0.356932
898000 0.356932
899000 0.356932
900000 0.356932
901000 0.356932
902000 0.356932
903000 0.356932
904000 0.356932
905000 0.356932
906000 0.356932
907000 0.356932
908000 0.356932
909000 0.356932
910000 0.356932
911000 0.356932
912000 0.356932
913000 0.356932
914000 0.356932
915000 0.356932
916000 0.356932
917000 0.356932
918000 0.356932
919000 0.356932
920000 0.356932
921000 0.356932
922000 0.356932
923000 0.356932
924000 0.356932
925000 0.356932
926000 0.356932
927000 0.356932
928000 0.356932
929000 0.356932
930000 0.356932
931000 0.356932
932000 0.356932
933000 0.356932
934000 0.356932
935000 0.356932
936000 0.356932
937000 0.356932
938000 0.356932
939000 0.356932
940000 0.356932
941000 0.356932
942000 0.358079
943000 0.358079
944000 0.358079
945000 0.358079
946000 0.358079
947000 0.358079
948000 0.358079
949000 0.358079
950000 0.358079
951000 0.358079
952000 0.358079
953000 0.358079
954000 0.358079
955000 0.358079
956000 0.358079
957000 0.358079
958000 0.358079
959000 0.358079
960000 0.358079
961000 0.358079
962000 0.358079
963000 0.358079
964000 0.358079
965000 0.358079
966000 0.358079
967000 0.358079
968000 0.358079
969000 0.358079
970000 0.358079
971000 0.358079
972000 0.358079
973000 0.358079
974000 0.358079
975000 0.358079
976000 0.358079
977000 0.358079
978000 0.358079
979000 0.358079
980000 0.358079
981000 0.358079
982000 0.358079
983000 0.358079
984000 0.358079
985000 0.358079
986000 0.358079
987000 0.358079
988000 0.358079
989000 0.358079
990000 0.358079
991000 0.358079
992000 0.358079
993000 0.358079
994000 0.358079
995000 0.358079
996000 0.358079
997000 0.358079
998000 0.358079
999000 0.358079
1000000 0.358079
1001000 0.358079
1002000 0.358079
1003000 0.358079
1004000 0.358079
1005000 0.358079
1006000 0.358079
1007000 0.358079
1008000 0.358079
1009000 0.358079
1010000 0.358079
1011000 0.358079
1012000 0.358079
1013000 0.358079
1014000 0.358079
1015000 0.358079
1016000 0.358079
1017000 0.358079
1018000 0.358079
1019000 0.358079
1020000 0.358079
1021000 0.358079
1022000 0.358079
1023000 0.358079
1024000 0.358079
1025000 0.358079
1026000 0.358079
1027000 0.358079
1028000 0.358079
1029000 0.358079
1030000 0.358079
1031000 0.358079
1032000 0.358079
1033000 0.358079
1034000 0.358079
1035000 0.358079
1036000 0.358079
1037000 0.358079
1038000 0.358079
1039000 0.358079
1040000 0.358079
1041000 0.358079
1042000 0.358079
1043000 0.358079
1044000 0.358079
1045000 0.358079
1046000 0.358079
1047000 0.358079
1048000 0.358079
1049000 0.358079
1050000 0.358079
1051000 0.358079
1052000 0.358079
1053000 0.358079
1054000 0.358079
1055000 0.358079
1056000 0.358079
1057000 0.358079
1058000 0.358079
1059000 0.358079
1060000 0.358079
1061000 0.358079
1062000 0.358079
1063000 0.358079
1064000 0.358079
1065000 0.358079
1066000 0.358079
1067000 0.358079
1068000 0.358079
1069000 0.358079
1070000 0.358079
1071000 0.358079
1072000 0.358079
1073000 0.358079
1074000 0.358079
1075000 0.358079
1076000 0.358079
1077000 0.358079
1078000 0.358079
1079000 0.358079
1080000 0.358079
1081000 0.358079
1082000 0.358079
1083000 0.358079
1084000 0.358079
1085000 0.358079
1086000 0.358079
1087000 0.359227
1088000 0.359227
1089000 0.359227
1090000 0.359227
1091000 0.359227
1092000 0.359227
1093000 0.359227
1094000 0.359227
1095000 0.359227
1096000 0.359227
1097000 0.359227
1098000 0.359227
1099000 0.359227
1100000 0.359227
1101000 0.359227
1102000 0.359227
1103000 0.359227
1104000 0.359227
1105000 0.359227
1106000 0.359227
1107000 0.359227
1108000 0.359227
1109000 0.359227
1110000 0.359227
1111000 0.359227
1112000 0.359227
1113000 0.359227
1114000 0.359227
1115000 0.359227
1116000 0.359227
1117000 0.359227
1118000 0.359227
1119000 0.359227
1120000 0.359227
1121000 0.359227
1122000 0.359227
1123000 0.359227
1124000 0.359227
1125000 0.359227
1126000 0.359227
1127000 0.359227
1128000 0.359227
1129000 0.359227
1130000 0.359227
1131000 0.359227
1132000 0.359227
1133000 0.359227
1134000 0.359227
1135000 0.359227
1136000 0.359227
1137000 0.359227
1138000 0.359227
1139000 0.359227
1140000 0.359227
1141000 0.359227
1142000 0.359227
1143000 0.359227
1144000 0.359227
1145000 0.359227
1146000 0.359227
1147000 0.359227
1148000 0.359227
1149000 0.359227
1150000 0.359227
1151000 0.359227
1152000 0.359227
1153000 0.359227
1154000 0.359227
1155000 0.359227
1156000 0.359227
1157000 0.359227
1158000 0.359227
1159000 0.359227
1160000 0.359227
1161000 0.359227
1162000 0.359227
1163000 0.359227
1164000 0.359227
1165000 0.359227
1166000 0.359227
1167000 0.359227
1168000 0.359227
1169000 0.359227
1170000 0.359227
1171000 0.359227
1172000 0.359227
1173000 0.359227
1174000 0.359227
1175000 0.359227
1176000 0.359227
1177000 0.359227
1178000 0.359227
1179000 0.359227
1180000 0.359227
1181000 0.359227
1182000 0.359227
1183000 0.359227
1184000 0.359227
1185000 0.359227
1186000 0.359227
1187000 0.359227
1188000 0.359227
1189000 0.359227
1190000 0.359227
1191000 0.359227
1192000 0.359227
1193000 0.359227
1194000 0.359227
1195000 0.359227
1196000 0.359227
1197000 0.359227
1198000 0.359227
1199000 0.359227
1200000 0.359227
1201000 0.359227
1202000 0.359227
1203000 0.359227
1204000 0.359227
1205000 0.359227
1206000 0.359227
1207000 0.359227
1208000 0.359227
1209000 0.359227
1210000 0.359227
1211000 0.359227
1212000 0.359227
1213000 0.359227
1214000 0.359227
1215000 0.359227
1216000 0.359227
1217000 0.359227
1218000 0.359227
1219000 0.359227
1220000 0.359227
1221000 0.359227
1222000 0.359227
1223000 0.359227
1224000 0.359227
1225000 0.359227
1226000 0.359227
1227000 0.360375
1228000 0.360375
1229000 0.360375
1230000 0.360375
1231000 0.360375
1232000 0.360375
1233000 0.360375
1234000 0.360375
1235000 0.360375
1236000 0.360375
1237000 0.360375
1238000 0.360375
1239000 0.360375
1240000 0.360375
1241000 0.360375
1242000 0.360375
1243000 0.360375
1244000 0.360375
1245000 0.360375
1246000 0.360375
1247000 0.360375
1248000 0.360375
1249000 0.360375
1250000 0.360375
1251000 0.360375
1252000 0.360375
1253000 0.360375
1254000 0.360375
1255000 0.360375
1256000 0.360375
1257000 0.360375
1258000 0.360375
1259000 0.360375
1260000 0.360375
1261000 0.360375
1262000 0.360375
1263000 0.360375
1264000 0.360375
1265000 0.360375
1266000 0.360375
1267000 0.360375
1268000 0.360375
1269000 0.360375
1270000 0.360375
1271000 0.360375
1272000 0.360375
1273000 0.360375
1274000 0.360375
1275000 0.360375
1276000 0.360375
1277000 0.360375
1278000 0.360375
1279000 0.360375
1280000 0.360375
1281000 0.360375
1282000 0.360375
1283000 0.360375
1284000 0.360375
1285000 0.360375
1286000 0.360375
1287000 0.360375
1288000 0.360375
1289000 0.360375
1290000 0.360375
1291000 0.360375
1292000 0.360375
1293000 0.360375
1294000 0.360375
1295000 0.360375
1296000 0.360375
1297000 0.360375
1298000 0.360375
1299000 0.360375
1300000 0.360375
1301000 0.360375
1302000 0.360375
1303000 0.360375
1304000 0.360375
1305000 0.360375
1306000 0.360375
1307000 0.360375
1308000 0.360375
1309000 0.360375
1310000 0.360375
1311000 0.360375
1312000 0.360375
1313000 0.360375
1314000 0.360375
1315000 0.360375
1316000 0.360375
1317000 0.360375
1318000 0.360375
1319000 0.360375
1320000 0.360375
1321000 0.360375
1322000 0.360375
1323000 0.360375
1324000 0.360375
1325000 0.360375
1326000 0.360375
1327000 0.360375
1328000 0.360375
1329000 0.360375
1330000 0.360375
1331000 0.360375
1332000 0.360375
1333000 0.360375
1334000 0.360375
1335000 0.360375
1336000 0.360375
1337000 0.360375
1338000 0.360375
1339000 0.360375
1340000 0.361523
1341000 0.36267
1342000 0.36267
1343000 0.36267
1344000 0.36267
1345000 0.36267
1346000 0.36267
1347000 0.36267
1348000 0.36267
1349000 0.36267
1350000 0.36267
1351000 0.36267
1352000 0.36267
1353000 0.36267
1354000 0.36267
1355000 0.36267
1356000 0.36267
1357000 0.36267
1358000 0.36267
1359000 0.36267
1360000 0.36267
1361000 0.36267
1362000 0.36267
1363000 0.36267
1364000 0.36267
1365000 0.36267
1366000 0.36267
1367000 0.36267
1368000 0.36267
1369000 0.36267
1370000 0.36267
1371000 0.36267
1372000 0.36267
1373000 0.36267
1374000 0.36267
1375000 0.36267
1376000 0.36267
1377000 0.36267
1378000 0.36267
1379000 0.36267
1380000 0.36267
1381000 0.36267
1382000 0.36267
1383000 0.36267
1384000 0.36267
1385000 0.36267
1386000 0.36267
1387000 0.36267
1388000 0.36267
1389000 0.36267
1390000 0.36267
1391000 0.36267
1392000 0.36267
1393000 0.36267
1394000 0.36267
1395000 0.36267
1396000 0.36267
1397000 0.36267
1398000 0.36267
1399000 0.36267
1400000 0.36267
1401000 0.36267
1402000 0.36267
1403000 0.36267
1404000 0.36267
1405000 0.36267
1406000 0.36267
1407000 0.36267
1408000 0.36267
1409000 0.36267
1410000 0.36267
1411000 0.36267
1412000 0.36267
1413000 0.36267
1414000 0.36267
1415000 0.36267
1416000 0.36267
1417000 0.36267
1418000 0.36267
1419000 0.36267
1420000 0.36267
1421000 0.36267
1422000 0.36267
1423000 0.36267
1424000 0.36267
1425000 0.36267
1426000 0.36267
1427000 0.36267
1428000 0.36267
1429000 0.36267
1430000 0.36267
1431000 0.36267
1432000 0.36267
1433000 0.36267
1434000 0.36267
1435000 0.36267
1436000 0.36267
1437000 0.36267
1438000 0.36267
1439000 0.36267
1440000 0.36267
1441000 0.36267
1442000 0.36267
1443000 0.36267
1444000 0.36267
1445000 0.36267
1446000 0.36267
1447000 0.36267
1448000 0.36267
1449000 0.36267
1450000 0.36267
1451000 0.36267
1452000 0.36267
1453000 0.36267
1454000 0.36267
1455000 0.36267
1456000 0.36267
1457000 0.36267
1458000 0.36267
1459000 0.36267
1460000 0.36267
1461000 0.36267
1462000 0.36267
1463000 0.36267
1464000 0.36267
1465000 0.36267
1466000 0.36267
1467000 0.36267
1468000 0.36267
1469000 0.36267
1470000 0.36267
1471000 0.36267
1472000 0.36267
1473000 0.36267
1474000 0.36267
1475000 0.36267
1476000 0.36267
1477000 0.36267
1478000 0.36267
1479000 0.36267
1480000 0.36267
1481000 0.36267
1482000 0.36267
1483000 0.36267
1484000 0.36267
1485000 0.36267
1486000 0.36267
1487000 0.36267
1488000 0.36267
1489000 0.36267
1490000 0.36267
1491000 0.36267
1492000 0.36267
1493000 0.36267
1494000 0.36267
1495000 0.36267
1496000 0.36267
1497000 0.36267
1498000 0.36267
1499000 0.36267
1500000 0.36267
1501000 0.36267
1502000 0.36267
1503000 0.36267
1504000 0.36267
1505000 0.36267
1506000 0.36267
1507000 0.36267
1508000 0.36267
1509000 0.36267
1510000 0.36267
1511000 0.36267
1512000 0.36267
1513000 0.36267
1514000 0.36267
1515000 0.36267
1516000 0.36267
1517000 0.36267
1518000 0.36267
1519000 0.36267
1520000 0.36267
1521000 0.36267
1522000 0.36267
1523000 0.36267
1524000 0.36267
1525000 0.36267
1526000 0.36267
1527000 0.36267
1528000 0.36267
1529000 0.36267
1530000 0.36267
1531000 0.36267
1532000 0.36267
1533000 0.36267
1534000 0.36267
1535000 0.36267
1536000 0.36267
1537000 0.36267
1538000 0.36267
1539000 0.36267
1540000 0.36267
1541000 0.36267
1542000 0.36267
1543000 0.36267
1544000 0.36267
1545000 0.363818
1546000 0.363818
1547000 0.363818
1548000 0.363818
1549000 0.363818
1550000 0.363818
1551000 0.363818
1552000 0.363818
1553000 0.363818
1554000 0.363818
1555000 0.363818
1556000 0.363818
1557000 0.363818
1558000 0.363818
1559000 0.363818
1560000 0.363818
1561000 0.363818
1562000 0.363818
1563000 0.363818
1564000 0.363818
1565000 0.363818
1566000 0.363818
1567000 0.363818
1568000 0.363818
1569000 0.363818
1570000 0.363818
1571000 0.363818
1572000 0.363818
1573000 0.363818
1574000 0.363818
1575000 0.363818
1576000 0.363818
1577000 0.363818
1578000 0.363818
1579000 0.363818
1580000 0.363818
1581000 0.363818
1582000 0.363818
1583000 0.363818
1584000 0.363818
1585000 0.363818
1586000 0.363818
1587000 0.363818
1588000 0.363818
1589000 0.363818
1590000 0.363818
1591000 0.363818
1592000 0.363818
1593000 0.363818
1594000 0.363818
1595000 0.363818
1596000 0.363818
1597000 0.363818
1598000 0.363818
1599000 0.363818
1600000 0.363818
1601000 0.363818
1602000 0.363818
1603000 0.363818
1604000 0.363818
1605000 0.363818
1606000 0.363818
1607000 0.363818
1608000 0.363818
1609000 0.363818
1610000 0.363818
1611000 0.363818
1612000 0.363818
1613000 0.363818
1614000 0.363818
1615000 0.363818
1616000 0.363818
1617000 0.363818
1618000 0.363818
1619000 0.363818
1620000 0.363818
1621000 0.363818
1622000 0.363818
1623000 0.363818
1624000 0.363818
1625000 0.363818
1626000 0.363818
1627000 0.363818
1628000 0.363818
1629000 0.363818
1630000 0.363818
1631000 0.363818
1632000 0.363818
1633000 0.363818
1634000 0.363818
1635000 0.363818
1636000 0.364966
1637000 0.364966
1638000 0.364966
1639000 0.364966
1640000 0.364966
1641000 0.364966
1642000 0.364966
1643000 0.364966
1644000 0.364966
1645000 0.364966
1646000 0.364966
1647000 0.366113
1648000 0.366113
1649000 0.366113
1650000 0.366113
1651000 0.366113
1652000 0.366113
1653000 0.366113
1654000 0.366113
1655000 0.366113
1656000 0.366113
1657000 0.366113
1658000 0.366113
1659000 0.366113
1660000 0.366113
1661000 0.366113
1662000 0.366113
1663000 0.366113
1664000 0.366113
1665000 0.366113
1666000 0.366113
1667000 0.366113
1668000 0.366113
1669000 0.366113
1670000 0.366113
1671000 0.366113
1672000 0.366113
1673000 0.366113
1674000 0.366113
1675000 0.366113
1676000 0.366113
1677000 0.366113
1678000 0.366113
1679000 0.366113
1680000 0.366113
1681000 0.366113
1682000 0.366113
1683000 0.366113
1684000 0.366113
1685000 0.366113
1686000 0.366113
1687000 0.366113
1688000 0.366113
1689000 0.366113
1690000 0.366113
1691000 0.366113
1692000 0.366113
1693000 0.366113
1694000 0.366113
1695000 0.366113
1696000 0.366113
1697000 0.366113
1698000 0.366113
1699000 0.366113
1700000 0.366113
1701000 0.366113
1702000 0.366113
1703000 0.366113
1704000 0.366113
1705000 0.366113
1706000 0.366113
1707000 0.366113
1708000 0.366113
1709000 0.366113
1710000 0.366113
1711000 0.366113
1712000 0.366113
1713000 0.366113
1714000 0.366113
1715000 0.366113
1716000 0.366113
1717000 0.366113
1718000 0.366113
1719000 0.366113
1720000 0.366113
1721000 0.366113
1722000 0.366113
1723000 0.366113
1724000 0.366113
1725000 0.366113
1726000 0.366113
1727000 0.366113
1728000 0.366113
1729000 0.366113
1730000 0.366113
1731000 0.366113
1732000 0.366113
1733000 0.366113
1734000 0.366113
1735000 0.366113
1736000 0.366113
1737000 0.366113
1738000 0.366113
1739000 0.366113
1740000 0.366113
1741000 0.366113
1742000 0.366113
1743000 0.366113
1744000 0.366113
1745000 0.366113
1746000 0.366113
1747000 0.366113
1748000 0.366113
1749000 0.366113
1750000 0.366113
1751000 0.366113
1752000 0.366113
1753000 0.366113
1754000 0.366113
1755000 0.366113
1756000 0.366113
1757000 0.366113
1758000 0.366113
1759000 0.366113
1760000 0.366113
1761000 0.366113
1762000 0.366113
1763000 0.366113
1764000 0.366113
1765000 0.366113
1766000 0.366113
1767000 0.366113
1768000 0.366113
1769000 0.366113
1770000 0.366113
1771000 0.366113
1772000 0.366113
1773000 0.366113
1774000 0.366113
1775000 0.366113
1776000 0.366113
1777000 0.366113
1778000 0.366113
1779000 0.366113
1780000 0.366113
1781000 0.366113
1782000 0.366113
1783000 0.366113
1784000 0.366113
1785000 0.366113
1786000 0.366113
1787000 0.366113
1788000 0.366113
1789000 0.366113
1790000 0.366113
1791000 0.366113
1792000 0.366113
1793000 0.366113
1794000 0.366113
1795000 0.366113
1796000 0.366113
1797000 0.367261
1798000 0.367261
1799000 0.367261
1800000 0.367261
1801000 0.367261
1802000 0.367261
1803000 0.367261
1804000 0.367261
1805000 0.367261
1806000 0.367261
1807000 0.367261
1808000 0.367261
1809000 0.367261
1810000 0.367261
1811000 0.367261
1812000 0.367261
1813000 0.367261
1814000 0.367261
1815000 0.367261
1816000 0.367261
1817000 0.367261
1818000 0.367261
1819000 0.367261
1820000 0.367261
1821000 0.367261
1822000 0.367261
1823000 0.367261
1824000 0.367261
1825000 0.367261
1826000 0.367261
1827000 0.367261
1828000 0.367261
1829000 0.367261
1830000 0.367261
1831000 0.367261
1832000 0.367261
1833000 0.367261
1834000 0.367261
1835000 0.367261
1836000 0.367261
1837000 0.367261
1838000 0.367261
1839000 0.367261
1840000 0.367261
1841000 0.367261
1842000 0.367261
1843000 0.367261
1844000 0.367261
1845000 0.367261
1846000 0.367261
1847000 0.367261
1848000 0.367261
1849000 0.367261
1850000 0.367261
1851000 0.367261
1852000 0.367261
1853000 0.367261
1854000 0.368409
1855000 0.368409
1856000 0.368409
1857000 0.368409
1858000 0.368409
1859000 0.368409
1860000 0.368409
1861000 0.368409
1862000 0.368409
1863000 0.368409
1864000 0.368409
1865000 0.368409
1866000 0.368409
1867000 0.368409
1868000 0.368409
1869000 0.368409
1870000 0.368409
1871000 0.368409
1872000 0.368409
1873000 0.368409
1874000 0.368409
1875000 0.368409
1876000 0.368409
1877000 0.368409
1878000 0.368409
1879000 0.368409
1880000 0.368409
1881000 0.368409
1882000 0.368409
1883000 0.368409
1884000 0.368409
1885000 0.368409
1886000 0.368409
1887000 0.368409
1888000 0.368409
1889000 0.368409
1890000 0.368409
1891000 0.368409
1892000 0.368409
1893000 0.368409
1894000 0.368409
1895000 0.368409
1896000 0.368409
1897000 0.368409
1898000 0.368409
1899000 0.368409
1900000 0.368409
1901000 0.368409
1902000 0.368409
1903000 0.368409
1904000 0.368409
1905000 0.368409
1906000 0.368409
1907000 0.368409
1908000 0.368409
1909000 0.368409
1910000 0.368409
1911000 0.368409
1912000 0.368409
1913000 0.368409
1914000 0.368409
1915000 0.368409
1916000 0.368409
1917000 0.368409
1918000 0.368409
1919000 0.368409
1920000 0.368409
1921000 0.368409
1922000 0.368409
1923000 0.368409
1924000 0.368409
1925000 0.368409
1926000 0.368409
1927000 0.368409
1928000 0.368409
1929000 0.368409
1930000 0.368409
1931000 0.368409
1932000 0.368409
1933000 0.368409
1934000 0.368409
1935000 0.368409
1936000 0.368409
1937000 0.368409
1938000 0.368409
1939000 0.368409
1940000 0.368409
1941000 0.368409
1942000 0.368409
1943000 0.368409
1944000 0.368409
1945000 0.368409
1946000 0.368409
1947000 0.368409
1948000 0.368409
1949000 0.368409
1950000 0.368409
1951000 0.369556
1952000 0.369556
1953000 0.369556
1954000 0.369556
1955000 0.369556
1956000 0.369556
1957000 0.369556
1958000 0.369556
1959000 0.369556
1960000 0.369556
1961000 0.369556
1962000 0.369556
1963000 0.369556
1964000 0.369556
1965000 0.369556
1966000 0.369556
1967000 0.369556
1968000 0.369556
1969000 0.369556
1970000 0.369556
1971000 0.369556
1972000 0.369556
1973000 0.369556
1974000 0.369556
1975000 0.369556
1976000 0.369556
1977000 0.369556
1978000 0.369556
1979000 0.369556
1980000 0.369556
1981000 0.369556
1982000 0.369556
1983000 0.369556
1984000 0.369556
1985000 0.369556
1986000 0.369556
1987000 0.369556
1988000 0.369556
1989000 0.369556
1990000 0.369556
1991000 0.369556
1992000 0.369556
1993000 0.369556
1994000 0.369556
1995000 0.369556
1996000 0.369556
1997000 0.369556
1998000 0.369556
1999000 0.369556
2000000 0.369556
2001000 0.369556
2002000 0.369556
2003000 0.369556
2004000 0.369556
2005000 0.369556
2006000 0.369556
2007000 0.369556
2008000 0.369556
2009000 0.369556
2010000 0.369556
2011000 0.369556
2012000 0.369556
2013000 0.369556
2014000 0.369556
2015000 0.369556
2016000 0.369556
2017000 0.369556
2018000 0.369556
2019000 0.369556
2020000 0.369556
2021000 0.369556
2022000 0.369556
2023000 0.369556
2024000 0.369556
2025000 0.369556
2026000 0.369556
2027000 0.369556
2028000 0.369556
2029000 0.369556
2030000 0.369556
2031000 0.369556
2032000 0.369556
2033000 0.369556
2034000 0.369556
2035000 0.369556
2036000 0.369556
2037000 0.369556
2038000 0.369556
2039000 0.369556
2040000 0.369556
2041000 0.369556
2042000 0.369556
2043000 0.369556
2044000 0.369556
2045000 0.369556
2046000 0.369556
2047000 0.369556
2048000 0.369556
2049000 0.369556
2050000 0.369556
2051000 0.369556
2052000 0.369556
2053000 0.369556
2054000 0.369556
2055000 0.369556
2056000 0.369556
2057000 0.369556
2058000 0.369556
2059000 0.369556
2060000 0.369556
2061000 0.369556
2062000 0.369556
2063000 0.369556
2064000 0.369556
2065000 0.369556
2066000 0.369556
2067000 0.369556
2068000 0.369556
2069000 0.369556
2070000 0.369556
2071000 0.369556
2072000 0.369556
2073000 0.369556
2074000 0.369556
2075000 0.369556
2076000 0.369556
2077000 0.369556
2078000 0.369556
2079000 0.369556
2080000 0.369556
2081000 0.369556
2082000 0.369556
2083000 0.369556
2084000 0.369556
2085000 0.369556
2086000 0.369556
2087000 0.369556
2088000 0.369556
2089000 0.369556
2090000 0.369556
2091000 0.369556
2092000 0.369556
2093000 0.369556
2094000 0.369556
2095000 0.369556
2096000 0.369556
2097000 0.369556
2098000 0.369556
2099000 0.369556
2100000 0.369556
2101000 0.369556
2102000 0.369556
2103000 0.369556
2104000 0.369556
2105000 0.369556
2106000 0.369556
2107000 0.369556
2108000 0.369556
2109000 0.369556
2110000 0.369556
2111000 0.369556
2112000 0.369556
2113000 0.369556
2114000 0.369556
2115000 0.369556
2116000 0.369556
2117000 0.369556
2118000 0.369556
2119000 0.369556
2120000 0.369556
2121000 0.369556
2122000 0.369556
2123000 0.369556
2124000 0.369556
2125000 0.369556
2126000 0.369556
2127000 0.369556
2128000 0.369556
2129000 0.369556
2130000 0.369556
2131000 0.369556
2132000 0.369556
2133000 0.369556
2134000 0.369556
2135000 0.369556
2136000 0.369556
2137000 0.369556
2138000 0.369556
2139000 0.369556
2140000 0.369556
2141000 0.369556
2142000 0.369556
2143000 0.369556
2144000 0.369556
2145000 0.369556
2146000 0.369556
2147000 0.369556
2148000 0.369556
2149000 0.369556
2150000 0.369556
2151000 0.369556
2152000 0.369556
2153000 0.369556
2154000 0.369556
2155000 0.369556
2156000 0.369556
2157000 0.369556
2158000 0.369556
2159000 0.369556
2160000 0.369556
2161000 0.369556
2162000 0.369556
2163000 0.369556
2164000 0.369556
2165000 0.369556
2166000 0.369556
2167000 0.369556
2168000 0.369556
2169000 0.369556
2170000 0.369556
2171000 0.369556
2172000 0.369556
2173000 0.369556
2174000 0.369556
2175000 0.369556
2176000 0.369556
2177000 0.369556
2178000 0.369556
2179000 0.369556
2180000 0.369556
2181000 0.369556
2182000 0.369556
2183000 0.369556
2184000 0.369556
2185000 0.369556
2186000 0.369556
2187000 0.369556
2188000 0.369556
2189000 0.369556
2190000 0.369556
2191000 0.369556
2192000 0.369556
2193000 0.369556
2194000 0.369556
2195000 0.369556
2196000 0.369556
2197000 0.369556
2198000 0.369556
2199000 0.369556
2200000 0.369556
2201000 0.369556
2202000 0.369556
2203000 0.369556
2204000 0.369556
2205000 0.369556
2206000 0.369556
2207000 0.369556
2208000 0.369556
2209000 0.369556
2210000 0.369556
2211000 0.369556
2212000 0.369556
2213000 0.369556
2214000 0.369556
2215000 0.369556
2216000 0.369556
2217000 0.369556
2218000 0.369556
2219000 0.369556
2220000 0.369556
2221000 0.369556
2222000 0.369556
2223000 0.369556
2224000 0.370704
2225000 0.370704
2226000 0.370704
2227000 0.370704
2228000 0.370704
2229000 0.370704
2230000 0.370704
2231000 0.370704
2232000 0.370704
2233000 0.370704
2234000 0.370704
2235000 0.370704
2236000 0.370704
2237000 0.370704
2238000 0.370704
2239000 0.370704
2240000 0.370704
2241000 0.370704
2242000 0.370704
2243000 0.370704
2244000 0.370704
2245000 0.370704
2246000 0.370704
2247000 0.370704
2248000 0.370704
2249000 0.370704
2250000 0.370704
2251000 0.370704
2252000 0.370704
2253000 0.370704
2254000 0.370704
2255000 0.370704
2256000 0.370704
2257000 0.370704
2258000 0.370704
2259000 0.370704
2260000 0.370704
2261000 0.370704
2262000 0.370704
2263000 0.370704
2264000 0.370704
2265000 0.370704
2266000 0.370704
2267000 0.370704
2268000 0.370704
2269000 0.370704
2270000 0.370704
2271000 0.370704
2272000 0.370704
2273000 0.370704
2274000 0.370704
2275000 0.370704
2276000 0.370704
2277000 0.370704
2278000 0.370704
2279000 0.370704
2280000 0.370704
2281000 0.370704
2282000 0.370704
2283000 0.370704
2284000 0.370704
2285000 0.370704
2286000 0.370704
2287000 0.370704
2288000 0.370704
2289000 0.370704
2290000 0.370704
2291000 0.370704
2292000 0.370704
2293000 0.370704
2294000 0.370704
2295000 0.370704
2296000 0.370704
2297000 0.370704
2298000 0.370704
2299000 0.370704
2300000 0.371852
2301000 0.371852
2302000 0.371852
2303000 0.371852
2304000 0.371852
2305000 0.371852
2306000 0.371852
2307000 0.371852
2308000 0.371852
2309000 0.371852
2310000 0.371852
2311000 0.371852
2312000 0.371852
2313000 0.371852
2314000 0.371852
2315000 0.371852
2316000 0.371852
2317000 0.371852
2318000 0.371852
2319000 0.371852
2320000 0.371852
2321000 0.371852
2322000 0.371852
2323000 0.371852
2324000 0.371852
2325000 0.371852
2326000 0.371852
2327000 0.371852
2328000 0.371852
2329000 0.371852
2330000 0.371852
2331000 0.371852
2332000 0.371852
2333000 0.371852
2334000 0.371852
2335000 0.371852
2336000 0.371852
2337000 0.371852
2338000 0.371852
2339000 0.371852
2340000 0.371852
2341000 0.371852
2342000 0.371852
2343000 0.371852
2344000 0.371852
2345000 0.371852
2346000 0.371852
2347000 0.371852
2348000 0.371852
2349000 0.371852
2350000 0.371852
2351000 0.371852
2352000 0.371852
2353000 0.371852
2354000 0.371852
2355000 0.371852
2356000 0.371852
2357000 0.371852
2358000 0.371852
2359000 0.371852
2360000 0.371852
2361000 0.371852
2362000 0.371852
2363000 0.371852
2364000 0.371852
2365000 0.371852
2366000 0.371852
2367000 0.371852
2368000 0.371852
2369000 0.371852
2370000 0.371852
2371000 0.371852
2372000 0.371852
2373000 0.371852
2374000 0.371852
2375000 0.371852
2376000 0.371852
2377000 0.371852
2378000 0.371852
2379000 0.371852
2380000 0.371852
2381000 0.371852
2382000 0.371852
2383000 0.371852
2384000 0.371852
2385000 0.371852
2386000 0.371852
2387000 0.371852
2388000 0.371852
2389000 0.371852
2390000 0.371852
2391000 0.371852
2392000 0.371852
2393000 0.371852
2394000 0.371852
2395000 0.371852
2396000 0.371852
2397000 0.371852
2398000 0.371852
2399000 0.371852
2400000 0.371852
2401000 0.371852
2402000 0.371852
2403000 0.371852
2404000 0.371852
2405000 0.371852
2406000 0.371852
2407000 0.371852
2408000 0.371852
2409000 0.371852
2410000 0.371852
2411000 0.371852
2412000 0.371852
2413000 0.371852
2414000 0.371852
2415000 0.371852
2416000 0.371852
2417000 0.371852
2418000 0.371852
2419000 0.371852
2420000 0.371852
2421000 0.371852
2422000 0.371852
2423000 0.371852
2424000 0.371852
2425000 0.371852
2426000 0.371852
2427000 0.371852
2428000 0.371852
2429000 0.371852
2430000 0.371852
2431000 0.371852
2432000 0.371852
2433000 0.371852
2434000 0.371852
2435000 0.371852
2436000 0.371852
2437000 0.371852
2438000 0.371852
2439000 0.371852
2440000 0.371852
2441000 0.371852
2442000 0.371852
2443000 0.371852
2444000 0.371852
2445000 0.371852
2446000 0.371852
2447000 0.371852
2448000 0.371852
2449000 0.371852
2450000 0.371852
2451000 0.371852
2452000 0.371852
2453000 0.371852
2454000 0.371852
2455000 0.371852
2456000 0.371852
2457000 0.371852
2458000 0.371852
2459000 0.372999
2460000 0.372999
2461000 0.372999
2462000 0.372999
2463000 0.372999
2464000 0.372999
2465000 0.372999
2466000 0.372999
2467000 0.372999
2468000 0.372999
2469000 0.372999
2470000 0.372999
2471000 0.372999
2472000 0.372999
2473000 0.372999
2474000 0.372999
2475000 0.372999
2476000 0.372999
2477000 0.372999
2478000 0.372999
2479000 0.372999
2480000 0.372999
2481000 0.372999
2482000 0.372999
2483000 0.372999
2484000 0.372999
2485000 0.372999
2486000 0.372999
2487000 0.372999
2488000 0.372999
2489000 0.372999
2490000 0.372999
2491000 0.372999
2492000 0.372999
2493000 0.372999
2494000 0.372999
2495000 0.372999
2496000 0.372999
2497000 0.372999
2498000 0.372999
2499000 0.372999
2500000 0.372999
2501000 0.372999
2502000 0.372999
