# Time-averaged data for fix myat2
# TimeStep v_density
3000 0.0344307
4000 0.0550891
5000 0.0711568
6000 0.0918152
7000 0.110178
8000 0.126246
9000 0.144609
10000 0.157234
11000 0.165267
12000 0.173301
13000 0.180187
14000 0.19396
15000 0.197403
16000 0.199698
17000 0.201994
18000 0.211175
19000 0.216914
20000 0.222652
21000 0.224947
22000 0.230686
23000 0.234129
24000 0.236424
25000 0.23872
26000 0.242163
27000 0.244458
28000 0.244458
29000 0.246753
30000 0.247901
31000 0.249049
32000 0.250197
33000 0.252492
34000 0.254787
35000 0.25823
36000 0.259378
37000 0.261673
38000 0.265117
39000 0.265117
40000 0.265117
41000 0.266264
42000 0.267412
43000 0.267412
44000 0.269707
45000 0.269707
46000 0.269707
47000 0.272003
48000 0.272003
49000 0.27315
50000 0.27315
51000 0.276593
52000 0.277741
53000 0.277741
54000 0.277741
55000 0.277741
56000 0.278889
57000 0.280037
58000 0.281184
59000 0.285775
60000 0.28807
61000 0.28807
62000 0.28807
63000 0.28807
64000 0.28807
65000 0.28807
66000 0.28807
67000 0.289218
68000 0.289218
69000 0.289218
70000 0.289218
71000 0.291513
72000 0.291513
73000 0.291513
74000 0.292661
75000 0.292661
76000 0.292661
77000 0.292661
78000 0.293809
79000 0.294956
80000 0.296104
81000 0.297252
82000 0.297252
83000 0.297252
84000 0.297252
85000 0.297252
86000 0.297252
87000 0.297252
88000 0.297252
89000 0.301843
90000 0.301843
91000 0.30299
92000 0.30299
93000 0.30299
94000 0.30299
95000 0.304138
96000 0.305286
97000 0.305286
98000 0.305286
99000 0.305286
100000 0.305286
101000 0.305286
102000 0.305286
103000 0.305286
104000 0.305286
105000 0.307581
106000 0.307581
107000 0.307581
108000 0.307581
109000 0.307581
110000 0.307581
111000 0.308729
112000 0.308729
113000 0.309876
114000 0.309876
115000 0.311024
116000 0.311024
117000 0.311024
118000 0.311024
119000 0.311024
120000 0.311024
121000 0.311024
122000 0.311024
123000 0.311024
124000 0.311024
125000 0.311024
126000 0.311024
127000 0.311024
128000 0.311024
129000 0.312172
130000 0.31332
131000 0.31332
132000 0.31332
133000 0.31332
134000 0.31332
135000 0.31332
136000 0.31332
137000 0.31332
138000 0.31332
139000 0.31332
140000 0.31332
141000 0.31332
142000 0.31332
143000 0.314467
144000 0.314467
145000 0.314467
146000 0.314467
147000 0.314467
148000 0.315615
149000 0.315615
150000 0.316763
151000 0.316763
152000 0.316763
153000 0.316763
154000 0.316763
155000 0.31791
156000 0.31791
157000 0.319058
158000 0.319058
159000 0.320206
160000 0.320206
161000 0.321353
162000 0.321353
163000 0.321353
164000 0.321353
165000 0.321353
166000 0.321353
167000 0.321353
168000 0.321353
169000 0.321353
170000 0.321353
171000 0.321353
172000 0.321353
173000 0.321353
174000 0.321353
175000 0.322501
176000 0.322501
177000 0.322501
178000 0.322501
179000 0.322501
180000 0.322501
181000 0.322501
182000 0.322501
183000 0.322501
184000 0.322501
185000 0.322501
186000 0.322501
187000 0.322501
188000 0.323649
189000 0.323649
190000 0.323649
191000 0.323649
192000 0.323649
193000 0.324796
194000 0.324796
195000 0.324796
196000 0.324796
197000 0.324796
198000 0.324796
199000 0.324796
200000 0.324796
201000 0.324796
202000 0.324796
203000 0.324796
204000 0.325944
205000 0.327092
206000 0.327092
207000 0.32824
208000 0.32824
209000 0.32824
210000 0.329387
211000 0.329387
212000 0.329387
213000 0.329387
214000 0.329387
215000 0.329387
216000 0.329387
217000 0.329387
218000 0.329387
219000 0.329387
220000 0.329387
221000 0.329387
222000 0.329387
223000 0.330535
224000 0.330535
225000 0.330535
226000 0.330535
227000 0.330535
228000 0.330535
229000 0.330535
230000 0.330535
231000 0.330535
232000 0.331683
233000 0.331683
234000 0.331683
235000 0.331683
236000 0.331683
237000 0.33283
238000 0.33283
239000 0.33283
240000 0.333978
241000 0.333978
242000 0.335126
243000 0.335126
244000 0.335126
245000 0.335126
246000 0.335126
247000 0.335126
248000 0.335126
249000 0.335126
250000 0.335126
251000 0.335126
252000 0.335126
253000 0.335126
254000 0.335126
255000 0.335126
256000 0.335126
257000 0.335126
258000 0.335126
259000 0.335126
260000 0.336273
261000 0.336273
262000 0.336273
263000 0.336273
264000 0.336273
265000 0.336273
266000 0.336273
267000 0.337421
268000 0.337421
269000 0.337421
270000 0.337421
271000 0.337421
272000 0.338569
273000 0.338569
274000 0.338569
275000 0.338569
276000 0.338569
277000 0.338569
278000 0.338569
279000 0.338569
280000 0.338569
281000 0.339716
282000 0.339716
283000 0.339716
284000 0.339716
285000 0.339716
286000 0.339716
287000 0.339716
288000 0.339716
289000 0.339716
290000 0.339716
291000 0.339716
292000 0.339716
293000 0.339716
294000 0.339716
295000 0.339716
296000 0.339716
297000 0.339716
298000 0.339716
299000 0.340864
300000 0.340864
301000 0.340864
302000 0.340864
303000 0.340864
304000 0.340864
305000 0.340864
306000 0.340864
307000 0.340864
308000 0.340864
309000 0.340864
310000 0.340864
311000 0.340864
312000 0.340864
313000 0.340864
314000 0.340864
315000 0.340864
316000 0.340864
317000 0.340864
318000 0.340864
319000 0.340864
320000 0.340864
321000 0.340864
322000 0.340864
323000 0.340864
324000 0.340864
325000 0.340864
326000 0.340864
327000 0.340864
328000 0.340864
329000 0.340864
330000 0.340864
331000 0.340864
332000 0.342012
333000 0.342012
334000 0.342012
335000 0.342012
336000 0.342012
337000 0.342012
338000 0.342012
339000 0.342012
340000 0.342012
341000 0.342012
342000 0.342012
343000 0.342012
344000 0.342012
345000 0.342012
346000 0.342012
347000 0.342012
348000 0.342012
349000 0.342012
350000 0.342012
351000 0.342012
352000 0.342012
353000 0.342012
354000 0.342012
355000 0.342012
356000 0.342012
357000 0.342012
358000 0.342012
359000 0.342012
360000 0.342012
361000 0.342012
362000 0.342012
363000 0.342012
364000 0.342012
365000 0.342012
366000 0.342012
367000 0.342012
368000 0.342012
369000 0.342012
370000 0.342012
371000 0.342012
372000 0.342012
373000 0.342012
374000 0.342012
375000 0.342012
376000 0.342012
377000 0.342012
378000 0.342012
379000 0.342012
380000 0.342012
381000 0.342012
382000 0.342012
383000 0.342012
384000 0.342012
385000 0.342012
386000 0.342012
387000 0.342012
388000 0.342012
389000 0.342012
390000 0.342012
391000 0.342012
392000 0.342012
393000 0.342012
394000 0.342012
395000 0.342012
396000 0.342012
397000 0.342012
398000 0.342012
399000 0.342012
400000 0.342012
401000 0.342012
402000 0.342012
403000 0.342012
404000 0.342012
405000 0.342012
406000 0.342012
407000 0.342012
408000 0.342012
409000 0.342012
410000 0.342012
411000 0.342012
412000 0.342012
413000 0.342012
414000 0.342012
415000 0.342012
416000 0.342012
417000 0.342012
418000 0.342012
419000 0.342012
420000 0.342012
421000 0.342012
422000 0.342012
423000 0.342012
424000 0.342012
425000 0.342012
426000 0.342012
427000 0.342012
428000 0.342012
429000 0.342012
430000 0.342012
431000 0.342012
432000 0.342012
433000 0.342012
434000 0.342012
435000 0.342012
436000 0.342012
437000 0.342012
438000 0.342012
439000 0.342012
440000 0.342012
441000 0.342012
442000 0.342012
443000 0.342012
444000 0.342012
445000 0.342012
446000 0.342012
447000 0.342012
448000 0.342012
449000 0.342012
450000 0.342012
451000 0.342012
452000 0.342012
453000 0.342012
454000 0.342012
455000 0.343159
456000 0.343159
457000 0.343159
458000 0.343159
459000 0.343159
460000 0.343159
461000 0.343159
462000 0.343159
463000 0.343159
464000 0.343159
465000 0.343159
466000 0.343159
467000 0.343159
468000 0.343159
469000 0.343159
470000 0.343159
471000 0.343159
472000 0.343159
473000 0.343159
474000 0.343159
475000 0.343159
476000 0.343159
477000 0.343159
478000 0.344307
479000 0.344307
480000 0.344307
481000 0.344307
482000 0.344307
483000 0.344307
484000 0.344307
485000 0.344307
486000 0.344307
487000 0.344307
488000 0.344307
489000 0.344307
490000 0.344307
491000 0.344307
492000 0.344307
493000 0.344307
494000 0.344307
495000 0.344307
496000 0.344307
497000 0.344307
498000 0.344307
499000 0.344307
500000 0.344307
501000 0.344307
502000 0.344307
503000 0.344307
504000 0.344307
505000 0.344307
506000 0.344307
507000 0.344307
508000 0.344307
509000 0.344307
510000 0.344307
511000 0.344307
512000 0.344307
513000 0.344307
514000 0.344307
515000 0.344307
516000 0.344307
517000 0.344307
518000 0.344307
519000 0.344307
520000 0.345455
521000 0.345455
522000 0.345455
523000 0.345455
524000 0.345455
525000 0.345455
526000 0.345455
527000 0.345455
528000 0.345455
529000 0.345455
530000 0.345455
531000 0.345455
532000 0.345455
533000 0.345455
534000 0.345455
535000 0.345455
536000 0.345455
537000 0.345455
538000 0.345455
539000 0.345455
540000 0.345455
541000 0.345455
542000 0.345455
543000 0.345455
544000 0.345455
545000 0.345455
546000 0.345455
547000 0.345455
548000 0.345455
549000 0.345455
550000 0.345455
551000 0.345455
552000 0.345455
553000 0.345455
554000 0.345455
555000 0.345455
556000 0.345455
557000 0.345455
558000 0.345455
559000 0.345455
560000 0.345455
561000 0.345455
562000 0.345455
563000 0.345455
564000 0.345455
565000 0.345455
566000 0.345455
567000 0.345455
568000 0.345455
569000 0.345455
570000 0.345455
571000 0.345455
572000 0.345455
573000 0.345455
574000 0.345455
575000 0.345455
576000 0.345455
577000 0.345455
578000 0.345455
579000 0.345455
580000 0.345455
581000 0.345455
582000 0.345455
583000 0.345455
584000 0.345455
585000 0.345455
586000 0.346603
587000 0.346603
588000 0.346603
589000 0.346603
590000 0.346603
591000 0.346603
592000 0.346603
593000 0.346603
594000 0.346603
595000 0.34775
596000 0.348898
597000 0.348898
598000 0.348898
599000 0.348898
600000 0.348898
601000 0.348898
602000 0.348898
603000 0.348898
604000 0.348898
605000 0.348898
606000 0.348898
607000 0.348898
608000 0.348898
609000 0.350046
610000 0.350046
611000 0.350046
612000 0.350046
613000 0.350046
614000 0.350046
615000 0.350046
616000 0.350046
617000 0.350046
618000 0.350046
619000 0.350046
620000 0.350046
621000 0.350046
622000 0.350046
623000 0.350046
624000 0.350046
625000 0.350046
626000 0.350046
627000 0.350046
628000 0.350046
629000 0.350046
630000 0.350046
631000 0.350046
632000 0.350046
633000 0.350046
634000 0.350046
635000 0.350046
636000 0.350046
637000 0.350046
638000 0.350046
639000 0.350046
640000 0.350046
641000 0.350046
642000 0.350046
643000 0.350046
644000 0.350046
645000 0.350046
646000 0.350046
647000 0.350046
648000 0.350046
649000 0.350046
650000 0.350046
651000 0.350046
652000 0.350046
653000 0.351193
654000 0.351193
655000 0.351193
656000 0.351193
657000 0.351193
658000 0.351193
659000 0.351193
660000 0.352341
661000 0.352341
662000 0.352341
663000 0.353489
664000 0.353489
665000 0.353489
666000 0.353489
667000 0.353489
668000 0.353489
669000 0.353489
670000 0.353489
671000 0.353489
672000 0.353489
673000 0.353489
674000 0.353489
675000 0.353489
676000 0.353489
677000 0.354636
678000 0.354636
679000 0.354636
680000 0.354636
681000 0.354636
682000 0.354636
683000 0.354636
684000 0.354636
685000 0.354636
686000 0.354636
687000 0.354636
688000 0.354636
689000 0.355784
690000 0.355784
691000 0.355784
692000 0.355784
693000 0.355784
694000 0.355784
695000 0.355784
696000 0.355784
697000 0.355784
698000 0.355784
699000 0.355784
700000 0.355784
701000 0.355784
702000 0.355784
703000 0.355784
704000 0.355784
705000 0.355784
706000 0.355784
707000 0.355784
708000 0.355784
709000 0.355784
710000 0.355784
711000 0.355784
712000 0.355784
713000 0.355784
714000 0.355784
715000 0.355784
716000 0.355784
717000 0.355784
718000 0.355784
719000 0.355784
720000 0.355784
721000 0.355784
722000 0.355784
723000 0.355784
724000 0.355784
725000 0.355784
726000 0.355784
727000 0.355784
728000 0.355784
729000 0.356932
730000 0.356932
731000 0.356932
732000 0.356932
733000 0.356932
734000 0.356932
735000 0.356932
736000 0.356932
737000 0.356932
738000 0.356932
739000 0.356932
740000 0.356932
741000 0.356932
742000 0.356932
743000 0.356932
744000 0.356932
745000 0.356932
746000 0.356932
747000 0.356932
748000 0.356932
749000 0.356932
750000 0.356932
751000 0.356932
752000 0.356932
753000 0.356932
754000 0.356932
755000 0.356932
756000 0.356932
757000 0.356932
758000 0.356932
759000 0.356932
760000 0.356932
761000 0.356932
762000 0.356932
763000 0.356932
764000 0.356932
765000 0.356932
766000 0.356932
767000 0.356932
768000 0.356932
769000 0.356932
770000 0.356932
771000 0.356932
772000 0.356932
773000 0.356932
774000 0.356932
775000 0.356932
776000 0.356932
777000 0.356932
778000 0.356932
779000 0.356932
780000 0.356932
781000 0.356932
782000 0.356932
783000 0.356932
784000 0.356932
785000 0.356932
786000 0.356932
787000 0.356932
788000 0.356932
789000 0.356932
790000 0.356932
791000 0.356932
792000 0.356932
793000 0.356932
794000 0.356932
795000 0.356932
796000 0.356932
797000 0.356932
798000 0.356932
799000 0.356932
800000 0.356932
801000 0.356932
802000 0.356932
803000 0.356932
804000 0.356932
805000 0.356932
806000 0.356932
807000 0.356932
808000 0.356932
809000 0.356932
810000 0.356932
811000 0.356932
812000 0.356932
813000 0.356932
814000 0.356932
815000 0.356932
816000 0.356932
817000 0.356932
818000 0.356932
819000 0.356932
820000 0.356932
821000 0.356932
822000 0.356932
823000 0.356932
824000 0.356932
825000 0.356932
826000 0.356932
827000 0.356932
828000 0.356932
829000 0.356932
830000 0.356932
831000 0.356932
832000 0.356932
833000 0.356932
834000 0.356932
835000 0.356932
836000 0.356932
837000 0.356932
838000 0.356932
839000 0.356932
840000 0.356932
841000 0.356932
842000 0.356932
843000 0.356932
844000 0.356932
845000 0.356932
846000 0.356932
847000 0.356932
848000 0.356932
849000 0.356932
850000 0.356932
851000 0.356932
852000 0.356932
853000 0.356932
854000 0.356932
855000 0.356932
856000 0.356932
857000 0.356932
858000 0.356932
859000 0.356932
860000 0.356932
861000 0.356932
862000 0.356932
863000 0.356932
864000 0.356932
865000 0.356932
866000 0.356932
867000 0.356932
868000 0.356932
869000 0.356932
870000 0.356932
871000 0.356932
872000 0.356932
873000 0.356932
874000 0.356932
875000 0.356932
876000 0.356932
877000 0.356932
878000 0.356932
879000 0.356932
880000 0.356932
881000 0.356932
882000 0.356932
883000 0.356932
884000 0.356932
885000 0.356932
886000 0.356932
887000 0.356932
888000 0.356932
889000 0.356932
890000 0.356932
891000 0.356932
892000 0.356932
893000 0.356932
894000 0.356932
895000 0.356932
896000 0.356932
897000 0.356932
898000 0.356932
899000 0.356932
900000 0.356932
901000 0.356932
902000 0.356932
903000 0.356932
904000 0.356932
905000 0.356932
906000 0.356932
907000 0.356932
908000 0.356932
909000 0.356932
910000 0.356932
911000 0.356932
912000 0.356932
913000 0.356932
914000 0.356932
915000 0.356932
916000 0.356932
917000 0.356932
918000 0.356932
919000 0.356932
920000 0.356932
921000 0.356932
922000 0.356932
923000 0.356932
924000 0.356932
925000 0.356932
926000 0.356932
927000 0.356932
928000 0.356932
929000 0.356932
930000 0.356932
931000 0.356932
932000 0.356932
933000 0.356932
934000 0.356932
935000 0.356932
936000 0.356932
937000 0.356932
938000 0.356932
939000 0.356932
940000 0.356932
941000 0.356932
942000 0.356932
943000 0.356932
944000 0.356932
945000 0.356932
946000 0.356932
947000 0.356932
948000 0.356932
949000 0.356932
950000 0.356932
951000 0.356932
952000 0.356932
953000 0.356932
954000 0.356932
955000 0.356932
956000 0.356932
957000 0.356932
958000 0.356932
959000 0.356932
960000 0.356932
961000 0.356932
962000 0.356932
963000 0.356932
964000 0.356932
965000 0.356932
966000 0.356932
967000 0.356932
968000 0.356932
969000 0.356932
970000 0.356932
971000 0.356932
972000 0.356932
973000 0.356932
974000 0.356932
975000 0.356932
976000 0.356932
977000 0.356932
978000 0.356932
979000 0.356932
980000 0.356932
981000 0.356932
982000 0.356932
983000 0.356932
984000 0.356932
985000 0.356932
986000 0.356932
987000 0.356932
988000 0.356932
989000 0.356932
990000 0.356932
991000 0.356932
992000 0.356932
993000 0.356932
994000 0.356932
995000 0.356932
996000 0.356932
997000 0.356932
998000 0.356932
999000 0.356932
1000000 0.356932
1001000 0.356932
1002000 0.356932
1003000 0.356932
1004000 0.356932
1005000 0.356932
1006000 0.356932
1007000 0.356932
1008000 0.356932
1009000 0.356932
1010000 0.356932
1011000 0.356932
1012000 0.356932
1013000 0.356932
1014000 0.356932
1015000 0.356932
1016000 0.356932
1017000 0.356932
1018000 0.356932
1019000 0.356932
1020000 0.356932
1021000 0.356932
1022000 0.356932
1023000 0.356932
1024000 0.356932
1025000 0.356932
1026000 0.356932
1027000 0.356932
1028000 0.358079
1029000 0.358079
1030000 0.358079
1031000 0.358079
1032000 0.358079
1033000 0.358079
1034000 0.358079
1035000 0.358079
1036000 0.358079
1037000 0.358079
1038000 0.358079
1039000 0.358079
1040000 0.358079
1041000 0.358079
1042000 0.358079
1043000 0.358079
1044000 0.358079
1045000 0.358079
1046000 0.358079
1047000 0.358079
1048000 0.358079
1049000 0.358079
1050000 0.358079
1051000 0.358079
1052000 0.358079
1053000 0.358079
1054000 0.358079
1055000 0.358079
1056000 0.358079
1057000 0.358079
1058000 0.358079
1059000 0.358079
1060000 0.358079
1061000 0.358079
1062000 0.358079
1063000 0.358079
1064000 0.358079
1065000 0.358079
1066000 0.358079
1067000 0.358079
1068000 0.358079
1069000 0.358079
1070000 0.358079
1071000 0.358079
1072000 0.358079
1073000 0.358079
1074000 0.358079
1075000 0.358079
1076000 0.358079
1077000 0.358079
1078000 0.358079
1079000 0.359227
1080000 0.359227
1081000 0.359227
1082000 0.359227
1083000 0.359227
1084000 0.359227
1085000 0.359227
1086000 0.359227
1087000 0.359227
1088000 0.359227
1089000 0.359227
1090000 0.359227
1091000 0.359227
1092000 0.359227
1093000 0.359227
1094000 0.359227
1095000 0.359227
1096000 0.359227
1097000 0.359227
1098000 0.359227
1099000 0.359227
1100000 0.359227
1101000 0.359227
1102000 0.359227
1103000 0.359227
1104000 0.359227
1105000 0.359227
1106000 0.359227
1107000 0.359227
1108000 0.359227
1109000 0.359227
1110000 0.359227
1111000 0.359227
1112000 0.359227
1113000 0.359227
1114000 0.359227
1115000 0.359227
1116000 0.359227
1117000 0.359227
1118000 0.359227
1119000 0.359227
1120000 0.359227
1121000 0.359227
1122000 0.359227
1123000 0.359227
1124000 0.359227
1125000 0.359227
1126000 0.359227
1127000 0.359227
1128000 0.359227
1129000 0.359227
1130000 0.359227
1131000 0.359227
1132000 0.359227
1133000 0.359227
1134000 0.359227
1135000 0.359227
1136000 0.359227
1137000 0.359227
1138000 0.359227
1139000 0.359227
1140000 0.359227
1141000 0.359227
1142000 0.359227
1143000 0.359227
1144000 0.359227
1145000 0.359227
1146000 0.359227
1147000 0.359227
1148000 0.359227
1149000 0.359227
1150000 0.359227
1151000 0.359227
1152000 0.359227
1153000 0.359227
1154000 0.359227
1155000 0.359227
1156000 0.359227
1157000 0.359227
1158000 0.359227
1159000 0.359227
1160000 0.359227
1161000 0.359227
1162000 0.359227
1163000 0.359227
1164000 0.359227
1165000 0.359227
1166000 0.359227
1167000 0.359227
1168000 0.359227
1169000 0.359227
1170000 0.359227
1171000 0.359227
1172000 0.359227
1173000 0.359227
1174000 0.359227
1175000 0.359227
1176000 0.359227
1177000 0.359227
1178000 0.359227
1179000 0.359227
1180000 0.359227
1181000 0.359227
1182000 0.359227
1183000 0.359227
1184000 0.359227
1185000 0.359227
1186000 0.359227
1187000 0.359227
1188000 0.359227
1189000 0.359227
1190000 0.359227
1191000 0.359227
1192000 0.359227
1193000 0.359227
1194000 0.359227
1195000 0.359227
1196000 0.359227
1197000 0.359227
1198000 0.359227
1199000 0.359227
1200000 0.359227
1201000 0.359227
1202000 0.359227
1203000 0.359227
1204000 0.359227
1205000 0.359227
1206000 0.359227
1207000 0.359227
1208000 0.359227
1209000 0.359227
1210000 0.359227
1211000 0.359227
1212000 0.359227
1213000 0.359227
1214000 0.359227
1215000 0.359227
1216000 0.359227
1217000 0.359227
1218000 0.359227
1219000 0.359227
1220000 0.359227
1221000 0.359227
1222000 0.359227
1223000 0.359227
1224000 0.359227
1225000 0.359227
1226000 0.359227
1227000 0.359227
1228000 0.359227
1229000 0.359227
1230000 0.359227
1231000 0.359227
1232000 0.359227
1233000 0.359227
1234000 0.359227
1235000 0.359227
1236000 0.359227
1237000 0.359227
1238000 0.359227
1239000 0.359227
1240000 0.359227
1241000 0.359227
1242000 0.359227
1243000 0.359227
1244000 0.359227
1245000 0.359227
1246000 0.359227
1247000 0.359227
1248000 0.359227
1249000 0.359227
1250000 0.359227
1251000 0.359227
1252000 0.359227
1253000 0.359227
1254000 0.359227
1255000 0.359227
1256000 0.359227
1257000 0.359227
1258000 0.359227
1259000 0.359227
1260000 0.359227
1261000 0.359227
1262000 0.359227
1263000 0.359227
1264000 0.359227
1265000 0.359227
1266000 0.359227
1267000 0.359227
1268000 0.359227
1269000 0.359227
1270000 0.359227
1271000 0.359227
1272000 0.359227
1273000 0.359227
1274000 0.359227
1275000 0.359227
1276000 0.359227
1277000 0.359227
1278000 0.359227
1279000 0.359227
1280000 0.359227
1281000 0.359227
1282000 0.359227
1283000 0.359227
1284000 0.359227
1285000 0.359227
1286000 0.359227
1287000 0.359227
1288000 0.359227
1289000 0.359227
1290000 0.359227
1291000 0.359227
1292000 0.359227
1293000 0.359227
1294000 0.359227
1295000 0.359227
1296000 0.359227
1297000 0.359227
1298000 0.359227
1299000 0.359227
1300000 0.359227
1301000 0.359227
1302000 0.359227
1303000 0.359227
1304000 0.359227
1305000 0.359227
1306000 0.359227
1307000 0.359227
1308000 0.359227
1309000 0.359227
1310000 0.359227
1311000 0.359227
1312000 0.359227
1313000 0.359227
1314000 0.359227
1315000 0.359227
1316000 0.359227
1317000 0.359227
1318000 0.359227
1319000 0.359227
1320000 0.359227
1321000 0.359227
1322000 0.359227
1323000 0.359227
1324000 0.359227
1325000 0.359227
1326000 0.359227
1327000 0.359227
1328000 0.359227
1329000 0.359227
1330000 0.359227
1331000 0.359227
1332000 0.359227
1333000 0.359227
1334000 0.359227
1335000 0.359227
1336000 0.359227
1337000 0.359227
1338000 0.359227
1339000 0.359227
1340000 0.359227
1341000 0.361523
1342000 0.361523
1343000 0.361523
1344000 0.361523
1345000 0.361523
1346000 0.361523
1347000 0.361523
1348000 0.361523
1349000 0.361523
1350000 0.361523
1351000 0.361523
1352000 0.361523
1353000 0.361523
1354000 0.361523
1355000 0.361523
1356000 0.361523
1357000 0.361523
1358000 0.361523
1359000 0.361523
1360000 0.361523
1361000 0.361523
1362000 0.361523
1363000 0.361523
1364000 0.361523
1365000 0.361523
1366000 0.361523
1367000 0.361523
1368000 0.361523
1369000 0.36267
1370000 0.36267
1371000 0.36267
1372000 0.36267
1373000 0.36267
1374000 0.36267
1375000 0.36267
1376000 0.36267
1377000 0.36267
1378000 0.36267
1379000 0.36267
1380000 0.36267
1381000 0.36267
1382000 0.36267
1383000 0.36267
1384000 0.36267
1385000 0.36267
1386000 0.36267
1387000 0.36267
1388000 0.36267
1389000 0.36267
1390000 0.36267
1391000 0.36267
1392000 0.36267
1393000 0.36267
1394000 0.36267
1395000 0.36267
1396000 0.36267
1397000 0.36267
1398000 0.36267
1399000 0.36267
1400000 0.36267
1401000 0.36267
1402000 0.36267
1403000 0.36267
1404000 0.36267
1405000 0.36267
1406000 0.36267
1407000 0.36267
1408000 0.36267
1409000 0.36267
1410000 0.36267
1411000 0.36267
1412000 0.36267
1413000 0.36267
1414000 0.36267
1415000 0.36267
1416000 0.36267
1417000 0.36267
1418000 0.36267
1419000 0.36267
1420000 0.36267
1421000 0.36267
1422000 0.36267
1423000 0.36267
1424000 0.36267
1425000 0.36267
1426000 0.36267
1427000 0.36267
1428000 0.36267
1429000 0.36267
1430000 0.36267
1431000 0.36267
1432000 0.36267
1433000 0.36267
1434000 0.36267
1435000 0.36267
1436000 0.36267
1437000 0.36267
1438000 0.36267
1439000 0.36267
1440000 0.36267
1441000 0.36267
1442000 0.36267
1443000 0.36267
1444000 0.36267
1445000 0.36267
1446000 0.36267
1447000 0.36267
1448000 0.36267
1449000 0.36267
1450000 0.36267
1451000 0.36267
1452000 0.36267
1453000 0.36267
1454000 0.36267
1455000 0.36267
1456000 0.36267
1457000 0.36267
1458000 0.36267
1459000 0.36267
1460000 0.36267
1461000 0.36267
1462000 0.36267
1463000 0.36267
1464000 0.36267
1465000 0.36267
1466000 0.36267
1467000 0.36267
1468000 0.36267
1469000 0.36267
1470000 0.36267
1471000 0.36267
1472000 0.36267
1473000 0.36267
1474000 0.36267
1475000 0.36267
1476000 0.36267
1477000 0.36267
1478000 0.36267
1479000 0.36267
1480000 0.36267
1481000 0.36267
1482000 0.36267
1483000 0.36267
1484000 0.36267
1485000 0.36267
1486000 0.36267
1487000 0.36267
1488000 0.36267
1489000 0.36267
1490000 0.36267
1491000 0.36267
1492000 0.36267
1493000 0.36267
1494000 0.36267
1495000 0.36267
1496000 0.36267
1497000 0.36267
1498000 0.36267
1499000 0.36267
1500000 0.36267
1501000 0.36267
1502000 0.36267
1503000 0.36267
1504000 0.36267
1505000 0.36267
1506000 0.36267
1507000 0.36267
1508000 0.36267
1509000 0.36267
1510000 0.36267
1511000 0.36267
1512000 0.36267
1513000 0.36267
1514000 0.36267
1515000 0.36267
1516000 0.36267
1517000 0.36267
1518000 0.36267
1519000 0.36267
1520000 0.36267
1521000 0.36267
1522000 0.36267
1523000 0.36267
1524000 0.36267
1525000 0.36267
1526000 0.36267
1527000 0.36267
1528000 0.36267
1529000 0.36267
1530000 0.36267
1531000 0.36267
1532000 0.36267
1533000 0.36267
1534000 0.36267
1535000 0.36267
1536000 0.36267
1537000 0.36267
1538000 0.36267
1539000 0.36267
1540000 0.36267
1541000 0.36267
1542000 0.36267
1543000 0.36267
1544000 0.36267
1545000 0.36267
1546000 0.36267
1547000 0.36267
1548000 0.36267
1549000 0.36267
1550000 0.36267
1551000 0.36267
1552000 0.36267
1553000 0.36267
1554000 0.36267
1555000 0.36267
1556000 0.36267
1557000 0.36267
1558000 0.36267
1559000 0.36267
1560000 0.36267
1561000 0.36267
1562000 0.36267
1563000 0.36267
1564000 0.36267
1565000 0.36267
1566000 0.36267
1567000 0.36267
1568000 0.36267
1569000 0.36267
1570000 0.36267
1571000 0.36267
1572000 0.36267
1573000 0.36267
1574000 0.36267
1575000 0.36267
1576000 0.36267
1577000 0.36267
1578000 0.36267
1579000 0.36267
1580000 0.36267
1581000 0.36267
1582000 0.36267
1583000 0.36267
1584000 0.36267
1585000 0.36267
1586000 0.36267
1587000 0.36267
1588000 0.36267
1589000 0.36267
1590000 0.36267
1591000 0.36267
1592000 0.36267
1593000 0.36267
1594000 0.36267
1595000 0.36267
1596000 0.36267
1597000 0.36267
1598000 0.36267
1599000 0.36267
1600000 0.36267
1601000 0.36267
1602000 0.36267
1603000 0.36267
1604000 0.36267
1605000 0.36267
1606000 0.36267
1607000 0.36267
1608000 0.36267
1609000 0.36267
1610000 0.36267
1611000 0.36267
1612000 0.36267
1613000 0.36267
1614000 0.36267
1615000 0.36267
1616000 0.36267
1617000 0.36267
1618000 0.36267
1619000 0.36267
1620000 0.36267
1621000 0.36267
1622000 0.36267
1623000 0.36267
1624000 0.36267
1625000 0.36267
1626000 0.36267
1627000 0.363818
1628000 0.363818
1629000 0.363818
1630000 0.363818
1631000 0.363818
1632000 0.363818
1633000 0.363818
1634000 0.363818
1635000 0.363818
1636000 0.363818
1637000 0.363818
1638000 0.363818
1639000 0.363818
1640000 0.363818
1641000 0.363818
1642000 0.363818
1643000 0.363818
1644000 0.363818
1645000 0.363818
1646000 0.363818
1647000 0.363818
1648000 0.363818
1649000 0.363818
1650000 0.363818
1651000 0.363818
1652000 0.363818
1653000 0.363818
1654000 0.363818
1655000 0.363818
1656000 0.363818
1657000 0.363818
1658000 0.363818
1659000 0.363818
1660000 0.363818
1661000 0.363818
1662000 0.363818
1663000 0.363818
1664000 0.363818
1665000 0.363818
1666000 0.363818
1667000 0.363818
1668000 0.363818
1669000 0.363818
1670000 0.363818
1671000 0.363818
1672000 0.363818
1673000 0.363818
1674000 0.363818
1675000 0.363818
1676000 0.363818
1677000 0.363818
1678000 0.363818
1679000 0.363818
1680000 0.363818
1681000 0.363818
1682000 0.363818
1683000 0.363818
1684000 0.363818
1685000 0.363818
1686000 0.363818
1687000 0.363818
1688000 0.363818
1689000 0.363818
1690000 0.363818
1691000 0.363818
1692000 0.363818
1693000 0.363818
1694000 0.363818
1695000 0.363818
1696000 0.363818
1697000 0.363818
1698000 0.363818
1699000 0.363818
1700000 0.363818
1701000 0.363818
1702000 0.363818
1703000 0.363818
1704000 0.363818
1705000 0.363818
1706000 0.363818
1707000 0.363818
1708000 0.363818
1709000 0.363818
1710000 0.363818
1711000 0.363818
1712000 0.363818
1713000 0.363818
1714000 0.363818
1715000 0.363818
1716000 0.363818
1717000 0.363818
1718000 0.363818
1719000 0.363818
1720000 0.363818
1721000 0.363818
1722000 0.363818
1723000 0.363818
1724000 0.363818
1725000 0.363818
1726000 0.363818
1727000 0.363818
1728000 0.363818
1729000 0.363818
1730000 0.363818
1731000 0.363818
1732000 0.363818
1733000 0.363818
1734000 0.363818
1735000 0.363818
1736000 0.363818
1737000 0.363818
1738000 0.363818
1739000 0.363818
1740000 0.363818
1741000 0.363818
1742000 0.363818
1743000 0.363818
1744000 0.363818
1745000 0.363818
1746000 0.363818
1747000 0.363818
1748000 0.363818
1749000 0.363818
1750000 0.363818
1751000 0.363818
1752000 0.363818
1753000 0.363818
1754000 0.363818
1755000 0.363818
1756000 0.363818
1757000 0.363818
1758000 0.363818
1759000 0.363818
1760000 0.363818
1761000 0.363818
1762000 0.363818
1763000 0.363818
1764000 0.363818
1765000 0.363818
1766000 0.363818
1767000 0.363818
1768000 0.363818
1769000 0.363818
1770000 0.363818
1771000 0.363818
1772000 0.363818
1773000 0.363818
1774000 0.363818
1775000 0.363818
1776000 0.363818
1777000 0.363818
1778000 0.363818
1779000 0.363818
1780000 0.363818
1781000 0.363818
1782000 0.363818
1783000 0.363818
1784000 0.363818
1785000 0.363818
1786000 0.363818
1787000 0.363818
1788000 0.363818
1789000 0.363818
1790000 0.363818
1791000 0.363818
1792000 0.363818
1793000 0.363818
1794000 0.363818
1795000 0.363818
1796000 0.363818
1797000 0.363818
1798000 0.363818
1799000 0.363818
1800000 0.363818
1801000 0.363818
1802000 0.363818
1803000 0.363818
1804000 0.363818
1805000 0.363818
1806000 0.363818
1807000 0.363818
1808000 0.363818
1809000 0.363818
1810000 0.363818
1811000 0.363818
1812000 0.363818
1813000 0.363818
1814000 0.363818
1815000 0.363818
1816000 0.363818
1817000 0.363818
1818000 0.363818
1819000 0.363818
1820000 0.363818
1821000 0.363818
1822000 0.363818
1823000 0.363818
1824000 0.363818
1825000 0.363818
1826000 0.363818
1827000 0.363818
1828000 0.363818
1829000 0.363818
1830000 0.363818
1831000 0.363818
1832000 0.363818
1833000 0.363818
1834000 0.363818
1835000 0.363818
1836000 0.363818
1837000 0.363818
1838000 0.363818
1839000 0.363818
1840000 0.363818
1841000 0.363818
1842000 0.363818
1843000 0.363818
1844000 0.363818
1845000 0.363818
1846000 0.363818
1847000 0.363818
1848000 0.363818
1849000 0.363818
1850000 0.363818
1851000 0.363818
1852000 0.363818
1853000 0.363818
1854000 0.363818
1855000 0.363818
1856000 0.363818
1857000 0.363818
1858000 0.363818
1859000 0.363818
1860000 0.363818
1861000 0.363818
1862000 0.363818
1863000 0.363818
1864000 0.363818
1865000 0.363818
1866000 0.363818
1867000 0.363818
1868000 0.363818
1869000 0.363818
1870000 0.363818
1871000 0.363818
1872000 0.363818
1873000 0.363818
1874000 0.363818
1875000 0.363818
1876000 0.364966
1877000 0.364966
1878000 0.364966
1879000 0.364966
1880000 0.364966
1881000 0.364966
1882000 0.364966
1883000 0.364966
1884000 0.364966
1885000 0.364966
1886000 0.364966
1887000 0.364966
1888000 0.364966
1889000 0.364966
1890000 0.364966
1891000 0.364966
1892000 0.364966
1893000 0.364966
1894000 0.364966
1895000 0.364966
1896000 0.364966
1897000 0.364966
1898000 0.364966
1899000 0.364966
1900000 0.364966
1901000 0.364966
1902000 0.364966
1903000 0.364966
1904000 0.364966
1905000 0.364966
1906000 0.366113
1907000 0.366113
1908000 0.366113
1909000 0.366113
1910000 0.366113
1911000 0.366113
1912000 0.366113
1913000 0.366113
1914000 0.366113
1915000 0.366113
1916000 0.366113
1917000 0.366113
1918000 0.366113
1919000 0.366113
1920000 0.366113
1921000 0.366113
1922000 0.366113
1923000 0.366113
1924000 0.366113
1925000 0.366113
1926000 0.366113
1927000 0.366113
1928000 0.366113
1929000 0.366113
1930000 0.366113
1931000 0.366113
1932000 0.366113
1933000 0.366113
1934000 0.366113
1935000 0.366113
1936000 0.366113
1937000 0.366113
1938000 0.366113
1939000 0.366113
1940000 0.366113
1941000 0.366113
1942000 0.366113
1943000 0.366113
1944000 0.366113
1945000 0.366113
1946000 0.366113
1947000 0.366113
1948000 0.366113
1949000 0.366113
1950000 0.366113
1951000 0.366113
1952000 0.366113
1953000 0.366113
1954000 0.366113
1955000 0.366113
1956000 0.366113
1957000 0.366113
1958000 0.366113
1959000 0.366113
1960000 0.366113
1961000 0.366113
1962000 0.366113
1963000 0.366113
1964000 0.366113
1965000 0.366113
1966000 0.366113
1967000 0.366113
1968000 0.366113
1969000 0.366113
1970000 0.366113
1971000 0.366113
1972000 0.366113
1973000 0.367261
1974000 0.367261
1975000 0.367261
1976000 0.367261
1977000 0.367261
1978000 0.367261
1979000 0.367261
1980000 0.367261
1981000 0.367261
1982000 0.367261
1983000 0.367261
1984000 0.367261
1985000 0.367261
1986000 0.367261
1987000 0.367261
1988000 0.367261
1989000 0.367261
1990000 0.367261
1991000 0.367261
1992000 0.367261
1993000 0.367261
1994000 0.367261
1995000 0.367261
1996000 0.367261
1997000 0.367261
1998000 0.367261
1999000 0.367261
2000000 0.367261
2001000 0.367261
2002000 0.367261
2003000 0.367261
2004000 0.367261
2005000 0.367261
2006000 0.367261
2007000 0.367261
2008000 0.367261
2009000 0.367261
2010000 0.367261
2011000 0.367261
2012000 0.367261
2013000 0.367261
2014000 0.367261
2015000 0.367261
2016000 0.367261
2017000 0.367261
2018000 0.367261
2019000 0.367261
2020000 0.367261
2021000 0.367261
2022000 0.367261
2023000 0.367261
2024000 0.367261
2025000 0.367261
2026000 0.367261
2027000 0.367261
2028000 0.367261
2029000 0.367261
2030000 0.367261
2031000 0.367261
2032000 0.367261
2033000 0.367261
2034000 0.367261
2035000 0.367261
2036000 0.367261
2037000 0.367261
2038000 0.367261
2039000 0.368409
2040000 0.368409
2041000 0.368409
2042000 0.368409
2043000 0.368409
2044000 0.368409
2045000 0.368409
2046000 0.368409
2047000 0.368409
2048000 0.368409
2049000 0.368409
2050000 0.368409
2051000 0.368409
2052000 0.368409
2053000 0.368409
2054000 0.368409
2055000 0.368409
2056000 0.368409
2057000 0.368409
2058000 0.368409
2059000 0.368409
2060000 0.368409
2061000 0.368409
2062000 0.368409
2063000 0.368409
2064000 0.368409
2065000 0.368409
2066000 0.368409
2067000 0.368409
2068000 0.368409
2069000 0.368409
2070000 0.368409
2071000 0.368409
2072000 0.368409
2073000 0.368409
2074000 0.368409
2075000 0.368409
2076000 0.368409
2077000 0.368409
2078000 0.368409
2079000 0.368409
2080000 0.368409
2081000 0.368409
2082000 0.368409
2083000 0.368409
2084000 0.368409
2085000 0.368409
2086000 0.368409
2087000 0.368409
2088000 0.368409
2089000 0.368409
2090000 0.368409
2091000 0.368409
2092000 0.368409
2093000 0.368409
2094000 0.368409
2095000 0.368409
2096000 0.368409
2097000 0.368409
2098000 0.368409
2099000 0.368409
2100000 0.368409
2101000 0.368409
2102000 0.368409
2103000 0.368409
2104000 0.368409
2105000 0.368409
2106000 0.368409
2107000 0.368409
2108000 0.368409
2109000 0.368409
2110000 0.368409
2111000 0.368409
2112000 0.368409
2113000 0.368409
2114000 0.368409
2115000 0.368409
2116000 0.368409
2117000 0.368409
2118000 0.368409
2119000 0.368409
2120000 0.368409
2121000 0.368409
2122000 0.368409
2123000 0.368409
2124000 0.368409
2125000 0.368409
2126000 0.368409
2127000 0.368409
2128000 0.368409
2129000 0.368409
2130000 0.368409
2131000 0.368409
2132000 0.368409
2133000 0.368409
2134000 0.368409
2135000 0.368409
2136000 0.368409
2137000 0.368409
2138000 0.368409
2139000 0.368409
2140000 0.368409
2141000 0.368409
2142000 0.368409
2143000 0.368409
2144000 0.368409
2145000 0.368409
2146000 0.368409
2147000 0.368409
2148000 0.368409
2149000 0.368409
2150000 0.368409
2151000 0.368409
2152000 0.368409
2153000 0.368409
2154000 0.368409
2155000 0.368409
2156000 0.368409
2157000 0.368409
2158000 0.368409
2159000 0.368409
2160000 0.368409
2161000 0.368409
2162000 0.368409
2163000 0.368409
2164000 0.368409
2165000 0.368409
2166000 0.368409
2167000 0.368409
2168000 0.368409
2169000 0.368409
2170000 0.368409
2171000 0.368409
2172000 0.368409
2173000 0.368409
2174000 0.368409
2175000 0.368409
2176000 0.368409
2177000 0.368409
2178000 0.368409
2179000 0.368409
2180000 0.368409
2181000 0.368409
2182000 0.368409
2183000 0.368409
2184000 0.368409
2185000 0.368409
2186000 0.368409
2187000 0.368409
2188000 0.368409
2189000 0.368409
2190000 0.368409
2191000 0.368409
2192000 0.368409
2193000 0.368409
2194000 0.368409
2195000 0.368409
2196000 0.368409
2197000 0.368409
2198000 0.368409
2199000 0.368409
2200000 0.368409
2201000 0.368409
2202000 0.368409
2203000 0.368409
2204000 0.368409
2205000 0.368409
2206000 0.368409
2207000 0.368409
2208000 0.368409
2209000 0.368409
2210000 0.368409
2211000 0.368409
2212000 0.368409
2213000 0.368409
2214000 0.368409
2215000 0.368409
2216000 0.368409
2217000 0.368409
2218000 0.368409
2219000 0.368409
2220000 0.368409
2221000 0.368409
2222000 0.368409
2223000 0.368409
2224000 0.368409
2225000 0.368409
2226000 0.368409
2227000 0.368409
2228000 0.368409
2229000 0.368409
2230000 0.368409
2231000 0.368409
2232000 0.368409
2233000 0.368409
2234000 0.368409
2235000 0.368409
2236000 0.368409
2237000 0.368409
2238000 0.368409
2239000 0.368409
2240000 0.368409
2241000 0.368409
2242000 0.368409
2243000 0.368409
2244000 0.368409
2245000 0.368409
2246000 0.368409
2247000 0.368409
2248000 0.368409
2249000 0.368409
2250000 0.368409
2251000 0.368409
2252000 0.368409
2253000 0.368409
2254000 0.368409
2255000 0.368409
2256000 0.368409
2257000 0.368409
2258000 0.368409
2259000 0.368409
2260000 0.368409
2261000 0.368409
2262000 0.368409
2263000 0.368409
2264000 0.368409
2265000 0.368409
2266000 0.368409
2267000 0.368409
2268000 0.368409
2269000 0.368409
2270000 0.368409
2271000 0.368409
2272000 0.368409
2273000 0.368409
2274000 0.368409
2275000 0.368409
2276000 0.368409
2277000 0.368409
2278000 0.368409
2279000 0.368409
2280000 0.368409
2281000 0.368409
2282000 0.368409
2283000 0.368409
2284000 0.368409
2285000 0.368409
2286000 0.368409
2287000 0.368409
2288000 0.368409
2289000 0.368409
2290000 0.368409
2291000 0.368409
2292000 0.368409
2293000 0.368409
2294000 0.368409
2295000 0.368409
2296000 0.368409
2297000 0.368409
2298000 0.368409
2299000 0.368409
2300000 0.368409
2301000 0.368409
2302000 0.368409
2303000 0.368409
2304000 0.368409
2305000 0.368409
2306000 0.368409
2307000 0.368409
2308000 0.368409
2309000 0.368409
2310000 0.368409
2311000 0.368409
2312000 0.368409
2313000 0.368409
2314000 0.368409
2315000 0.368409
2316000 0.368409
2317000 0.368409
2318000 0.368409
2319000 0.368409
2320000 0.368409
2321000 0.368409
2322000 0.368409
2323000 0.368409
2324000 0.368409
2325000 0.368409
2326000 0.368409
2327000 0.368409
2328000 0.368409
2329000 0.368409
2330000 0.368409
2331000 0.368409
2332000 0.368409
2333000 0.368409
2334000 0.368409
2335000 0.368409
2336000 0.368409
2337000 0.368409
2338000 0.368409
2339000 0.368409
2340000 0.368409
2341000 0.368409
2342000 0.368409
2343000 0.368409
2344000 0.368409
2345000 0.368409
2346000 0.368409
2347000 0.368409
2348000 0.368409
2349000 0.368409
2350000 0.368409
2351000 0.368409
2352000 0.368409
2353000 0.368409
2354000 0.368409
2355000 0.368409
2356000 0.368409
2357000 0.368409
2358000 0.368409
2359000 0.368409
2360000 0.368409
2361000 0.368409
2362000 0.368409
2363000 0.368409
2364000 0.368409
2365000 0.368409
2366000 0.368409
2367000 0.368409
2368000 0.368409
2369000 0.368409
2370000 0.368409
2371000 0.368409
2372000 0.368409
2373000 0.368409
2374000 0.368409
2375000 0.368409
2376000 0.368409
2377000 0.368409
2378000 0.368409
2379000 0.368409
2380000 0.368409
2381000 0.368409
2382000 0.368409
2383000 0.368409
2384000 0.368409
2385000 0.368409
2386000 0.368409
2387000 0.368409
2388000 0.368409
2389000 0.368409
2390000 0.368409
2391000 0.368409
2392000 0.368409
2393000 0.368409
2394000 0.368409
2395000 0.368409
2396000 0.368409
2397000 0.368409
2398000 0.368409
2399000 0.368409
2400000 0.368409
2401000 0.368409
2402000 0.368409
2403000 0.368409
2404000 0.368409
2405000 0.368409
2406000 0.368409
2407000 0.368409
2408000 0.368409
2409000 0.368409
2410000 0.368409
2411000 0.368409
2412000 0.368409
2413000 0.368409
2414000 0.368409
2415000 0.368409
2416000 0.368409
2417000 0.368409
2418000 0.368409
2419000 0.368409
2420000 0.368409
2421000 0.368409
2422000 0.368409
2423000 0.368409
2424000 0.368409
2425000 0.368409
2426000 0.368409
2427000 0.368409
2428000 0.368409
2429000 0.368409
2430000 0.368409
2431000 0.368409
2432000 0.368409
2433000 0.368409
2434000 0.368409
2435000 0.368409
2436000 0.368409
2437000 0.368409
2438000 0.368409
2439000 0.368409
2440000 0.368409
2441000 0.368409
2442000 0.368409
2443000 0.368409
2444000 0.368409
2445000 0.368409
2446000 0.368409
2447000 0.368409
2448000 0.368409
2449000 0.368409
2450000 0.368409
2451000 0.368409
2452000 0.368409
2453000 0.368409
2454000 0.368409
2455000 0.368409
2456000 0.368409
2457000 0.368409
2458000 0.368409
2459000 0.368409
2460000 0.368409
2461000 0.368409
2462000 0.368409
2463000 0.368409
2464000 0.368409
2465000 0.368409
2466000 0.368409
2467000 0.368409
2468000 0.368409
2469000 0.368409
2470000 0.368409
2471000 0.368409
2472000 0.368409
2473000 0.368409
2474000 0.368409
2475000 0.368409
2476000 0.368409
2477000 0.368409
2478000 0.368409
2479000 0.368409
2480000 0.368409
2481000 0.368409
2482000 0.368409
2483000 0.368409
2484000 0.368409
2485000 0.368409
2486000 0.368409
2487000 0.368409
2488000 0.368409
2489000 0.368409
2490000 0.368409
2491000 0.368409
2492000 0.368409
2493000 0.368409
2494000 0.368409
2495000 0.368409
2496000 0.368409
2497000 0.368409
2498000 0.368409
2499000 0.368409
2500000 0.368409
2501000 0.368409
2502000 0.368409
