0.000000000000000000e+00 0.000000000000000000e+00
1.000000000000000000e+00 1.060627299900365359e-03
2.000000000000000000e+00 5.711070076386581037e-04
3.000000000000000000e+00 1.060627299900365359e-03
4.000000000000000000e+00 9.790405845234142947e-04
5.000000000000000000e+00 9.790405845234142947e-04
6.000000000000000000e+00 8.974538691464629047e-04
7.000000000000000000e+00 1.305387446031218554e-03
8.000000000000000000e+00 8.974538691464629047e-04
9.000000000000000000e+00 8.158671537695117316e-04
1.000000000000000000e+01 4.895202922617071474e-04
1.100000000000000000e+01 1.305387446031218554e-03
1.200000000000000000e+01 9.790405845234142947e-04
1.300000000000000000e+01 8.158671537695117316e-04
1.400000000000000000e+01 6.526937230156092768e-04
1.500000000000000000e+01 1.060627299900365359e-03
1.600000000000000000e+01 1.223800730654267489e-03
1.700000000000000000e+01 1.060627299900365359e-03
1.800000000000000000e+01 1.468560876785121117e-03
1.900000000000000000e+01 8.158671537695117316e-04
2.000000000000000000e+01 8.974538691464629047e-04
2.100000000000000000e+01 8.158671537695117316e-04
2.200000000000000000e+01 1.060627299900365359e-03
2.300000000000000000e+01 1.305387446031218554e-03
2.400000000000000000e+01 1.142214015277316207e-03
2.500000000000000000e+01 1.386974161408169835e-03
2.600000000000000000e+01 9.790405845234142947e-04
2.700000000000000000e+01 1.223800730654267489e-03
2.800000000000000000e+01 1.060627299900365359e-03
2.900000000000000000e+01 9.790405845234142947e-04
3.000000000000000000e+01 8.974538691464629047e-04
3.100000000000000000e+01 7.342804383925605584e-04
3.200000000000000000e+01 1.550147592162072182e-03
3.300000000000000000e+01 1.305387446031218554e-03
3.400000000000000000e+01 6.526937230156092768e-04
3.500000000000000000e+01 1.223800730654267489e-03
3.600000000000000000e+01 9.790405845234142947e-04
3.700000000000000000e+01 1.713321022915974745e-03
3.800000000000000000e+01 1.142214015277316207e-03
3.900000000000000000e+01 8.974538691464629047e-04
4.000000000000000000e+01 7.342804383925605584e-04
4.100000000000000000e+01 1.794907738292925809e-03
4.200000000000000000e+01 1.142214015277316207e-03
4.300000000000000000e+01 6.526937230156092768e-04
4.400000000000000000e+01 8.158671537695117316e-04
4.500000000000000000e+01 1.060627299900365359e-03
4.600000000000000000e+01 6.526937230156092768e-04
4.700000000000000000e+01 8.974538691464629047e-04
4.800000000000000000e+01 8.974538691464629047e-04
4.900000000000000000e+01 8.158671537695117316e-04
5.000000000000000000e+01 8.974538691464629047e-04
5.100000000000000000e+01 1.060627299900365359e-03
5.200000000000000000e+01 1.223800730654267489e-03
5.300000000000000000e+01 6.526937230156092768e-04
5.400000000000000000e+01 1.305387446031218554e-03
5.500000000000000000e+01 8.158671537695117316e-04
5.600000000000000000e+01 5.711070076386581037e-04
5.700000000000000000e+01 7.342804383925605584e-04
5.800000000000000000e+01 9.790405845234142947e-04
5.900000000000000000e+01 9.790405845234142947e-04
6.000000000000000000e+01 1.142214015277316207e-03
6.100000000000000000e+01 1.060627299900365359e-03
6.200000000000000000e+01 1.060627299900365359e-03
6.300000000000000000e+01 7.342804383925605584e-04
6.400000000000000000e+01 7.342804383925605584e-04
6.500000000000000000e+01 1.305387446031218554e-03
6.600000000000000000e+01 8.158671537695117316e-04
6.700000000000000000e+01 5.711070076386581037e-04
6.800000000000000000e+01 6.526937230156092768e-04
6.900000000000000000e+01 6.526937230156092768e-04
7.000000000000000000e+01 1.468560876785121117e-03
7.100000000000000000e+01 1.142214015277316207e-03
7.200000000000000000e+01 8.974538691464629047e-04
7.300000000000000000e+01 8.158671537695117316e-04
7.400000000000000000e+01 1.060627299900365359e-03
7.500000000000000000e+01 1.060627299900365359e-03
7.600000000000000000e+01 9.790405845234142947e-04
7.700000000000000000e+01 1.223800730654267489e-03
7.800000000000000000e+01 8.158671537695117316e-04
7.900000000000000000e+01 1.386974161408169835e-03
8.000000000000000000e+01 1.305387446031218554e-03
8.100000000000000000e+01 6.526937230156092768e-04
8.200000000000000000e+01 1.386974161408169835e-03
8.300000000000000000e+01 9.790405845234142947e-04
8.400000000000000000e+01 6.526937230156092768e-04
8.500000000000000000e+01 9.790405845234142947e-04
8.600000000000000000e+01 1.713321022915974745e-03
8.700000000000000000e+01 8.158671537695117316e-04
8.800000000000000000e+01 8.974538691464629047e-04
8.900000000000000000e+01 8.974538691464629047e-04
9.000000000000000000e+01 9.790405845234142947e-04
9.100000000000000000e+01 1.142214015277316207e-03
9.200000000000000000e+01 7.342804383925605584e-04
9.300000000000000000e+01 8.158671537695117316e-04
9.400000000000000000e+01 1.223800730654267489e-03
9.500000000000000000e+01 1.713321022915974745e-03
9.600000000000000000e+01 8.974538691464629047e-04
9.700000000000000000e+01 1.386974161408169835e-03
9.800000000000000000e+01 1.060627299900365359e-03
9.900000000000000000e+01 8.974538691464629047e-04
1.000000000000000000e+02 1.305387446031218554e-03
1.010000000000000000e+02 9.790405845234142947e-04
1.020000000000000000e+02 1.468560876785121117e-03
1.030000000000000000e+02 8.974538691464629047e-04
1.040000000000000000e+02 1.468560876785121117e-03
1.050000000000000000e+02 1.713321022915974745e-03
1.060000000000000000e+02 1.305387446031218554e-03
1.070000000000000000e+02 1.468560876785121117e-03
1.080000000000000000e+02 1.142214015277316207e-03
1.090000000000000000e+02 1.142214015277316207e-03
1.100000000000000000e+02 1.060627299900365359e-03
1.110000000000000000e+02 1.631734307539023463e-03
1.120000000000000000e+02 8.158671537695117316e-04
1.130000000000000000e+02 8.158671537695117316e-04
1.140000000000000000e+02 9.790405845234142947e-04
1.150000000000000000e+02 1.060627299900365359e-03
1.160000000000000000e+02 1.142214015277316207e-03
1.170000000000000000e+02 7.342804383925605584e-04
1.180000000000000000e+02 4.079335768847558658e-04
1.190000000000000000e+02 7.342804383925605584e-04
1.200000000000000000e+02 7.342804383925605584e-04
1.210000000000000000e+02 9.790405845234142947e-04
1.220000000000000000e+02 1.060627299900365359e-03
1.230000000000000000e+02 9.790405845234142947e-04
1.240000000000000000e+02 8.158671537695117316e-04
1.250000000000000000e+02 7.342804383925605584e-04
1.260000000000000000e+02 5.711070076386581037e-04
1.270000000000000000e+02 8.158671537695117316e-04
1.280000000000000000e+02 8.974538691464629047e-04
1.290000000000000000e+02 7.342804383925605584e-04
1.300000000000000000e+02 1.876494453669877091e-03
1.310000000000000000e+02 9.790405845234142947e-04
1.320000000000000000e+02 6.526937230156092768e-04
1.330000000000000000e+02 1.142214015277316207e-03
1.340000000000000000e+02 8.974538691464629047e-04
1.350000000000000000e+02 4.895202922617071474e-04
1.360000000000000000e+02 7.342804383925605584e-04
1.370000000000000000e+02 8.974538691464629047e-04
1.380000000000000000e+02 1.142214015277316207e-03
1.390000000000000000e+02 9.790405845234142947e-04
1.400000000000000000e+02 9.790405845234142947e-04
1.410000000000000000e+02 1.305387446031218554e-03
1.420000000000000000e+02 7.342804383925605584e-04
1.430000000000000000e+02 1.223800730654267489e-03
1.440000000000000000e+02 1.060627299900365359e-03
1.450000000000000000e+02 1.223800730654267489e-03
1.460000000000000000e+02 1.223800730654267489e-03
1.470000000000000000e+02 9.790405845234142947e-04
1.480000000000000000e+02 1.223800730654267489e-03
1.490000000000000000e+02 1.305387446031218554e-03
1.500000000000000000e+02 1.550147592162072182e-03
1.510000000000000000e+02 1.223800730654267489e-03
1.520000000000000000e+02 7.342804383925605584e-04
1.530000000000000000e+02 1.550147592162072182e-03
1.540000000000000000e+02 8.974538691464629047e-04
1.550000000000000000e+02 8.158671537695117316e-04
1.560000000000000000e+02 1.142214015277316207e-03
1.570000000000000000e+02 9.790405845234142947e-04
1.580000000000000000e+02 1.142214015277316207e-03
1.590000000000000000e+02 9.790405845234142947e-04
1.600000000000000000e+02 1.468560876785121117e-03
1.610000000000000000e+02 8.158671537695117316e-04
1.620000000000000000e+02 4.079335768847558658e-04
1.630000000000000000e+02 1.468560876785121117e-03
1.640000000000000000e+02 1.223800730654267489e-03
1.650000000000000000e+02 1.060627299900365359e-03
1.660000000000000000e+02 1.060627299900365359e-03
1.670000000000000000e+02 1.223800730654267489e-03
1.680000000000000000e+02 1.060627299900365359e-03
1.690000000000000000e+02 6.526937230156092768e-04
1.700000000000000000e+02 1.468560876785121117e-03
1.710000000000000000e+02 1.223800730654267489e-03
1.720000000000000000e+02 1.713321022915974745e-03
1.730000000000000000e+02 1.876494453669877091e-03
1.740000000000000000e+02 2.039667884423779221e-03
1.750000000000000000e+02 9.790405845234142947e-04
1.760000000000000000e+02 1.550147592162072182e-03
1.770000000000000000e+02 1.468560876785121117e-03
1.780000000000000000e+02 2.121254599800730719e-03
1.790000000000000000e+02 1.223800730654267489e-03
1.800000000000000000e+02 1.060627299900365359e-03
1.810000000000000000e+02 1.305387446031218554e-03
1.820000000000000000e+02 9.790405845234142947e-04
1.830000000000000000e+02 9.790405845234142947e-04
1.840000000000000000e+02 1.386974161408169835e-03
1.850000000000000000e+02 1.468560876785121117e-03
1.860000000000000000e+02 1.794907738292925809e-03
1.870000000000000000e+02 1.305387446031218554e-03
1.880000000000000000e+02 1.386974161408169835e-03
1.890000000000000000e+02 1.713321022915974745e-03
1.900000000000000000e+02 1.386974161408169835e-03
1.910000000000000000e+02 1.876494453669877091e-03
1.920000000000000000e+02 1.631734307539023463e-03
1.930000000000000000e+02 1.550147592162072182e-03
1.940000000000000000e+02 2.039667884423779221e-03
1.950000000000000000e+02 1.794907738292925809e-03
1.960000000000000000e+02 1.794907738292925809e-03
1.970000000000000000e+02 2.447601461308534978e-03
1.980000000000000000e+02 2.121254599800730719e-03
1.990000000000000000e+02 1.631734307539023463e-03
2.000000000000000000e+02 1.876494453669877091e-03
2.010000000000000000e+02 1.550147592162072182e-03
2.020000000000000000e+02 2.039667884423779221e-03
2.030000000000000000e+02 1.468560876785121117e-03
2.040000000000000000e+02 1.713321022915974745e-03
2.050000000000000000e+02 2.039667884423779221e-03
2.060000000000000000e+02 1.713321022915974745e-03
2.070000000000000000e+02 1.876494453669877091e-03
2.080000000000000000e+02 1.958081169046828589e-03
2.090000000000000000e+02 1.631734307539023463e-03
2.100000000000000000e+02 2.529188176685486043e-03
2.110000000000000000e+02 2.121254599800730719e-03
2.120000000000000000e+02 1.713321022915974745e-03
2.130000000000000000e+02 1.142214015277316207e-03
2.140000000000000000e+02 1.794907738292925809e-03
2.150000000000000000e+02 1.794907738292925809e-03
2.160000000000000000e+02 1.794907738292925809e-03
2.170000000000000000e+02 1.794907738292925809e-03
2.180000000000000000e+02 1.550147592162072182e-03
2.190000000000000000e+02 1.468560876785121117e-03
2.200000000000000000e+02 1.305387446031218554e-03
2.210000000000000000e+02 1.794907738292925809e-03
2.220000000000000000e+02 2.039667884423779221e-03
2.230000000000000000e+02 1.223800730654267489e-03
2.240000000000000000e+02 1.550147592162072182e-03
2.250000000000000000e+02 1.386974161408169835e-03
2.260000000000000000e+02 1.631734307539023463e-03
2.270000000000000000e+02 1.223800730654267489e-03
2.280000000000000000e+02 2.447601461308534978e-03
2.290000000000000000e+02 1.876494453669877091e-03
2.300000000000000000e+02 1.550147592162072182e-03
2.310000000000000000e+02 1.794907738292925809e-03
2.320000000000000000e+02 1.631734307539023463e-03
2.330000000000000000e+02 2.039667884423779221e-03
2.340000000000000000e+02 1.142214015277316207e-03
2.350000000000000000e+02 1.305387446031218554e-03
2.360000000000000000e+02 1.631734307539023463e-03
2.370000000000000000e+02 1.631734307539023463e-03
2.380000000000000000e+02 1.468560876785121117e-03
2.390000000000000000e+02 1.468560876785121117e-03
2.400000000000000000e+02 1.550147592162072182e-03
2.410000000000000000e+02 1.468560876785121117e-03
2.420000000000000000e+02 1.386974161408169835e-03
2.430000000000000000e+02 1.631734307539023463e-03
2.440000000000000000e+02 1.550147592162072182e-03
2.450000000000000000e+02 1.386974161408169835e-03
2.460000000000000000e+02 1.386974161408169835e-03
2.470000000000000000e+02 1.142214015277316207e-03
2.480000000000000000e+02 1.713321022915974745e-03
2.490000000000000000e+02 1.305387446031218554e-03
2.500000000000000000e+02 8.974538691464629047e-04
