# Time-averaged data for fix myat2
# TimeStep v_density
3000 0.00350792
4000 0.000584654
5000 0.00175396
6000 0.00175396
7000 0.00116931
8000 0.00233861
9000 0.000584654
10000 0.000584654
11000 0.00116931
12000 0.00175396
13000 0.00175396
14000 0.00233861
15000 0.00233861
16000 0.00292327
17000 0.00116931
18000 0.00116931
19000 0.00233861
20000 0.00116931
21000 0.00116931
22000 0.00175396
23000 0.00175396
24000 0.000584654
25000 0.00116931
26000 0.00175396
27000 0.000584654
28000 0.00292327
29000 0.00175396
30000 0.00233861
31000 0.00175396
32000 0.00175396
33000 0.00292327
34000 0.00116931
35000 0.00116931
36000 0.00116931
37000 0.00116931
38000 0.000584654
39000 0.00116931
40000 0.00175396
41000 0.000584654
42000 0.00116931
43000 0.000584654
44000 0.00116931
45000 0.000584654
46000 0.00116931
47000 0.00233861
48000 0.00116931
49000 0.00175396
50000 0.00116931
51000 0.00233861
52000 0.000584654
53000 0.000584654
54000 0.000584654
55000 0.00175396
56000 0.00175396
57000 0.000584654
58000 0.00175396
59000 0.00175396
60000 0.00175396
61000 0.00175396
62000 0.00116931
63000 0.00175396
64000 0.00116931
65000 0.00116931
66000 0.00116931
67000 0.000584654
68000 0.00175396
69000 0.000584654
70000 0.00175396
71000 0.00175396
72000 0.000584654
73000 0.00175396
74000 0.000584654
75000 0.00233861
76000 0.00175396
77000 0.00175396
78000 0.00116931
79000 0.00116931
80000 0.00116931
81000 0.000584654
82000 0.00175396
83000 0.00116931
84000 0.000584654
85000 0.00175396
86000 0.00116931
87000 0.00116931
88000 0.00175396
89000 0.00116931
90000 0.00116931
91000 0.00116931
92000 0.000584654
93000 0.000584654
94000 0.00116931
95000 0.00116931
96000 0.00175396
97000 0.000584654
98000 0.00116931
99000 0.00233861
100000 0.00116931
101000 0.00175396
102000 0.00116931
103000 0.00292327
104000 0.000584654
105000 0.000584654
106000 0.00175396
107000 0.000584654
108000 0.00233861
109000 0.00116931
110000 0.000584654
111000 0.00175396
112000 0.000584654
113000 0.00175396
114000 0.00233861
115000 0.00116931
116000 0.00175396
117000 0.00116931
118000 0.00292327
119000 0.00233861
120000 0.00175396
121000 0.00175396
122000 0.00116931
123000 0.00233861
124000 0.00116931
125000 0.000584654
126000 0.00175396
127000 0.000584654
128000 0.000584654
129000 0.000584654
130000 0.000584654
131000 0.000584654
132000 0.00116931
133000 0.00292327
134000 0.000584654
135000 0.00233861
136000 0.00292327
137000 0.00175396
138000 0.00233861
139000 0.000584654
140000 0.00116931
141000 0.00175396
142000 0.00116931
143000 0.00116931
144000 0.000584654
145000 0.00116931
146000 0.00116931
147000 0.00175396
148000 0.000584654
149000 0.000584654
150000 0.00175396
151000 0.000584654
152000 0.00175396
153000 0.000584654
154000 0.000584654
155000 0.00116931
156000 0.000584654
157000 0.00175396
158000 0.00175396
159000 0.000584654
160000 0.00175396
161000 0.00116931
162000 0.00292327
163000 0.00116931
164000 0.000584654
165000 0.00175396
166000 0.000584654
167000 0.00233861
168000 0.000584654
169000 0.00292327
170000 0.000584654
171000 0.00116931
172000 0.00116931
173000 0.00175396
174000 0.000584654
175000 0.00175396
176000 0.000584654
177000 0.00175396
178000 0.00116931
179000 0.000584654
180000 0.00175396
181000 0.00233861
182000 0.00116931
183000 0.00175396
184000 0.00116931
185000 0.00116931
186000 0.00233861
187000 0.00116931
188000 0.000584654
189000 0.00116931
190000 0.000584654
191000 0.000584654
192000 0.00233861
193000 0.00116931
194000 0.000584654
195000 0.00175396
196000 0.000584654
197000 0.000584654
198000 0.000584654
199000 0.000584654
200000 0.000584654
201000 0.000584654
202000 0.00116931
203000 0.00233861
204000 0.000584654
205000 0.00175396
206000 0.000584654
207000 0.00116931
208000 0.00175396
209000 0.000584654
210000 0.000584654
211000 0.00233861
212000 0.00292327
213000 0.00116931
214000 0.000584654
215000 0.00116931
216000 0.000584654
217000 0.00292327
218000 0.000584654
219000 0.00116931
220000 0.000584654
221000 0.00175396
222000 0.000584654
223000 0.00116931
224000 0.000584654
225000 0.000584654
226000 0.00233861
227000 0.00233861
228000 0.00175396
229000 0.00116931
230000 0.00233861
231000 0.000584654
232000 0.00175396
233000 0.00116931
234000 0.000584654
235000 0.00233861
236000 0.000584654
237000 0.000584654
238000 0.00116931
239000 0.00116931
240000 0.00116931
241000 0.00116931
242000 0.000584654
243000 0.000584654
244000 0.000584654
245000 0.000584654
246000 0.00233861
247000 0.000584654
248000 0.000584654
249000 0.000584654
250000 0.000584654
251000 0.000584654
252000 0.00233861
253000 0.000584654
254000 0.00116931
255000 0.00175396
256000 0.000584654
257000 0.00175396
258000 0.00116931
259000 0.00116931
260000 0.000584654
261000 0.000584654
262000 0.00175396
263000 0.000584654
264000 0.000584654
265000 0.00116931
266000 0.00116931
267000 0.000584654
268000 0.00116931
269000 0.00116931
270000 0.00233861
271000 0.000584654
272000 0.00116931
273000 0.00116931
274000 0.00116931
275000 0.00175396
276000 0.00233861
277000 0.00233861
278000 0.00233861
279000 0.00175396
280000 0.00116931
281000 0.00175396
282000 0.00116931
283000 0.00175396
284000 0.00175396
285000 0.00233861
286000 0.000584654
287000 0.00116931
288000 0.00175396
289000 0.00116931
290000 0.00116931
291000 0.000584654
292000 0.00116931
293000 0.000584654
294000 0.00233861
295000 0.00292327
296000 0.00116931
297000 0.00175396
298000 0.00116931
299000 0.00116931
300000 0.00175396
301000 0.000584654
302000 0.00350792
303000 0.00292327
304000 0.00175396
305000 0.00175396
306000 0.00116931
307000 0.000584654
308000 0.00175396
309000 0.000584654
310000 0.00116931
311000 0.00175396
312000 0.000584654
313000 0.00233861
314000 0.00175396
315000 0.00175396
316000 0.000584654
317000 0.000584654
318000 0.00116931
319000 0.00116931
320000 0.00175396
321000 0.000584654
322000 0.00116931
323000 0.00116931
324000 0.00116931
325000 0.00116931
326000 0.00175396
327000 0.00116931
328000 0.00175396
329000 0.00116931
330000 0.000584654
331000 0.00116931
332000 0.00175396
333000 0.00116931
334000 0.00116931
335000 0.00175396
336000 0.000584654
337000 0.000584654
338000 0.00175396
339000 0.00116931
340000 0.00116931
341000 0.000584654
342000 0.00116931
343000 0.00116931
344000 0.00116931
345000 0.00175396
346000 0.000584654
347000 0.00116931
348000 0.00116931
349000 0.00175396
350000 0.00116931
351000 0.000584654
352000 0.00292327
353000 0.00116931
354000 0.00116931
355000 0.00116931
356000 0.00175396
357000 0.00116931
358000 0.00116931
359000 0.000584654
360000 0.00116931
361000 0.00116931
362000 0.000584654
363000 0.00116931
364000 0.00175396
365000 0.000584654
366000 0.00233861
367000 0.00292327
368000 0.00175396
369000 0.00116931
370000 0.00233861
371000 0.000584654
372000 0.000584654
373000 0.00175396
374000 0.00175396
375000 0.00175396
376000 0.000584654
377000 0.00116931
378000 0.00116931
379000 0.00116931
380000 0.00175396
381000 0.000584654
382000 0.00175396
383000 0.00116931
384000 0.000584654
385000 0.00116931
386000 0.00175396
387000 0.000584654
388000 0.00292327
389000 0.00175396
390000 0.000584654
391000 0.00175396
392000 0.00116931
393000 0.00175396
394000 0.000584654
395000 0.00175396
396000 0.00116931
397000 0.000584654
398000 0.000584654
399000 0.000584654
400000 0.00116931
401000 0.000584654
402000 0.00116931
403000 0.00233861
404000 0.00116931
405000 0.00116931
406000 0.00175396
407000 0.00116931
408000 0.00175396
409000 0.00116931
410000 0.00233861
411000 0.00116931
412000 0.000584654
413000 0.00175396
414000 0.00116931
415000 0.00116931
416000 0.00233861
417000 0.00175396
418000 0.00116931
419000 0.000584654
420000 0.00116931
421000 0.00116931
422000 0.00350792
423000 0.00233861
424000 0.000584654
425000 0.000584654
426000 0.00116931
427000 0.000584654
428000 0.00175396
429000 0.00116931
430000 0.00233861
431000 0.00116931
432000 0.00175396
433000 0.00175396
434000 0.00116931
435000 0.000584654
436000 0.00116931
437000 0.000584654
438000 0.00175396
439000 0.000584654
440000 0.00175396
441000 0.00175396
442000 0.00175396
443000 0.00116931
444000 0.00116931
445000 0.00116931
446000 0.00292327
447000 0.00175396
448000 0.00175396
449000 0.00116931
450000 0.00175396
451000 0.00233861
452000 0.00233861
453000 0.00116931
454000 0.00175396
455000 0.000584654
456000 0.00116931
457000 0.00350792
458000 0.000584654
459000 0.000584654
460000 0.000584654
461000 0.00175396
462000 0.00116931
463000 0.000584654
464000 0.00409258
465000 0.00116931
466000 0.00116931
467000 0.00233861
468000 0.00175396
469000 0.00116931
470000 0.000584654
471000 0.00175396
472000 0.00233861
473000 0.000584654
474000 0.00116931
475000 0.000584654
476000 0.000584654
477000 0.000584654
478000 0.00116931
479000 0.000584654
480000 0.00350792
481000 0.00233861
482000 0.000584654
483000 0.00175396
484000 0.000584654
485000 0.00175396
486000 0.00116931
487000 0.00116931
488000 0.000584654
489000 0.00116931
490000 0.000584654
491000 0.00116931
492000 0.00116931
493000 0.000584654
494000 0.00116931
495000 0.00175396
496000 0.00175396
497000 0.000584654
498000 0.00175396
499000 0.00116931
500000 0.000584654
501000 0.00292327
502000 0.00175396
503000 0.000584654
504000 0.00116931
505000 0.00116931
506000 0.00116931
507000 0.000584654
508000 0.00116931
509000 0.000584654
510000 0.000584654
511000 0.000584654
512000 0.000584654
513000 0.00175396
514000 0.00116931
515000 0.00233861
516000 0.00292327
517000 0.000584654
518000 0.00116931
519000 0.00175396
520000 0.00116931
521000 0.00292327
522000 0.00116931
523000 0.00175396
524000 0.00175396
525000 0.000584654
526000 0.00116931
527000 0.00116931
528000 0.00175396
529000 0.00175396
530000 0.00233861
531000 0.00116931
532000 0.000584654
533000 0.00116931
534000 0.00292327
535000 0.00116931
536000 0.00233861
537000 0.00350792
538000 0.00116931
539000 0.00175396
540000 0.00175396
541000 0.00175396
542000 0.00233861
543000 0.000584654
544000 0.000584654
545000 0.00175396
546000 0.00116931
547000 0.000584654
548000 0.00233861
549000 0.00116931
550000 0.00175396
551000 0.00175396
552000 0.00233861
553000 0.000584654
554000 0.00116931
555000 0.00116931
556000 0.000584654
557000 0.000584654
558000 0.000584654
559000 0.00116931
560000 0.00116931
561000 0.00116931
562000 0.000584654
563000 0.000584654
564000 0.00116931
565000 0.00233861
566000 0.000584654
567000 0.00116931
568000 0.00233861
569000 0.00233861
570000 0.00233861
571000 0.00175396
572000 0.000584654
573000 0.000584654
574000 0.000584654
575000 0.00292327
576000 0.00233861
577000 0.000584654
578000 0.00175396
579000 0.000584654
580000 0.00175396
581000 0.00116931
582000 0.00292327
583000 0.00116931
584000 0.00116931
585000 0.000584654
586000 0.000584654
587000 0.000584654
588000 0.000584654
589000 0.000584654
590000 0.000584654
591000 0.000584654
592000 0.00175396
593000 0.000584654
594000 0.00233861
595000 0.00175396
596000 0.00233861
597000 0.00233861
598000 0.000584654
599000 0.00116931
600000 0.000584654
601000 0.00175396
602000 0.00233861
603000 0.000584654
604000 0.00175396
605000 0.000584654
606000 0.00116931
607000 0.000584654
608000 0.00175396
609000 0.00116931
610000 0.00175396
611000 0.00175396
612000 0.000584654
613000 0.000584654
614000 0.000584654
615000 0.000584654
616000 0.000584654
617000 0.000584654
618000 0.00116931
619000 0.000584654
620000 0.000584654
621000 0.00233861
622000 0.00116931
623000 0.00116931
624000 0.00175396
625000 0.000584654
626000 0.000584654
627000 0.00116931
628000 0.00116931
629000 0.000584654
630000 0.00233861
631000 0.00116931
632000 0.00175396
633000 0.00175396
634000 0.00233861
635000 0.000584654
636000 0.00175396
637000 0.00175396
638000 0.00292327
639000 0.00116931
640000 0.00116931
641000 0.00116931
642000 0.00175396
643000 0.000584654
644000 0.00116931
645000 0.00116931
646000 0.000584654
647000 0.000584654
648000 0.00116931
649000 0.00175396
650000 0.000584654
651000 0.00116931
652000 0.00292327
653000 0.00116931
654000 0.00116931
655000 0.00116931
656000 0.00175396
657000 0.000584654
658000 0.000584654
659000 0.00175396
660000 0.000584654
661000 0.000584654
662000 0.00116931
663000 0.000584654
664000 0.00116931
665000 0.00116931
666000 0.000584654
667000 0.00175396
668000 0.00116931
669000 0.000584654
670000 0.00175396
671000 0.000584654
672000 0.00116931
673000 0.000584654
674000 0.000584654
675000 0.00116931
676000 0.00175396
677000 0.000584654
678000 0.00116931
679000 0.00233861
680000 0.000584654
681000 0.00116931
682000 0.000584654
683000 0.00116931
684000 0.000584654
685000 0.000584654
686000 0.00175396
687000 0.00116931
688000 0.00116931
689000 0.00175396
690000 0.000584654
691000 0.00175396
692000 0.00116931
693000 0.00116931
694000 0.000584654
695000 0.00292327
696000 0.00233861
697000 0.00175396
698000 0.000584654
699000 0.00116931
700000 0.000584654
701000 0.00116931
702000 0.00116931
703000 0.00116931
704000 0.00116931
705000 0.00116931
706000 0.000584654
707000 0.00116931
708000 0.00175396
709000 0.00116931
710000 0.000584654
711000 0.000584654
712000 0.00116931
713000 0.00233861
714000 0.000584654
715000 0.000584654
716000 0.000584654
717000 0.000584654
718000 0.00116931
719000 0.00233861
720000 0.00116931
721000 0.00175396
722000 0.00233861
723000 0.00175396
724000 0.000584654
725000 0.000584654
726000 0.000584654
727000 0.00116931
728000 0.000584654
729000 0.00116931
730000 0.00116931
731000 0.00116931
732000 0.000584654
733000 0.00233861
734000 0.00175396
735000 0.00175396
736000 0.00116931
737000 0.00116931
738000 0.00175396
739000 0.000584654
740000 0.000584654
741000 0.00116931
742000 0.000584654
743000 0.00116931
744000 0.000584654
745000 0.000584654
746000 0.00116931
747000 0.00116931
748000 0.00116931
749000 0.000584654
750000 0.000584654
751000 0.00116931
752000 0.000584654
753000 0.000584654
754000 0.000584654
755000 0.000584654
756000 0.000584654
757000 0.000584654
758000 0.00116931
759000 0.00292327
760000 0.000584654
761000 0.00116931
762000 0.00233861
763000 0.000584654
764000 0.00233861
765000 0.000584654
766000 0.00116931
767000 0.00233861
768000 0.000584654
769000 0.00116931
770000 0.000584654
771000 0.00116931
772000 0.00233861
773000 0.00233861
774000 0.00233861
775000 0.000584654
776000 0.00116931
777000 0.00175396
778000 0.00116931
779000 0.00116931
780000 0.00116931
781000 0.00116931
782000 0.000584654
783000 0.000584654
784000 0.000584654
785000 0.00175396
786000 0.00175396
787000 0.000584654
788000 0.00292327
789000 0.000584654
790000 0.00175396
791000 0.00116931
792000 0.00175396
793000 0.00233861
794000 0.00175396
795000 0.000584654
796000 0.000584654
797000 0.000584654
798000 0.000584654
799000 0.000584654
800000 0.000584654
801000 0.00116931
802000 0.00292327
803000 0.00175396
804000 0.00116931
805000 0.00175396
806000 0.00116931
807000 0.000584654
808000 0.00292327
809000 0.000584654
810000 0.000584654
811000 0.000584654
812000 0.000584654
813000 0.000584654
814000 0.00116931
815000 0.000584654
816000 0.00116931
817000 0.00116931
818000 0.000584654
819000 0.00175396
820000 0.00116931
821000 0.00175396
822000 0.00116931
823000 0.00233861
824000 0.000584654
825000 0.00116931
826000 0.00116931
827000 0.00233861
828000 0.00116931
829000 0.00175396
830000 0.00116931
831000 0.000584654
832000 0.00233861
833000 0.00116931
834000 0.00233861
835000 0.000584654
836000 0.000584654
837000 0.00116931
838000 0.00175396
839000 0.00233861
840000 0.00116931
841000 0.00116931
842000 0.00116931
843000 0.00233861
844000 0.000584654
845000 0.00116931
846000 0.00175396
847000 0.000584654
848000 0.00233861
849000 0.000584654
850000 0.00116931
851000 0.00175396
852000 0.00116931
853000 0.00116931
854000 0.00116931
855000 0.00233861
856000 0.00116931
857000 0.00116931
858000 0.000584654
859000 0.000584654
860000 0.000584654
861000 0.00116931
862000 0.000584654
863000 0.00116931
864000 0.00233861
865000 0.00175396
866000 0.00116931
867000 0.00292327
868000 0.00116931
869000 0.00116931
870000 0.000584654
871000 0.00116931
872000 0.000584654
873000 0.00175396
874000 0.000584654
875000 0.00116931
876000 0.00292327
877000 0.00116931
878000 0.00116931
879000 0.00116931
880000 0.00116931
881000 0.00116931
882000 0.00175396
883000 0.000584654
884000 0.00116931
885000 0.000584654
886000 0.000584654
887000 0.000584654
888000 0.00175396
889000 0.00116931
890000 0.00175396
891000 0.00233861
892000 0.000584654
893000 0.00116931
894000 0.00116931
895000 0.00175396
896000 0.00175396
897000 0.000584654
898000 0.00175396
899000 0.00116931
900000 0.00175396
901000 0.00116931
902000 0.000584654
903000 0.00116931
904000 0.00175396
905000 0.000584654
906000 0.00116931
907000 0.00292327
908000 0.00116931
909000 0.000584654
910000 0.000584654
911000 0.00233861
912000 0.000584654
913000 0.000584654
914000 0.00233861
915000 0.00116931
916000 0.000584654
917000 0.00116931
918000 0.00233861
919000 0.00116931
920000 0.00175396
921000 0.00292327
922000 0.000584654
923000 0.00175396
924000 0.00116931
925000 0.00175396
926000 0.00116931
927000 0.00233861
928000 0.00116931
929000 0.00175396
930000 0.00116931
931000 0.000584654
932000 0.000584654
933000 0.000584654
934000 0.00116931
935000 0.00409258
936000 0.00233861
937000 0.00116931
938000 0.00350792
939000 0.00116931
940000 0.00175396
941000 0.00233861
942000 0.000584654
943000 0.00175396
944000 0.00116931
945000 0.00116931
946000 0.000584654
947000 0.00175396
948000 0.00116931
949000 0.00175396
950000 0.000584654
951000 0.000584654
952000 0.00233861
953000 0.00116931
954000 0.000584654
955000 0.00233861
956000 0.00233861
957000 0.00233861
958000 0.000584654
959000 0.00116931
960000 0.00175396
961000 0.000584654
962000 0.000584654
963000 0.000584654
964000 0.00292327
965000 0.000584654
966000 0.00116931
967000 0.00175396
968000 0.00175396
969000 0.000584654
970000 0.000584654
971000 0.000584654
972000 0.000584654
973000 0.00350792
974000 0.000584654
975000 0.000584654
976000 0.000584654
977000 0.000584654
978000 0.000584654
979000 0.00175396
980000 0.00116931
981000 0.00409258
982000 0.00116931
983000 0.000584654
984000 0.00116931
985000 0.00116931
986000 0.00233861
987000 0.000584654
988000 0.000584654
989000 0.00116931
990000 0.00116931
991000 0.00175396
992000 0.00116931
993000 0.000584654
994000 0.00175396
995000 0.00175396
996000 0.000584654
997000 0.000584654
998000 0.000584654
999000 0.00116931
1000000 0.00116931
1001000 0.00175396
1002000 0.000584654
1003000 0.00175396
1004000 0.00116931
1005000 0.00116931
1006000 0.000584654
1007000 0.00292327
1008000 0.00175396
1009000 0.000584654
1010000 0.00175396
1011000 0.000584654
1012000 0.000584654
1013000 0.00233861
1014000 0.00116931
1015000 0.00116931
1016000 0.00175396
1017000 0.000584654
1018000 0.00116931
1019000 0.00116931
1020000 0.000584654
1021000 0.00233861
1022000 0.00175396
1023000 0.000584654
1024000 0.00116931
1025000 0.000584654
1026000 0.00175396
1027000 0.000584654
1028000 0.00116931
1029000 0.00175396
1030000 0.00233861
1031000 0.00350792
1032000 0.00116931
1033000 0.00116931
1034000 0.00175396
1035000 0.00350792
1036000 0.00175396
1037000 0.000584654
1038000 0.00175396
1039000 0.000584654
1040000 0.00116931
1041000 0.000584654
1042000 0.00175396
1043000 0.00116931
1044000 0.00116931
1045000 0.00116931
1046000 0.00175396
1047000 0.000584654
1048000 0.00175396
1049000 0.00233861
1050000 0.00116931
1051000 0.00175396
1052000 0.00175396
1053000 0.00233861
1054000 0.000584654
1055000 0.00350792
1056000 0.00175396
1057000 0.00116931
1058000 0.00409258
1059000 0.00116931
1060000 0.00292327
1061000 0.00175396
1062000 0.000584654
1063000 0.00292327
1064000 0.00116931
1065000 0.000584654
1066000 0.00292327
1067000 0.00175396
1068000 0.000584654
1069000 0.000584654
1070000 0.00233861
1071000 0.00116931
1072000 0.00116931
1073000 0.00116931
1074000 0.000584654
1075000 0.00116931
1076000 0.000584654
1077000 0.00175396
1078000 0.00292327
1079000 0.00116931
1080000 0.000584654
1081000 0.00116931
1082000 0.00175396
1083000 0.00233861
1084000 0.00175396
1085000 0.000584654
1086000 0.00116931
1087000 0.00116931
1088000 0.00175396
1089000 0.00175396
1090000 0.000584654
1091000 0.00116931
1092000 0.000584654
1093000 0.00116931
1094000 0.00116931
1095000 0.00292327
1096000 0.00175396
1097000 0.00292327
1098000 0.00233861
1099000 0.00350792
1100000 0.00116931
1101000 0.00175396
1102000 0.00175396
1103000 0.00175396
1104000 0.000584654
1105000 0.00116931
1106000 0.00175396
1107000 0.00175396
1108000 0.00409258
1109000 0.00175396
1110000 0.000584654
1111000 0.00292327
1112000 0.00116931
1113000 0.00116931
1114000 0.00292327
1115000 0.000584654
1116000 0.000584654
1117000 0.00292327
1118000 0.000584654
1119000 0.00233861
1120000 0.00233861
1121000 0.00350792
1122000 0.000584654
1123000 0.00116931
1124000 0.00116931
1125000 0.00116931
1126000 0.00175396
1127000 0.00116931
1128000 0.00233861
1129000 0.000584654
1130000 0.000584654
1131000 0.000584654
1132000 0.00116931
1133000 0.000584654
1134000 0.00116931
1135000 0.00175396
1136000 0.00292327
1137000 0.00175396
1138000 0.00175396
1139000 0.00175396
1140000 0.00175396
1141000 0.000584654
1142000 0.00175396
1143000 0.000584654
1144000 0.00350792
1145000 0.000584654
1146000 0.00116931
1147000 0.00233861
1148000 0.00116931
1149000 0.00233861
1150000 0.00116931
1151000 0.00233861
1152000 0.00175396
1153000 0.000584654
1154000 0.00175396
1155000 0.000584654
1156000 0.000584654
1157000 0.00116931
1158000 0.000584654
1159000 0.00233861
1160000 0.00233861
1161000 0.00116931
1162000 0.00233861
1163000 0.00175396
1164000 0.000584654
1165000 0.00233861
1166000 0.00233861
1167000 0.00292327
1168000 0.000584654
1169000 0.00233861
1170000 0.00116931
1171000 0.00350792
1172000 0.000584654
1173000 0.00233861
1174000 0.00175396
1175000 0.00467723
1176000 0.000584654
1177000 0.00175396
1178000 0.00116931
1179000 0.00175396
1180000 0.00116931
1181000 0.00116931
1182000 0.00175396
1183000 0.00116931
1184000 0.000584654
1185000 0.00175396
1186000 0.00175396
1187000 0.00116931
1188000 0.00116931
1189000 0.00175396
1190000 0.00175396
1191000 0.00175396
1192000 0.00116931
1193000 0.00233861
1194000 0.00233861
1195000 0.000584654
1196000 0.00233861
1197000 0.00116931
1198000 0.00175396
1199000 0.000584654
1200000 0.00175396
1201000 0.00116931
1202000 0.000584654
1203000 0.00116931
1204000 0.00233861
1205000 0.00116931
1206000 0.000584654
1207000 0.000584654
1208000 0.00175396
1209000 0.000584654
1210000 0.00116931
1211000 0.00116931
1212000 0.00292327
1213000 0.00116931
1214000 0.000584654
1215000 0.00116931
1216000 0.00116931
1217000 0.00233861
1218000 0.00175396
1219000 0.00175396
1220000 0.00116931
1221000 0.00175396
1222000 0.00116931
1223000 0.00175396
1224000 0.00116931
1225000 0.000584654
1226000 0.00175396
1227000 0.000584654
1228000 0.00175396
1229000 0.00116931
1230000 0.000584654
1231000 0.000584654
1232000 0.00116931
1233000 0.00116931
1234000 0.000584654
1235000 0.00175396
1236000 0.00116931
1237000 0.000584654
1238000 0.00175396
1239000 0.00175396
1240000 0.00233861
1241000 0.00116931
1242000 0.00233861
1243000 0.000584654
1244000 0.00175396
1245000 0.00233861
1246000 0.00116931
1247000 0.00175396
1248000 0.00116931
1249000 0.00175396
1250000 0.000584654
1251000 0.000584654
1252000 0.00175396
1253000 0.00233861
1254000 0.00116931
1255000 0.00175396
1256000 0.00175396
1257000 0.000584654
1258000 0.000584654
1259000 0.00116931
1260000 0.00292327
1261000 0.00116931
1262000 0.00116931
1263000 0.000584654
1264000 0.00116931
1265000 0.00292327
1266000 0.00233861
1267000 0.00175396
1268000 0.000584654
1269000 0.00116931
1270000 0.000584654
1271000 0.00233861
1272000 0.00175396
1273000 0.000584654
1274000 0.00175396
1275000 0.000584654
1276000 0.00233861
1277000 0.00175396
1278000 0.00116931
1279000 0.00116931
1280000 0.00175396
1281000 0.00116931
1282000 0.000584654
1283000 0.00175396
1284000 0.00116931
1285000 0.000584654
1286000 0.00116931
1287000 0.00116931
1288000 0.00175396
1289000 0.00175396
1290000 0.00175396
1291000 0.00175396
1292000 0.00175396
1293000 0.00292327
1294000 0.00116931
1295000 0.000584654
1296000 0.00233861
1297000 0.00292327
1298000 0.000584654
1299000 0.00233861
1300000 0.00116931
1301000 0.00116931
1302000 0.000584654
1303000 0.00116931
1304000 0.00292327
1305000 0.00116931
1306000 0.000584654
1307000 0.000584654
1308000 0.000584654
1309000 0.000584654
1310000 0.000584654
1311000 0.00233861
1312000 0.000584654
1313000 0.00116931
1314000 0.00175396
1315000 0.000584654
1316000 0.00116931
1317000 0.000584654
1318000 0.000584654
1319000 0.00175396
1320000 0.00116931
1321000 0.00175396
1322000 0.00233861
1323000 0.000584654
1324000 0.00116931
1325000 0.000584654
1326000 0.00116931
1327000 0.00116931
1328000 0.00116931
1329000 0.00350792
1330000 0.000584654
1331000 0.00116931
1332000 0.00116931
1333000 0.000584654
1334000 0.00116931
1335000 0.00233861
1336000 0.000584654
1337000 0.000584654
1338000 0.00175396
1339000 0.00116931
1340000 0.00175396
1341000 0.00116931
1342000 0.00116931
1343000 0.000584654
1344000 0.00116931
1345000 0.00292327
1346000 0.00175396
1347000 0.00233861
1348000 0.00116931
1349000 0.00116931
1350000 0.00175396
1351000 0.000584654
1352000 0.00175396
1353000 0.00233861
1354000 0.000584654
1355000 0.00116931
1356000 0.000584654
1357000 0.000584654
1358000 0.00292327
1359000 0.00233861
1360000 0.00175396
1361000 0.00116931
1362000 0.00175396
1363000 0.00292327
1364000 0.00116931
1365000 0.000584654
1366000 0.00292327
1367000 0.00175396
1368000 0.00116931
1369000 0.000584654
1370000 0.00116931
1371000 0.00175396
1372000 0.00116931
1373000 0.00175396
1374000 0.00116931
1375000 0.00116931
1376000 0.00116931
1377000 0.00116931
1378000 0.00116931
1379000 0.00292327
1380000 0.00116931
1381000 0.000584654
1382000 0.00116931
1383000 0.00175396
1384000 0.000584654
1385000 0.00116931
1386000 0.000584654
1387000 0.00175396
1388000 0.000584654
1389000 0.000584654
1390000 0.00116931
1391000 0.00116931
1392000 0.00233861
1393000 0.00292327
1394000 0.000584654
1395000 0.00175396
1396000 0.00175396
1397000 0.00233861
1398000 0.00350792
1399000 0.00233861
1400000 0.000584654
1401000 0.00116931
1402000 0.000584654
1403000 0.00292327
1404000 0.00175396
1405000 0.00116931
1406000 0.00175396
1407000 0.00233861
1408000 0.00175396
1409000 0.00233861
1410000 0.00116931
1411000 0.00175396
1412000 0.000584654
1413000 0.00175396
1414000 0.000584654
1415000 0.00116931
1416000 0.00175396
1417000 0.00116931
1418000 0.00175396
1419000 0.00116931
1420000 0.00292327
1421000 0.000584654
1422000 0.00116931
1423000 0.00175396
1424000 0.00175396
1425000 0.00116931
1426000 0.00233861
1427000 0.000584654
1428000 0.000584654
1429000 0.00116931
1430000 0.000584654
1431000 0.000584654
1432000 0.00292327
1433000 0.00233861
1434000 0.00116931
1435000 0.00233861
1436000 0.00175396
1437000 0.00116931
1438000 0.000584654
1439000 0.00116931
1440000 0.00116931
1441000 0.00116931
1442000 0.00175396
1443000 0.00116931
1444000 0.00116931
1445000 0.00116931
1446000 0.00175396
1447000 0.000584654
1448000 0.00116931
1449000 0.00175396
1450000 0.00175396
1451000 0.000584654
1452000 0.00175396
1453000 0.000584654
1454000 0.00116931
1455000 0.00233861
1456000 0.000584654
1457000 0.00175396
1458000 0.00116931
1459000 0.00292327
1460000 0.000584654
1461000 0.000584654
1462000 0.000584654
1463000 0.00233861
1464000 0.00116931
1465000 0.000584654
1466000 0.00233861
1467000 0.00175396
1468000 0.000584654
1469000 0.000584654
1470000 0.00233861
1471000 0.00175396
1472000 0.000584654
1473000 0.000584654
1474000 0.00116931
1475000 0.00175396
1476000 0.000584654
1477000 0.00116931
1478000 0.00175396
1479000 0.00233861
1480000 0.000584654
1481000 0.00233861
1482000 0.00175396
1483000 0.00175396
1484000 0.00350792
1485000 0.000584654
1486000 0.00116931
1487000 0.00116931
1488000 0.000584654
1489000 0.00233861
1490000 0.00175396
1491000 0.00233861
1492000 0.000584654
1493000 0.00116931
1494000 0.00116931
1495000 0.000584654
1496000 0.00116931
1497000 0.00116931
1498000 0.000584654
1499000 0.00116931
1500000 0.00116931
1501000 0.000584654
1502000 0.00116931
1503000 0.00175396
1504000 0.00116931
1505000 0.00292327
1506000 0.00175396
1507000 0.00116931
1508000 0.00233861
1509000 0.000584654
1510000 0.00292327
1511000 0.00175396
1512000 0.000584654
1513000 0.000584654
1514000 0.00175396
1515000 0.000584654
1516000 0.00116931
1517000 0.000584654
1518000 0.00116931
1519000 0.000584654
1520000 0.000584654
1521000 0.000584654
1522000 0.00116931
1523000 0.00175396
1524000 0.00116931
1525000 0.00175396
1526000 0.000584654
1527000 0.00116931
1528000 0.00175396
1529000 0.00292327
1530000 0.00292327
1531000 0.00292327
1532000 0.00116931
1533000 0.000584654
1534000 0.00116931
1535000 0.00350792
1536000 0.00233861
1537000 0.000584654
1538000 0.000584654
1539000 0.00116931
1540000 0.000584654
1541000 0.000584654
1542000 0.00116931
1543000 0.000584654
1544000 0.000584654
1545000 0.00116931
1546000 0.00292327
1547000 0.00175396
1548000 0.000584654
1549000 0.00116931
1550000 0.000584654
1551000 0.00175396
1552000 0.00116931
1553000 0.000584654
1554000 0.000584654
1555000 0.00116931
1556000 0.00233861
1557000 0.000584654
1558000 0.000584654
1559000 0.00116931
1560000 0.00116931
1561000 0.00116931
1562000 0.00116931
1563000 0.000584654
1564000 0.00233861
1565000 0.000584654
1566000 0.00175396
1567000 0.00292327
1568000 0.00116931
1569000 0.00175396
1570000 0.00233861
1571000 0.000584654
1572000 0.000584654
1573000 0.00116931
1574000 0.00233861
1575000 0.00116931
1576000 0.00116931
1577000 0.00409258
1578000 0.000584654
1579000 0.00175396
1580000 0.000584654
1581000 0.000584654
1582000 0.00116931
1583000 0.00116931
1584000 0.00116931
1585000 0.000584654
1586000 0.00175396
1587000 0.00175396
1588000 0.000584654
1589000 0.00116931
1590000 0.00116931
1591000 0.000584654
1592000 0.00233861
1593000 0.000584654
1594000 0.00116931
1595000 0.00175396
1596000 0.000584654
1597000 0.00175396
1598000 0.000584654
1599000 0.00292327
1600000 0.000584654
1601000 0.00116931
1602000 0.00116931
1603000 0.000584654
1604000 0.000584654
1605000 0.00233861
1606000 0.00233861
1607000 0.00116931
1608000 0.000584654
1609000 0.00116931
1610000 0.00233861
1611000 0.00116931
1612000 0.00175396
1613000 0.00116931
1614000 0.00175396
1615000 0.00116931
1616000 0.00175396
1617000 0.00233861
1618000 0.000584654
1619000 0.00175396
1620000 0.000584654
1621000 0.00116931
1622000 0.00350792
1623000 0.00116931
1624000 0.00175396
1625000 0.00175396
1626000 0.000584654
1627000 0.00116931
1628000 0.00116931
1629000 0.000584654
1630000 0.000584654
1631000 0.00175396
1632000 0.00175396
1633000 0.00175396
1634000 0.000584654
1635000 0.00175396
1636000 0.00175396
1637000 0.00116931
1638000 0.000584654
1639000 0.00233861
1640000 0.000584654
1641000 0.00116931
1642000 0.00116931
1643000 0.00116931
1644000 0.000584654
1645000 0.00233861
1646000 0.000584654
1647000 0.00175396
1648000 0.000584654
1649000 0.00116931
1650000 0.000584654
1651000 0.00116931
1652000 0.000584654
1653000 0.000584654
1654000 0.000584654
1655000 0.00233861
1656000 0.00175396
1657000 0.000584654
1658000 0.00292327
1659000 0.00175396
1660000 0.000584654
1661000 0.000584654
1662000 0.00175396
1663000 0.000584654
1664000 0.00292327
1665000 0.00175396
1666000 0.00116931
1667000 0.00175396
1668000 0.00233861
1669000 0.00175396
1670000 0.000584654
1671000 0.00175396
1672000 0.00175396
1673000 0.00292327
1674000 0.00292327
1675000 0.00116931
1676000 0.00175396
1677000 0.00233861
1678000 0.000584654
1679000 0.000584654
1680000 0.000584654
1681000 0.00175396
1682000 0.00116931
1683000 0.00175396
1684000 0.000584654
1685000 0.00175396
1686000 0.00175396
1687000 0.00116931
1688000 0.00350792
1689000 0.00116931
1690000 0.000584654
1691000 0.000584654
1692000 0.00233861
1693000 0.00116931
1694000 0.00116931
1695000 0.00175396
1696000 0.000584654
1697000 0.00175396
1698000 0.00175396
1699000 0.00116931
1700000 0.00116931
1701000 0.00116931
1702000 0.000584654
1703000 0.00409258
1704000 0.000584654
1705000 0.00233861
1706000 0.000584654
1707000 0.000584654
1708000 0.00233861
1709000 0.000584654
1710000 0.00233861
1711000 0.000584654
1712000 0.00175396
1713000 0.00292327
1714000 0.000584654
1715000 0.00116931
1716000 0.000584654
1717000 0.00116931
1718000 0.000584654
1719000 0.00116931
1720000 0.00175396
1721000 0.00233861
1722000 0.000584654
1723000 0.000584654
1724000 0.00175396
1725000 0.000584654
1726000 0.00175396
1727000 0.000584654
1728000 0.000584654
1729000 0.00233861
1730000 0.00175396
1731000 0.00292327
1732000 0.00116931
1733000 0.000584654
1734000 0.00116931
1735000 0.00116931
1736000 0.00233861
1737000 0.00175396
1738000 0.000584654
1739000 0.00175396
1740000 0.000584654
1741000 0.000584654
1742000 0.00116931
1743000 0.00233861
1744000 0.00175396
1745000 0.00175396
1746000 0.000584654
1747000 0.000584654
1748000 0.00116931
1749000 0.00116931
1750000 0.000584654
1751000 0.00116931
1752000 0.000584654
1753000 0.00116931
1754000 0.000584654
1755000 0.00292327
1756000 0.000584654
1757000 0.00175396
1758000 0.00116931
1759000 0.000584654
1760000 0.00116931
1761000 0.00175396
1762000 0.00116931
1763000 0.00116931
1764000 0.000584654
1765000 0.000584654
1766000 0.00116931
1767000 0.00116931
1768000 0.000584654
1769000 0.000584654
1770000 0.000584654
1771000 0.000584654
1772000 0.00175396
1773000 0.00233861
1774000 0.00116931
1775000 0.00116931
1776000 0.00175396
1777000 0.00350792
1778000 0.00116931
1779000 0.000584654
1780000 0.00175396
1781000 0.00116931
1782000 0.00116931
1783000 0.00116931
1784000 0.00233861
1785000 0.000584654
1786000 0.000584654
1787000 0.000584654
1788000 0.00175396
1789000 0.000584654
1790000 0.000584654
1791000 0.00116931
1792000 0.00292327
1793000 0.00116931
1794000 0.00233861
1795000 0.00116931
1796000 0.000584654
1797000 0.00116931
1798000 0.00116931
1799000 0.000584654
1800000 0.00116931
1801000 0.00116931
1802000 0.00116931
1803000 0.00175396
1804000 0.00116931
1805000 0.000584654
1806000 0.000584654
1807000 0.00233861
1808000 0.000584654
1809000 0.00116931
1810000 0.00175396
1811000 0.00233861
1812000 0.000584654
1813000 0.00350792
1814000 0.00175396
1815000 0.00175396
1816000 0.00116931
1817000 0.00175396
1818000 0.000584654
1819000 0.00116931
1820000 0.00175396
1821000 0.00116931
1822000 0.00116931
1823000 0.00409258
1824000 0.00116931
1825000 0.00116931
1826000 0.00350792
1827000 0.000584654
1828000 0.00175396
1829000 0.00116931
1830000 0.000584654
1831000 0.00292327
1832000 0.000584654
1833000 0.00175396
1834000 0.000584654
1835000 0.00116931
1836000 0.00116931
1837000 0.00116931
1838000 0.000584654
1839000 0.000584654
1840000 0.00175396
1841000 0.00116931
1842000 0.00116931
1843000 0.000584654
1844000 0.00175396
1845000 0.000584654
1846000 0.00116931
1847000 0.00116931
1848000 0.000584654
1849000 0.000584654
1850000 0.00292327
1851000 0.000584654
1852000 0.00233861
1853000 0.00175396
1854000 0.00116931
1855000 0.00175396
1856000 0.000584654
1857000 0.00175396
1858000 0.00350792
1859000 0.000584654
1860000 0.00233861
1861000 0.000584654
1862000 0.000584654
1863000 0.00116931
1864000 0.00116931
1865000 0.000584654
1866000 0.00175396
1867000 0.00175396
1868000 0.00175396
1869000 0.00116931
1870000 0.00116931
1871000 0.00116931
1872000 0.00116931
1873000 0.00233861
1874000 0.00116931
1875000 0.000584654
1876000 0.000584654
1877000 0.00175396
1878000 0.00116931
1879000 0.00233861
1880000 0.000584654
1881000 0.00116931
1882000 0.00175396
1883000 0.00175396
1884000 0.00175396
1885000 0.00233861
1886000 0.000584654
1887000 0.000584654
1888000 0.000584654
1889000 0.000584654
1890000 0.00116931
1891000 0.00116931
1892000 0.00175396
1893000 0.00175396
1894000 0.00116931
1895000 0.000584654
1896000 0.00292327
1897000 0.00233861
1898000 0.00175396
1899000 0.00116931
1900000 0.00116931
1901000 0.000584654
1902000 0.00233861
1903000 0.00116931
1904000 0.00350792
1905000 0.00116931
1906000 0.00116931
1907000 0.00175396
1908000 0.00116931
1909000 0.00175396
1910000 0.00175396
1911000 0.00116931
1912000 0.000584654
1913000 0.00116931
1914000 0.00116931
1915000 0.00116931
1916000 0.00175396
1917000 0.00175396
1918000 0.00116931
1919000 0.00116931
1920000 0.00233861
1921000 0.00116931
1922000 0.00233861
1923000 0.000584654
1924000 0.00116931
1925000 0.00292327
1926000 0.000584654
1927000 0.00233861
1928000 0.00175396
1929000 0.00175396
1930000 0.000584654
1931000 0.000584654
1932000 0.00116931
1933000 0.00116931
1934000 0.000584654
1935000 0.000584654
1936000 0.00116931
1937000 0.00116931
1938000 0.00116931
1939000 0.00116931
1940000 0.00116931
1941000 0.00116931
1942000 0.00116931
1943000 0.000584654
1944000 0.00175396
1945000 0.000584654
1946000 0.00175396
1947000 0.00175396
1948000 0.00233861
1949000 0.00233861
1950000 0.00116931
1951000 0.000584654
1952000 0.000584654
1953000 0.000584654
1954000 0.00175396
1955000 0.00116931
1956000 0.000584654
1957000 0.00116931
1958000 0.00292327
1959000 0.00116931
1960000 0.000584654
1961000 0.00116931
1962000 0.00233861
1963000 0.00292327
1964000 0.000584654
1965000 0.00292327
1966000 0.00175396
1967000 0.00116931
1968000 0.00116931
1969000 0.000584654
1970000 0.000584654
1971000 0.00292327
1972000 0.00116931
1973000 0.00116931
1974000 0.00175396
1975000 0.000584654
1976000 0.00175396
1977000 0.00175396
1978000 0.00175396
1979000 0.00175396
1980000 0.00116931
1981000 0.00116931
1982000 0.000584654
1983000 0.000584654
1984000 0.000584654
1985000 0.000584654
1986000 0.00233861
1987000 0.00175396
1988000 0.000584654
1989000 0.00116931
1990000 0.00116931
1991000 0.000584654
1992000 0.00175396
1993000 0.00175396
1994000 0.00175396
1995000 0.00175396
1996000 0.00233861
1997000 0.00116931
1998000 0.00116931
1999000 0.000584654
2000000 0.00116931
2001000 0.00467723
2002000 0.00116931
2003000 0.00116931
2004000 0.00116931
2005000 0.00175396
2006000 0.00175396
2007000 0.000584654
2008000 0.00116931
2009000 0.00116931
2010000 0.00233861
2011000 0.000584654
2012000 0.000584654
2013000 0.00116931
2014000 0.00116931
2015000 0.000584654
2016000 0.00116931
2017000 0.00292327
2018000 0.00116931
2019000 0.00175396
2020000 0.000584654
2021000 0.00175396
2022000 0.00116931
2023000 0.00175396
2024000 0.00175396
2025000 0.000584654
2026000 0.00175396
2027000 0.00175396
2028000 0.000584654
2029000 0.00116931
2030000 0.00175396
2031000 0.00175396
2032000 0.000584654
2033000 0.00233861
2034000 0.000584654
2035000 0.00233861
2036000 0.00233861
2037000 0.00292327
2038000 0.00116931
2039000 0.000584654
2040000 0.00116931
2041000 0.000584654
2042000 0.00175396
2043000 0.000584654
2044000 0.000584654
2045000 0.000584654
2046000 0.00233861
2047000 0.00116931
2048000 0.000584654
2049000 0.00116931
2050000 0.00292327
2051000 0.00116931
2052000 0.000584654
2053000 0.00116931
2054000 0.00175396
2055000 0.00175396
2056000 0.00175396
2057000 0.00116931
2058000 0.00116931
2059000 0.00116931
2060000 0.00175396
2061000 0.000584654
2062000 0.000584654
2063000 0.00116931
2064000 0.00175396
2065000 0.00116931
2066000 0.00175396
2067000 0.00175396
2068000 0.00233861
2069000 0.00233861
2070000 0.00292327
2071000 0.00233861
2072000 0.00175396
2073000 0.00350792
2074000 0.00233861
2075000 0.00116931
2076000 0.00233861
2077000 0.00116931
2078000 0.00175396
2079000 0.00409258
2080000 0.000584654
2081000 0.00292327
2082000 0.00233861
2083000 0.00175396
2084000 0.000584654
2085000 0.00175396
2086000 0.00116931
2087000 0.00116931
2088000 0.00233861
2089000 0.00350792
2090000 0.00116931
2091000 0.00116931
2092000 0.00233861
2093000 0.000584654
2094000 0.00175396
2095000 0.00175396
2096000 0.00116931
2097000 0.00292327
2098000 0.00116931
2099000 0.00116931
2100000 0.00116931
2101000 0.00175396
2102000 0.00233861
2103000 0.00116931
2104000 0.00116931
2105000 0.00233861
2106000 0.00292327
2107000 0.00175396
2108000 0.00175396
2109000 0.000584654
2110000 0.00116931
2111000 0.00175396
2112000 0.00292327
2113000 0.00175396
2114000 0.00233861
2115000 0.00116931
2116000 0.000584654
2117000 0.000584654
2118000 0.00116931
2119000 0.00233861
2120000 0.000584654
2121000 0.00175396
2122000 0.00175396
2123000 0.00292327
2124000 0.00116931
2125000 0.000584654
2126000 0.00116931
2127000 0.00116931
2128000 0.00116931
2129000 0.00116931
2130000 0.000584654
2131000 0.00116931
2132000 0.000584654
2133000 0.00116931
2134000 0.00175396
2135000 0.00175396
2136000 0.000584654
2137000 0.00116931
2138000 0.00116931
2139000 0.000584654
2140000 0.00116931
2141000 0.000584654
2142000 0.000584654
2143000 0.00116931
2144000 0.00116931
2145000 0.000584654
2146000 0.000584654
2147000 0.00116931
2148000 0.00116931
2149000 0.00116931
2150000 0.00233861
2151000 0.00175396
2152000 0.00116931
2153000 0.00292327
2154000 0.00292327
2155000 0.00233861
2156000 0.00116931
2157000 0.00175396
2158000 0.00116931
2159000 0.00175396
2160000 0.00116931
2161000 0.00175396
2162000 0.00116931
2163000 0.00175396
2164000 0.000584654
2165000 0.00116931
2166000 0.00116931
2167000 0.00292327
2168000 0.000584654
2169000 0.000584654
2170000 0.00175396
2171000 0.000584654
2172000 0.000584654
2173000 0.000584654
2174000 0.00292327
2175000 0.00233861
2176000 0.00350792
2177000 0.000584654
2178000 0.00233861
2179000 0.00175396
2180000 0.00292327
2181000 0.000584654
2182000 0.00233861
2183000 0.00116931
2184000 0.00233861
2185000 0.00292327
2186000 0.000584654
2187000 0.00292327
2188000 0.00175396
2189000 0.00116931
2190000 0.000584654
2191000 0.00116931
2192000 0.00116931
2193000 0.00116931
2194000 0.00175396
2195000 0.00292327
2196000 0.00116931
2197000 0.00116931
2198000 0.000584654
2199000 0.00116931
2200000 0.000584654
2201000 0.00233861
2202000 0.00175396
2203000 0.000584654
2204000 0.000584654
2205000 0.000584654
2206000 0.00233861
2207000 0.000584654
2208000 0.00116931
2209000 0.00116931
2210000 0.00175396
2211000 0.00175396
2212000 0.00233861
2213000 0.00233861
2214000 0.00292327
2215000 0.000584654
2216000 0.00116931
2217000 0.00292327
2218000 0.00116931
2219000 0.00233861
2220000 0.00116931
2221000 0.00175396
2222000 0.000584654
2223000 0.00175396
2224000 0.00175396
2225000 0.00116931
2226000 0.000584654
2227000 0.000584654
2228000 0.00116931
2229000 0.00116931
2230000 0.00175396
2231000 0.00175396
2232000 0.00233861
2233000 0.000584654
2234000 0.00175396
2235000 0.00116931
2236000 0.000584654
2237000 0.00233861
2238000 0.00175396
2239000 0.00116931
2240000 0.000584654
2241000 0.00233861
2242000 0.00116931
2243000 0.00116931
2244000 0.00116931
2245000 0.000584654
2246000 0.000584654
2247000 0.000584654
2248000 0.00292327
2249000 0.000584654
2250000 0.00116931
2251000 0.00233861
2252000 0.00175396
2253000 0.000584654
2254000 0.00350792
2255000 0.00233861
2256000 0.00175396
2257000 0.000584654
2258000 0.00175396
2259000 0.000584654
2260000 0.00116931
2261000 0.00116931
2262000 0.00116931
2263000 0.00175396
2264000 0.000584654
2265000 0.00116931
2266000 0.00175396
2267000 0.000584654
2268000 0.000584654
2269000 0.000584654
2270000 0.000584654
2271000 0.00233861
2272000 0.00175396
2273000 0.000584654
2274000 0.00175396
2275000 0.000584654
2276000 0.00175396
2277000 0.00116931
2278000 0.00175396
2279000 0.000584654
2280000 0.000584654
2281000 0.00116931
2282000 0.000584654
2283000 0.000584654
2284000 0.00175396
2285000 0.000584654
2286000 0.00175396
2287000 0.000584654
2288000 0.000584654
2289000 0.000584654
2290000 0.000584654
2291000 0.00116931
2292000 0.00116931
2293000 0.00409258
2294000 0.000584654
2295000 0.00233861
2296000 0.00292327
2297000 0.00233861
2298000 0.00175396
2299000 0.000584654
2300000 0.00175396
2301000 0.00175396
2302000 0.00292327
2303000 0.00233861
2304000 0.00116931
2305000 0.00233861
2306000 0.00116931
2307000 0.00175396
2308000 0.000584654
2309000 0.00116931
2310000 0.00175396
2311000 0.00116931
2312000 0.000584654
2313000 0.00116931
2314000 0.00116931
2315000 0.00292327
2316000 0.00175396
2317000 0.000584654
2318000 0.00116931
2319000 0.00175396
2320000 0.000584654
2321000 0.00116931
2322000 0.000584654
2323000 0.000584654
2324000 0.00175396
2325000 0.00175396
2326000 0.00175396
2327000 0.000584654
2328000 0.000584654
2329000 0.000584654
2330000 0.00175396
2331000 0.00116931
2332000 0.000584654
2333000 0.00116931
2334000 0.00116931
2335000 0.00292327
2336000 0.00116931
2337000 0.00233861
2338000 0.000584654
2339000 0.00175396
2340000 0.000584654
2341000 0.00233861
2342000 0.00175396
2343000 0.000584654
2344000 0.00409258
2345000 0.00233861
2346000 0.00233861
2347000 0.000584654
2348000 0.00116931
2349000 0.00233861
2350000 0.000584654
2351000 0.00175396
2352000 0.000584654
2353000 0.00116931
2354000 0.00116931
2355000 0.000584654
2356000 0.00233861
2357000 0.00116931
2358000 0.00175396
2359000 0.00233861
2360000 0.00292327
2361000 0.000584654
2362000 0.000584654
2363000 0.000584654
2364000 0.000584654
2365000 0.000584654
2366000 0.00233861
2367000 0.00175396
2368000 0.00116931
2369000 0.000584654
2370000 0.00292327
2371000 0.00116931
2372000 0.000584654
2373000 0.00175396
2374000 0.000584654
2375000 0.00116931
2376000 0.00233861
2377000 0.000584654
2378000 0.000584654
2379000 0.000584654
2380000 0.00116931
2381000 0.00350792
2382000 0.000584654
2383000 0.00116931
2384000 0.00175396
2385000 0.00175396
2386000 0.00116931
2387000 0.00175396
2388000 0.000584654
2389000 0.00175396
2390000 0.000584654
2391000 0.000584654
2392000 0.00116931
2393000 0.00175396
2394000 0.000584654
2395000 0.00116931
2396000 0.00116931
2397000 0.00116931
2398000 0.000584654
2399000 0.00233861
2400000 0.000584654
2401000 0.00116931
2402000 0.00116931
2403000 0.000584654
2404000 0.00116931
2405000 0.00175396
2406000 0.00116931
2407000 0.000584654
2408000 0.000584654
2409000 0.000584654
2410000 0.00175396
2411000 0.00116931
2412000 0.000584654
2413000 0.000584654
2414000 0.00175396
2415000 0.00175396
2416000 0.00233861
2417000 0.00175396
2418000 0.000584654
2419000 0.00233861
2420000 0.000584654
2421000 0.00116931
2422000 0.000584654
2423000 0.00116931
2424000 0.00116931
2425000 0.00233861
2426000 0.000584654
2427000 0.000584654
2428000 0.000584654
2429000 0.00116931
2430000 0.00175396
2431000 0.000584654
2432000 0.000584654
2433000 0.000584654
2434000 0.000584654
2435000 0.00175396
2436000 0.000584654
2437000 0.000584654
2438000 0.00175396
2439000 0.00292327
2440000 0.000584654
2441000 0.00175396
2442000 0.00116931
2443000 0.000584654
2444000 0.000584654
2445000 0.000584654
2446000 0.000584654
2447000 0.00175396
2448000 0.00116931
2449000 0.00116931
2450000 0.000584654
2451000 0.000584654
2452000 0.00233861
2453000 0.00233861
2454000 0.00292327
2455000 0.00116931
2456000 0.00233861
2457000 0.00116931
2458000 0.00175396
2459000 0.00233861
2460000 0.00175396
2461000 0.00233861
2462000 0.000584654
2463000 0.00175396
2464000 0.00116931
2465000 0.00116931
2466000 0.000584654
2467000 0.000584654
2468000 0.00175396
2469000 0.00175396
2470000 0.00292327
2471000 0.00116931
2472000 0.000584654
2473000 0.00175396
2474000 0.000584654
2475000 0.00116931
2476000 0.000584654
2477000 0.00116931
2478000 0.00175396
2479000 0.000584654
2480000 0.00175396
2481000 0.00116931
2482000 0.00116931
2483000 0.00116931
2484000 0.00116931
2485000 0.00175396
2486000 0.00233861
2487000 0.00116931
2488000 0.00292327
2489000 0.000584654
2490000 0.00233861
2491000 0.00233861
2492000 0.00175396
2493000 0.00175396
2494000 0.00116931
2495000 0.00116931
2496000 0.00175396
2497000 0.000584654
2498000 0.000584654
2499000 0.00350792
2500000 0.000584654
2501000 0.00116931
2502000 0.000584654
