# Time-averaged data for fix myat1
# TimeStep v_nC
2000 50
2100 41
2200 39
2300 34
2400 30
2500 28
2600 24
2700 18
2800 11
2900 4
3000 2
3100 2
3200 1
3300 1
3400 3
3500 3
3600 2
3700 1
3800 1
3900 1
4000 3
4100 2
4200 2
4300 1
4400 1
4500 4
4600 1
4700 2
4800 1
4900 2
5000 1
5100 1
5200 1
5300 3
5400 1
5500 3
5600 2
5700 2
5800 1
5900 3
6000 1
6100 2
6200 1
6300 2
6400 3
6500 4
6600 4
6700 2
6800 1
6900 1
7000 1
7100 7
7200 4
7300 2
7400 5
7500 1
7600 6
7700 3
7800 4
7900 7
8000 4
8100 2
8200 2
8300 3
8400 2
8500 3
8600 5
8700 1
8800 3
8900 2
9000 2
9100 1
9200 1
9300 1
9400 1
9500 1
9600 3
9700 2
9800 1
9900 2
10000 3
10100 3
10200 2
10300 2
10400 2
10500 4
10600 2
10700 3
10800 1
10900 2
11000 2
11100 2
11200 3
11300 4
11400 4
11500 1
11600 4
11700 3
11800 1
11900 1
12000 2
12100 3
12200 4
12300 4
12400 1
12500 5
12600 4
12700 2
12800 4
12900 3
13000 4
13100 1
13200 2
13300 4
13400 5
13500 2
13600 1
13700 1
13800 1
13900 2
14000 1
14100 2
14200 1
14300 2
14400 1
14500 3
14600 1
14700 1
14800 5
14900 3
15000 8
15100 5
15200 1
15300 1
15400 5
15500 6
15600 2
15700 1
15800 3
15900 1
16000 1
16100 2
16200 1
16300 1
16400 2
16500 3
16600 2
16700 3
16800 2
16900 2
17000 4
17100 4
17200 2
17300 1
17400 4
17500 2
17600 3
17700 3
17800 3
17900 4
18000 1
18100 2
18200 3
18300 5
18400 4
18500 2
18600 2
18700 3
18800 2
18900 1
19000 2
19100 2
19200 2
19300 3
19400 2
19500 1
19600 2
19700 1
19800 1
19900 3
20000 1
20100 3
20200 4
20300 3
20400 2
20500 1
20600 3
20700 4
20800 2
20900 2
21000 2
21100 3
21200 2
21300 2
21400 4
21500 3
21600 2
21700 2
21800 5
21900 4
22000 3
22100 3
22200 2
22300 1
22400 1
22500 1
22600 3
22700 2
22800 3
22900 1
23000 1
23100 1
23200 1
23300 1
23400 3
23500 4
23600 6
23700 7
23800 6
23900 5
24000 2
24100 1
24200 1
24300 5
24400 4
24500 1
24600 2
24700 5
24800 1
24900 6
25000 6
25100 2
25200 1
25300 2
25400 3
25500 1
25600 5
25700 2
25800 2
25900 2
26000 2
26100 1
26200 4
26300 4
26400 2
26500 3
26600 3
26700 5
26800 1
26900 1
27000 4
27100 4
27200 4
27300 2
27400 2
27500 3
27600 4
27700 4
27800 4
27900 1
28000 3
28100 3
28200 2
28300 3
28400 2
28500 2
28600 3
28700 3
28800 2
28900 3
29000 3
29100 5
29200 2
29300 1
29400 3
29500 1
29600 2
29700 3
29800 3
29900 4
30000 3
30100 1
30200 2
30300 3
30400 3
30500 5
30600 4
30700 3
30800 1
30900 2
31000 2
31100 4
31200 1
31300 2
31400 1
31500 4
31600 1
31700 2
31800 2
31900 2
32000 4
32100 3
32200 3
32300 2
32400 1
32500 2
32600 3
32700 2
32800 7
32900 1
33000 3
33100 3
33200 1
33300 2
33400 3
33500 2
33600 3
33700 2
33800 2
33900 3
34000 1
34100 3
34200 4
34300 6
34400 3
34500 2
34600 4
34700 3
34800 1
34900 1
35000 2
35100 1
35200 1
35300 1
35400 1
35500 2
35600 3
35700 3
35800 3
35900 1
36000 2
36100 3
36200 4
36300 3
36400 2
36500 4
36600 3
36700 1
36800 3
36900 2
37000 1
37100 3
37200 1
37300 3
37400 3
37500 2
37600 5
37700 2
37800 2
37900 2
38000 1
38100 2
38200 3
38300 1
38400 2
38500 2
38600 1
38700 1
38800 3
38900 1
39000 4
39100 3
39200 2
39300 3
39400 2
39500 2
39600 3
39700 2
39800 1
39900 2
40000 5
40100 3
40200 1
40300 2
40400 2
40500 2
40600 1
40700 2
40800 1
40900 3
41000 3
41100 3
41200 2
41300 2
41400 3
41500 2
41600 4
41700 1
41800 2
41900 2
42000 1
42100 1
42200 3
42300 1
42400 1
42500 2
42600 2
42700 3
42800 4
42900 4
43000 1
43100 2
43200 3
43300 4
43400 7
43500 7
43600 1
43700 1
43800 3
43900 2
44000 1
44100 1
44200 2
44300 4
44400 1
44500 2
44600 2
44700 5
44800 4
44900 2
45000 2
45100 1
45200 1
45300 3
45400 1
45500 1
45600 2
45700 3
45800 5
45900 4
46000 7
46100 6
46200 3
46300 2
46400 4
46500 4
46600 3
46700 4
46800 2
46900 1
47000 3
47100 2
47200 3
47300 1
47400 4
47500 2
47600 4
47700 2
47800 2
47900 2
48000 1
48100 2
48200 1
48300 2
48400 2
48500 1
48600 2
48700 3
48800 1
48900 4
49000 8
49100 4
49200 2
49300 2
49400 2
49500 2
49600 2
49700 1
49800 1
49900 3
50000 2
50100 1
50200 2
50300 3
50400 1
50500 1
50600 4
50700 1
50800 3
50900 3
51000 3
51100 1
51200 3
51300 3
51400 2
51500 2
51600 1
51700 3
51800 1
51900 2
52000 3
52100 1
52200 1
52300 2
52400 2
52500 4
52600 3
52700 3
52800 1
52900 1
53000 2
53100 2
53200 1
53300 3
53400 4
53500 5
53600 7
53700 1
53800 1
53900 2
54000 3
54100 2
54200 4
54300 1
54400 1
54500 1
54600 1
54700 2
54800 2
54900 3
55000 2
55100 5
55200 4
55300 3
55400 3
55500 1
55600 1
55700 3
55800 2
55900 2
56000 1
56100 1
56200 1
56300 2
56400 2
56500 2
56600 4
56700 2
56800 3
56900 2
57000 4
57100 2
57200 5
57300 4
57400 3
57500 4
57600 2
57700 1
57800 1
57900 4
58000 1
58100 2
58200 1
58300 2
58400 2
58500 3
58600 2
58700 2
58800 1
58900 3
59000 2
59100 1
59200 3
59300 1
59400 2
59500 2
59600 1
59700 3
59800 3
59900 2
60000 1
60100 3
60200 2
60300 3
60400 3
60500 2
60600 2
60700 1
60800 2
60900 3
61000 4
61100 2
61200 2
61300 2
61400 2
61500 2
61600 1
61700 2
61800 1
61900 3
62000 1
62100 2
62200 1
62300 1
62400 1
62500 2
62600 1
62700 1
62800 2
62900 1
63000 6
63100 3
63200 2
63300 3
63400 3
63500 5
63600 8
63700 2
63800 2
63900 2
64000 3
64100 4
64200 2
64300 2
64400 3
64500 3
64600 4
64700 2
64800 1
64900 5
65000 3
65100 3
65200 1
65300 3
65400 2
65500 1
65600 1
65700 2
65800 2
65900 3
66000 5
66100 2
66200 1
66300 1
66400 2
66500 3
66600 2
66700 1
66800 3
66900 1
67000 2
67100 2
67200 3
67300 2
67400 1
67500 5
67600 2
67700 3
67800 1
67900 1
68000 1
68100 1
68200 3
68300 2
68400 2
68500 4
68600 1
68700 2
68800 2
68900 3
69000 3
69100 3
69200 3
69300 3
69400 3
69500 5
69600 4
69700 3
69800 1
69900 1
70000 3
70100 3
70200 1
70300 1
70400 2
70500 3
70600 3
70700 3
70800 1
70900 4
71000 3
71100 2
71200 1
71300 3
71400 3
71500 6
71600 2
71700 1
71800 3
71900 4
72000 3
72100 3
72200 1
72300 2
72400 2
72500 2
72600 1
72700 2
72800 1
72900 2
73000 2
73100 1
73200 1
73300 4
73400 1
73500 4
73600 2
73700 2
73800 2
73900 7
74000 3
74100 3
74200 2
74300 5
74400 6
74500 3
74600 1
74700 2
74800 1
74900 3
75000 4
75100 5
75200 1
75300 3
75400 4
75500 1
75600 2
75700 4
75800 6
75900 6
76000 1
76100 4
76200 3
76300 2
76400 4
76500 3
76600 4
76700 1
76800 4
76900 1
77000 3
77100 2
77200 2
77300 2
77400 2
77500 3
77600 1
77700 3
77800 2
77900 2
78000 1
78100 1
78200 2
78300 2
78400 3
78500 3
78600 2
78700 1
78800 2
78900 4
79000 2
79100 1
79200 3
79300 1
79400 1
79500 4
79600 2
79700 1
79800 1
79900 4
80000 2
80100 3
80200 2
80300 3
80400 2
80500 4
80600 5
80700 1
80800 3
80900 3
81000 1
81100 4
81200 4
81300 5
81400 1
81500 3
81600 3
81700 4
81800 5
81900 3
82000 6
82100 5
82200 2
82300 4
82400 4
82500 2
82600 3
82700 2
82800 2
82900 2
83000 3
83100 3
83200 5
83300 1
83400 3
83500 2
83600 4
83700 1
83800 2
83900 2
84000 4
84100 4
84200 2
84300 2
84400 1
84500 1
84600 2
84700 4
84800 1
84900 3
85000 3
85100 1
85200 2
85300 1
85400 1
85500 2
85600 4
85700 2
85800 3
85900 4
86000 4
86100 3
86200 2
86300 3
86400 1
86500 2
86600 2
86700 3
86800 3
86900 3
87000 3
87100 2
87200 2
87300 3
87400 1
87500 2
87600 4
87700 3
87800 2
87900 1
88000 2
88100 2
88200 2
88300 3
88400 1
88500 1
88600 1
88700 2
88800 1
88900 3
89000 4
89100 4
89200 1
89300 2
89400 2
89500 1
89600 6
89700 2
89800 5
89900 1
90000 1
90100 1
90200 1
90300 3
90400 2
90500 1
90600 2
90700 2
90800 2
90900 2
91000 2
91100 1
91200 2
91300 2
91400 1
91500 4
91600 5
91700 2
91800 2
91900 1
92000 2
92100 2
92200 3
92300 2
92400 2
92500 5
92600 2
92700 2
92800 4
92900 1
93000 1
93100 2
93200 2
93300 2
93400 2
93500 2
93600 1
93700 2
93800 1
93900 2
94000 2
94100 2
94200 1
94300 1
94400 2
94500 2
94600 1
94700 1
94800 4
94900 6
95000 4
95100 2
95200 3
95300 1
95400 1
95500 3
95600 2
95700 1
95800 1
95900 1
96000 1
96100 6
96200 3
96300 7
96400 6
96500 2
96600 2
96700 1
96800 4
96900 1
97000 2
97100 1
97200 3
97300 2
97400 2
97500 3
97600 2
97700 3
97800 1
97900 1
98000 1
98100 1
98200 4
98300 1
98400 3
98500 4
98600 2
98700 6
98800 7
98900 1
99000 2
99100 2
99200 3
99300 2
99400 1
99500 1
99600 2
99700 2
99800 5
99900 3
100000 6
100100 5
100200 1
100300 4
100400 2
100500 4
100600 1
100700 1
100800 3
100900 3
101000 2
101100 2
101200 1
101300 1
101400 3
101500 2
101600 1
101700 1
101800 3
101900 2
102000 1
102100 1
102200 1
102300 2
102400 2
102500 1
102600 3
102700 3
102800 2
102900 2
103000 5
103100 1
103200 3
103300 3
103400 6
103500 2
103600 4
103700 1
103800 1
103900 1
104000 4
104100 1
104200 3
104300 3
104400 4
104500 1
104600 1
104700 1
104800 1
104900 1
105000 1
105100 2
105200 3
105300 4
105400 3
105500 1
105600 1
105700 2
105800 1
105900 2
106000 1
106100 3
106200 4
106300 5
106400 3
106500 4
106600 3
106700 2
106800 5
106900 3
107000 2
107100 3
107200 2
107300 1
107400 1
107500 5
107600 2
107700 2
107800 4
107900 1
108000 2
108100 1
108200 3
108300 2
108400 1
108500 4
108600 1
108700 2
108800 1
108900 1
109000 2
109100 3
109200 1
109300 1
109400 2
109500 2
109600 3
109700 3
109800 2
109900 4
110000 2
110100 1
110200 3
110300 4
110400 1
110500 1
110600 3
110700 2
110800 1
110900 2
111000 5
111100 2
111200 1
111300 2
111400 2
111500 2
111600 2
111700 3
111800 3
111900 3
112000 2
112100 5
112200 4
112300 7
112400 2
112500 1
112600 5
112700 6
112800 2
112900 1
113000 2
113100 1
113200 1
113300 5
113400 4
113500 1
113600 3
113700 1
113800 1
113900 2
114000 1
114100 1
114200 1
114300 3
114400 2
114500 6
114600 7
114700 1
114800 2
114900 2
115000 3
115100 2
115200 1
115300 1
115400 3
115500 3
115600 5
115700 2
115800 2
115900 6
116000 7
116100 3
116200 1
116300 3
116400 1
116500 3
116600 2
116700 2
116800 2
116900 4
117000 3
117100 5
117200 3
117300 2
117400 1
117500 2
117600 1
117700 1
117800 1
117900 3
118000 2
118100 1
118200 2
118300 2
118400 2
118500 3
118600 2
118700 3
118800 2
118900 1
119000 1
119100 4
119200 2
119300 1
119400 4
119500 1
119600 1
119700 3
119800 2
119900 2
120000 1
120100 1
120200 6
120300 5
120400 5
120500 3
120600 3
120700 3
120800 2
120900 1
121000 1
121100 2
121200 3
121300 3
121400 2
121500 1
121600 3
121700 4
121800 2
121900 4
122000 6
122100 1
122200 1
122300 1
122400 1
122500 2
122600 2
122700 2
122800 2
122900 1
123000 1
123100 2
123200 2
123300 1
123400 4
123500 2
123600 3
123700 3
123800 1
123900 1
124000 2
124100 3
124200 4
124300 3
124400 2
124500 3
124600 4
124700 3
124800 1
124900 1
125000 1
125100 4
125200 7
125300 2
125400 3
125500 6
125600 3
125700 1
125800 2
125900 5
126000 2
126100 7
126200 4
126300 3
126400 1
126500 1
126600 1
126700 2
126800 3
126900 1
127000 3
127100 2
127200 2
127300 1
127400 1
127500 4
127600 3
127700 1
127800 1
127900 2
128000 2
128100 6
128200 7
128300 2
128400 2
128500 1
128600 1
128700 1
128800 3
128900 1
129000 4
129100 3
129200 1
129300 2
129400 3
129500 2
129600 1
129700 4
129800 6
129900 2
130000 3
130100 2
130200 2
130300 1
130400 1
130500 3
130600 6
130700 2
130800 1
130900 1
131000 1
131100 1
131200 1
131300 1
131400 4
131500 3
131600 1
131700 3
131800 1
131900 3
132000 5
132100 1
132200 2
132300 2
132400 3
132500 1
132600 2
132700 2
132800 2
132900 5
133000 5
133100 4
133200 3
133300 1
133400 1
133500 2
133600 1
133700 2
133800 4
133900 2
134000 1
134100 2
134200 3
134300 4
134400 2
134500 4
134600 3
134700 3
134800 3
134900 1
135000 1
135100 1
135200 2
135300 2
135400 3
135500 3
135600 1
135700 3
135800 1
135900 2
136000 1
136100 1
136200 3
136300 5
136400 2
136500 4
136600 2
136700 5
136800 4
136900 3
137000 1
137100 1
137200 2
137300 3
137400 2
137500 3
137600 2
137700 4
137800 1
137900 1
138000 3
138100 3
138200 3
138300 3
138400 5
138500 5
138600 4
138700 1
138800 1
138900 2
139000 5
139100 3
139200 2
139300 1
139400 1
139500 5
139600 2
139700 1
139800 2
139900 1
140000 1
140100 5
140200 5
140300 1
140400 2
140500 1
140600 3
140700 2
140800 2
140900 2
141000 3
141100 3
141200 2
141300 3
141400 5
141500 2
141600 1
141700 2
141800 1
141900 4
142000 4
142100 2
142200 2
142300 2
142400 2
142500 1
142600 2
142700 2
142800 2
142900 3
143000 3
143100 2
143200 4
143300 2
143400 3
143500 1
143600 1
143700 3
143800 2
143900 1
144000 3
144100 1
144200 2
144300 3
144400 3
144500 2
144600 2
144700 1
144800 2
144900 1
145000 4
145100 4
145200 2
145300 3
145400 2
145500 2
145600 1
145700 2
145800 2
145900 3
146000 2
146100 3
146200 1
146300 2
146400 2
146500 1
146600 1
146700 3
146800 2
146900 1
147000 3
147100 4
147200 1
147300 2
147400 1
147500 3
147600 3
147700 5
147800 3
147900 1
148000 2
148100 5
148200 2
148300 2
148400 1
148500 4
148600 3
148700 1
148800 4
148900 3
149000 1
149100 3
149200 3
149300 3
149400 1
149500 2
149600 1
149700 1
149800 1
149900 3
150000 1
150100 3
150200 4
150300 3
150400 2
150500 2
150600 2
150700 1
150800 2
150900 2
151000 2
151100 3
151200 3
151300 1
151400 3
151500 1
151600 2
151700 1
151800 3
151900 3
152000 1
152100 2
152200 2
152300 2
152400 3
152500 3
152600 1
152700 3
152800 1
152900 3
153000 4
153100 1
153200 2
153300 3
153400 3
153500 2
153600 1
153700 3
153800 2
153900 1
154000 1
154100 5
154200 3
154300 3
154400 4
154500 1
154600 2
154700 2
154800 2
154900 3
155000 1
155100 2
155200 2
155300 1
155400 5
155500 1
155600 2
155700 1
155800 2
155900 3
156000 2
156100 2
156200 1
156300 4
156400 3
156500 3
156600 3
156700 3
156800 1
156900 3
157000 1
157100 3
157200 3
157300 4
157400 1
157500 1
157600 2
157700 1
157800 1
157900 3
158000 1
158100 1
158200 2
158300 5
158400 3
158500 2
158600 4
158700 1
158800 2
158900 3
159000 4
159100 3
159200 2
159300 2
159400 5
159500 4
159600 1
159700 1
159800 1
159900 1
160000 4
160100 1
160200 2
160300 2
160400 3
160500 3
160600 1
160700 1
160800 3
160900 2
161000 1
161100 3
161200 4
161300 2
161400 2
161500 3
161600 1
161700 1
161800 1
161900 1
162000 1
162100 3
162200 2
162300 3
162400 2
162500 7
162600 6
162700 2
162800 1
162900 2
163000 1
163100 1
163200 4
163300 2
163400 2
163500 1
163600 4
163700 4
163800 4
163900 3
164000 2
164100 2
164200 6
164300 3
164400 5
164500 2
164600 2
164700 5
164800 2
164900 1
165000 2
165100 1
165200 2
165300 3
165400 6
165500 2
165600 1
165700 3
165800 2
165900 2
166000 2
166100 2
166200 1
166300 4
166400 1
166500 1
166600 3
166700 1
166800 1
166900 2
167000 1
167100 2
167200 2
167300 2
167400 2
167500 3
167600 3
167700 2
167800 2
167900 2
168000 1
168100 3
168200 1
168300 1
168400 2
168500 3
168600 5
168700 5
168800 2
168900 2
169000 1
169100 1
169200 3
169300 1
169400 5
169500 3
169600 1
169700 2
169800 1
169900 1
170000 3
170100 3
170200 5
170300 1
170400 1
170500 4
170600 3
170700 3
170800 4
170900 4
171000 1
171100 1
171200 2
171300 3
171400 3
171500 4
171600 1
171700 3
171800 1
171900 2
172000 1
172100 3
172200 2
172300 1
172400 1
172500 2
172600 3
172700 2
172800 2
172900 1
173000 1
173100 2
173200 2
173300 5
173400 2
173500 1
173600 1
173700 1
173800 3
173900 1
174000 1
174100 2
174200 4
174300 5
174400 4
174500 3
174600 2
174700 3
174800 1
174900 2
175000 3
175100 1
175200 2
175300 4
175400 1
175500 2
175600 3
175700 3
175800 2
175900 3
176000 1
176100 4
176200 1
176300 3
176400 5
176500 2
176600 3
176700 3
176800 1
176900 2
177000 1
177100 3
177200 1
177300 1
177400 2
177500 2
177600 3
177700 3
177800 3
177900 3
178000 2
178100 5
178200 3
178300 1
178400 5
178500 1
178600 4
178700 4
178800 4
178900 4
179000 4
179100 4
179200 3
179300 1
179400 2
179500 5
179600 4
179700 3
179800 1
179900 3
180000 7
180100 4
180200 2
180300 1
180400 1
180500 2
180600 3
180700 4
180800 3
180900 2
181000 4
181100 2
181200 1
181300 2
181400 5
181500 5
181600 2
181700 2
181800 3
181900 3
182000 1
182100 1
182200 1
182300 2
182400 1
182500 3
182600 4
182700 3
182800 4
182900 1
183000 3
183100 2
183200 3
183300 3
183400 3
183500 1
183600 2
183700 2
183800 1
183900 3
184000 2
184100 2
184200 3
184300 1
184400 1
184500 3
184600 1
184700 2
184800 3
184900 4
185000 4
185100 1
185200 2
185300 3
185400 2
185500 2
185600 3
185700 2
185800 3
185900 2
186000 2
186100 3
186200 2
186300 2
186400 1
186500 1
186600 2
186700 1
186800 2
186900 1
187000 3
187100 3
187200 1
187300 4
187400 3
187500 5
187600 3
187700 2
187800 2
187900 2
188000 5
188100 2
188200 1
188300 3
188400 2
188500 1
188600 1
188700 3
188800 2
188900 2
189000 3
189100 1
189200 1
189300 1
189400 5
189500 4
189600 3
189700 4
189800 2
189900 1
190000 4
190100 4
190200 3
190300 3
190400 2
190500 3
190600 2
190700 4
190800 3
190900 1
191000 1
191100 3
191200 3
191300 3
191400 1
191500 1
191600 1
191700 1
191800 1
191900 1
192000 2
192100 5
192200 7
192300 3
192400 5
192500 2
192600 5
192700 1
192800 2
192900 1
193000 1
193100 2
193200 3
193300 2
193400 2
193500 2
193600 3
193700 3
193800 4
193900 1
194000 2
194100 1
194200 5
194300 5
194400 3
194500 2
194600 1
194700 2
194800 2
194900 1
195000 4
195100 3
195200 1
195300 5
195400 3
195500 1
195600 2
195700 4
195800 1
195900 1
196000 2
196100 1
196200 3
196300 7
196400 5
196500 2
196600 1
196700 3
196800 1
196900 1
197000 3
197100 2
197200 4
197300 2
197400 1
197500 3
197600 1
197700 1
197800 2
197900 4
198000 1
198100 4
198200 3
198300 2
198400 2
198500 3
198600 2
198700 1
198800 5
198900 7
199000 6
199100 5
199200 4
199300 1
199400 3
199500 1
199600 2
199700 2
199800 2
199900 1
200000 2
200100 2
200200 3
200300 1
200400 1
200500 4
200600 3
200700 3
200800 1
200900 2
201000 1
201100 1
201200 2
201300 2
201400 2
201500 3
201600 2
201700 4
201800 4
201900 4
202000 2
202100 1
202200 2
202300 3
202400 2
202500 2
202600 2
202700 3
202800 1
202900 1
203000 2
203100 1
203200 1
203300 1
203400 1
203500 1
203600 3
203700 2
203800 1
203900 2
204000 1
204100 4
204200 2
204300 3
204400 2
204500 3
204600 3
204700 4
204800 4
204900 3
205000 1
205100 4
205200 3
205300 1
205400 3
205500 4
205600 6
205700 4
205800 7
205900 5
206000 3
206100 1
206200 1
206300 1
206400 1
206500 1
206600 4
206700 4
206800 3
206900 3
207000 2
207100 1
207200 1
207300 2
207400 1
207500 1
207600 3
207700 3
207800 1
207900 1
208000 2
208100 2
208200 1
208300 2
208400 1
208500 3
208600 4
208700 2
208800 3
208900 3
209000 2
209100 1
209200 1
209300 3
209400 2
209500 3
209600 5
209700 2
209800 3
209900 2
210000 2
210100 2
210200 6
210300 6
210400 4
210500 5
210600 2
210700 4
210800 1
210900 2
211000 2
211100 1
211200 3
211300 1
211400 3
211500 2
211600 2
211700 2
211800 3
211900 3
212000 2
212100 1
212200 2
212300 1
212400 2
212500 2
212600 1
212700 1
212800 1
212900 3
213000 2
213100 6
213200 4
213300 5
213400 1
213500 3
213600 4
213700 4
213800 2
213900 5
214000 3
214100 2
214200 1
214300 1
214400 3
214500 2
214600 1
214700 5
214800 1
214900 1
215000 2
215100 1
215200 1
215300 1
215400 2
215500 3
215600 4
215700 3
215800 3
215900 1
216000 3
216100 3
216200 3
216300 2
216400 1
216500 1
216600 1
216700 4
216800 2
216900 4
217000 1
217100 2
217200 3
217300 2
217400 3
217500 4
217600 3
217700 2
217800 4
217900 1
218000 2
218100 1
218200 1
218300 4
218400 3
218500 2
218600 4
218700 1
218800 1
218900 1
219000 3
219100 2
219200 2
219300 4
219400 1
219500 2
219600 2
219700 4
219800 1
219900 3
220000 2
220100 1
220200 1
220300 2
220400 2
220500 2
220600 1
220700 1
220800 5
220900 6
221000 6
221100 5
221200 2
221300 1
221400 3
221500 2
221600 6
221700 4
221800 1
221900 3
222000 1
222100 1
222200 2
222300 3
222400 2
222500 1
222600 4
222700 3
222800 1
222900 1
223000 3
223100 2
223200 3
223300 3
223400 1
223500 2
223600 4
223700 2
223800 1
223900 3
224000 2
224100 1
224200 2
224300 4
224400 1
224500 1
224600 1
224700 3
224800 2
224900 1
225000 3
225100 3
225200 2
225300 2
225400 3
225500 1
225600 2
225700 1
225800 1
225900 4
226000 3
226100 2
226200 6
226300 2
226400 3
226500 3
226600 3
226700 5
226800 3
226900 2
227000 1
227100 2
227200 1
227300 1
227400 1
227500 2
227600 1
227700 5
227800 4
227900 2
228000 1
228100 4
228200 3
228300 2
228400 4
228500 2
228600 1
228700 2
228800 2
228900 2
229000 2
229100 1
229200 3
229300 4
229400 4
229500 2
229600 4
229700 5
229800 4
229900 1
230000 1
230100 1
230200 2
230300 1
230400 4
230500 5
230600 2
230700 3
230800 3
230900 2
231000 4
231100 4
231200 2
231300 1
231400 2
231500 2
231600 1
231700 2
231800 1
231900 1
232000 2
232100 3
232200 1
232300 2
232400 4
232500 2
232600 3
232700 3
232800 3
232900 3
233000 3
233100 2
233200 3
233300 1
233400 3
233500 1
233600 6
233700 7
233800 2
233900 2
234000 1
234100 3
234200 3
234300 3
234400 3
234500 4
234600 3
234700 1
234800 2
234900 3
235000 2
235100 3
235200 2
235300 3
235400 2
235500 2
235600 5
235700 1
235800 1
235900 3
236000 3
236100 3
236200 2
236300 1
236400 3
236500 2
236600 1
236700 3
236800 5
236900 2
237000 6
237100 6
237200 2
237300 1
237400 1
237500 1
237600 1
237700 2
237800 2
237900 3
238000 3
238100 1
238200 2
238300 2
238400 1
238500 1
238600 3
238700 1
238800 1
238900 3
239000 2
239100 3
239200 3
239300 2
239400 2
239500 3
239600 4
239700 3
239800 2
239900 2
240000 2
240100 2
240200 1
240300 1
240400 3
240500 1
240600 2
240700 3
240800 5
240900 5
241000 1
241100 1
241200 1
241300 1
241400 4
241500 3
241600 1
241700 1
241800 1
241900 3
242000 1
242100 1
242200 2
242300 3
242400 1
242500 4
242600 2
242700 3
242800 3
242900 1
243000 3
243100 1
243200 3
243300 2
243400 1
243500 1
243600 1
243700 3
243800 1
243900 3
244000 1
244100 2
244200 5
244300 2
244400 2
244500 3
244600 1
244700 2
244800 1
244900 2
245000 2
245100 2
245200 2
245300 4
245400 4
245500 1
245600 3
245700 1
245800 1
245900 2
246000 4
246100 1
246200 2
246300 4
246400 2
246500 4
246600 3
246700 1
246800 1
246900 2
247000 1
247100 2
247200 4
247300 1
247400 2
247500 1
247600 2
247700 1
247800 3
247900 3
248000 4
248100 3
248200 2
248300 1
248400 2
248500 2
248600 1
248700 3
248800 2
248900 3
249000 3
249100 1
249200 2
249300 1
249400 2
249500 1
249600 3
249700 3
249800 1
249900 2
250000 4
250100 1
250200 2
250300 2
250400 5
250500 1
250600 1
250700 2
250800 2
250900 1
251000 2
251100 2
251200 2
251300 1
251400 1
251500 2
251600 3
251700 3
251800 2
251900 2
252000 3
252100 3
252200 1
252300 3
252400 2
252500 2
252600 2
252700 2
252800 4
252900 2
253000 2
253100 5
253200 3
253300 3
253400 4
253500 4
253600 2
253700 2
253800 2
253900 1
254000 2
254100 2
254200 1
254300 3
254400 2
254500 2
254600 4
254700 2
254800 1
254900 4
255000 2
255100 3
255200 2
255300 5
255400 1
255500 2
255600 4
255700 5
255800 2
255900 2
256000 1
256100 3
256200 2
256300 1
256400 2
256500 1
256600 1
256700 3
256800 6
256900 6
257000 2
257100 3
257200 3
257300 1
257400 1
257500 1
257600 2
257700 4
257800 2
257900 1
258000 1
258100 2
258200 1
258300 3
258400 2
258500 3
258600 3
258700 1
258800 4
258900 6
259000 6
259100 1
259200 1
259300 1
259400 3
259500 1
259600 1
259700 3
259800 2
259900 2
260000 3
260100 4
260200 4
260300 2
260400 1
260500 2
260600 1
260700 1
260800 5
260900 5
261000 2
261100 1
261200 2
261300 5
261400 4
261500 1
261600 2
261700 2
261800 2
261900 4
262000 1
262100 2
262200 2
262300 5
262400 4
262500 1
262600 1
262700 2
262800 3
262900 1
263000 1
263100 4
263200 1
263300 2
263400 1
263500 1
263600 2
263700 1
263800 1
263900 3
264000 2
264100 1
264200 1
264300 1
264400 3
264500 2
264600 1
264700 2
264800 2
264900 3
265000 3
265100 2
265200 5
265300 3
265400 3
265500 2
265600 2
265700 2
265800 1
265900 1
266000 2
266100 2
266200 3
266300 6
266400 6
266500 3
266600 2
266700 1
266800 2
266900 4
267000 6
267100 2
267200 2
267300 3
267400 2
267500 4
267600 1
267700 2
267800 3
267900 1
268000 2
268100 2
268200 3
268300 5
268400 3
268500 2
268600 1
268700 2
268800 1
268900 2
269000 1
269100 2
269200 6
269300 1
269400 2
269500 4
269600 3
269700 3
269800 2
269900 3
270000 2
270100 2
270200 1
270300 1
270400 1
270500 1
270600 2
270700 2
270800 2
270900 3
271000 6
271100 3
271200 1
271300 1
271400 2
271500 3
271600 4
271700 2
271800 1
271900 2
272000 4
272100 1
272200 3
272300 4
272400 4
272500 3
272600 1
272700 5
272800 1
272900 1
273000 3
273100 2
273200 2
273300 3
273400 3
273500 3
273600 4
273700 4
273800 1
273900 1
274000 1
274100 1
274200 2
274300 2
274400 1
274500 1
274600 5
274700 5
274800 2
274900 2
275000 2
275100 2
275200 4
275300 4
275400 6
275500 4
275600 1
275700 1
275800 1
275900 3
276000 2
276100 3
276200 1
276300 1
276400 1
276500 1
276600 5
276700 1
276800 1
276900 4
277000 2
277100 4
277200 3
277300 2
277400 1
277500 3
277600 1
277700 2
277800 3
277900 2
278000 1
278100 1
278200 2
278300 1
278400 1
278500 2
278600 2
278700 3
278800 3
278900 2
279000 2
279100 1
279200 1
279300 1
279400 1
279500 2
279600 3
279700 2
279800 2
279900 1
280000 2
280100 4
280200 3
280300 1
280400 2
280500 2
280600 1
280700 2
280800 3
280900 3
281000 2
281100 3
281200 3
281300 4
281400 3
281500 6
281600 4
281700 5
281800 3
281900 1
282000 2
282100 2
282200 1
282300 1
282400 1
282500 2
282600 3
282700 2
282800 3
282900 2
283000 1
283100 2
283200 1
283300 1
283400 3
283500 3
283600 2
283700 3
283800 2
283900 3
284000 1
284100 2
284200 2
284300 3
284400 3
284500 3
284600 1
284700 2
284800 3
284900 3
285000 2
285100 3
285200 5
285300 3
285400 3
285500 1
285600 2
285700 5
285800 1
285900 4
286000 2
286100 2
286200 3
286300 1
286400 3
286500 3
286600 3
286700 2
286800 2
286900 1
287000 2
287100 3
287200 3
287300 3
287400 2
287500 3
287600 3
287700 2
287800 1
287900 4
288000 3
288100 2
288200 3
288300 3
288400 2
288500 3
288600 1
288700 2
288800 1
288900 1
289000 4
289100 1
289200 1
289300 2
289400 2
289500 3
289600 3
289700 2
289800 2
289900 3
290000 3
290100 1
290200 3
290300 1
290400 1
290500 1
290600 1
290700 1
290800 1
290900 1
291000 2
291100 2
291200 2
291300 2
291400 1
291500 3
291600 2
291700 2
291800 2
291900 1
292000 2
292100 1
292200 3
292300 3
292400 1
292500 3
292600 2
292700 1
292800 3
292900 2
293000 2
293100 2
293200 1
293300 2
293400 4
293500 1
293600 2
293700 2
293800 2
293900 4
294000 3
294100 5
294200 4
294300 4
294400 4
294500 3
294600 3
294700 2
294800 1
294900 3
295000 2
295100 2
295200 1
295300 1
295400 3
295500 2
295600 1
295700 1
295800 1
295900 3
296000 1
296100 2
296200 5
296300 2
296400 4
296500 2
296600 3
296700 1
296800 3
296900 3
297000 1
297100 4
297200 1
297300 2
297400 3
297500 3
297600 4
297700 2
297800 2
297900 4
298000 4
298100 1
298200 3
298300 2
298400 2
298500 1
298600 1
298700 1
298800 2
298900 2
299000 3
299100 1
299200 1
299300 3
299400 3
299500 1
299600 3
299700 4
299800 4
299900 4
300000 5
300100 3
300200 2
300300 1
300400 3
300500 1
300600 3
300700 4
300800 2
300900 1
301000 1
301100 1
301200 5
301300 2
301400 1
301500 3
301600 2
301700 2
301800 3
301900 3
302000 2
302100 2
302200 1
302300 3
302400 1
302500 1
302600 2
302700 2
302800 3
302900 2
303000 2
303100 5
303200 3
303300 3
303400 1
303500 1
303600 4
303700 3
303800 3
303900 2
304000 4
304100 3
304200 4
304300 3
304400 2
304500 2
304600 2
304700 6
304800 1
304900 1
305000 2
305100 5
305200 2
305300 2
305400 3
305500 5
305600 5
305700 3
305800 2
305900 3
306000 3
306100 4
306200 8
306300 5
306400 1
306500 1
306600 2
306700 2
306800 4
306900 2
307000 3
307100 1
307200 4
307300 4
307400 2
307500 1
307600 3
307700 3
307800 3
307900 4
308000 4
308100 3
308200 1
308300 2
308400 2
308500 3
308600 4
308700 3
308800 2
308900 1
309000 1
309100 2
309200 1
309300 1
309400 2
309500 3
309600 2
309700 3
309800 3
309900 1
310000 1
310100 1
310200 2
310300 3
310400 2
310500 2
310600 4
310700 1
310800 2
310900 3
311000 1
311100 2
311200 1
311300 1
311400 2
311500 5
311600 4
311700 2
311800 3
311900 2
312000 3
312100 3
312200 3
312300 2
312400 2
312500 2
312600 1
312700 3
312800 3
312900 1
313000 2
313100 1
313200 3
313300 1
313400 1
313500 1
313600 1
313700 4
313800 2
313900 3
314000 4
314100 1
314200 4
314300 3
314400 1
314500 2
314600 3
314700 2
314800 1
314900 2
315000 4
315100 3
315200 1
315300 2
315400 2
315500 2
315600 3
315700 2
315800 3
315900 1
316000 1
316100 4
316200 2
316300 2
316400 2
316500 4
316600 4
316700 1
316800 4
316900 3
317000 2
317100 1
317200 4
317300 3
317400 1
317500 2
317600 1
317700 2
317800 2
317900 3
318000 2
318100 2
318200 6
318300 3
318400 5
318500 2
318600 1
318700 2
318800 1
318900 4
319000 3
319100 5
319200 2
319300 1
319400 2
319500 1
319600 2
319700 2
319800 2
319900 4
320000 4
320100 3
320200 2
320300 1
320400 2
320500 2
320600 2
320700 3
320800 1
320900 1
321000 3
321100 1
321200 2
321300 1
321400 3
321500 1
321600 2
321700 3
321800 3
321900 4
322000 2
322100 2
322200 1
322300 4
322400 2
322500 1
322600 1
322700 2
322800 1
322900 2
323000 2
323100 2
323200 2
323300 3
323400 2
323500 3
323600 3
323700 3
323800 2
323900 1
324000 2
324100 1
324200 2
324300 3
324400 3
324500 3
324600 7
324700 3
324800 3
324900 6
325000 3
325100 1
325200 3
325300 3
325400 3
325500 3
325600 3
325700 1
325800 1
325900 2
326000 2
326100 2
326200 3
326300 3
326400 1
326500 4
326600 2
326700 2
326800 2
326900 5
327000 5
327100 1
327200 2
327300 4
327400 3
327500 4
327600 4
327700 3
327800 2
327900 2
328000 3
328100 1
328200 1
328300 2
328400 1
328500 2
328600 1
328700 2
328800 3
328900 4
329000 2
329100 2
329200 2
329300 1
329400 4
329500 3
329600 3
329700 5
329800 4
329900 3
330000 3
330100 1
330200 1
330300 4
330400 5
330500 2
330600 2
330700 1
330800 3
330900 1
331000 3
331100 4
331200 2
331300 4
331400 1
331500 1
331600 2
331700 2
331800 5
331900 3
332000 1
332100 2
332200 2
332300 2
332400 1
332500 2
332600 1
332700 3
332800 4
332900 1
333000 2
333100 4
333200 2
333300 5
333400 4
333500 2
333600 2
333700 1
333800 2
333900 4
334000 4
334100 7
334200 5
334300 1
334400 1
334500 1
334600 1
334700 3
334800 3
334900 1
335000 1
335100 3
335200 1
335300 2
335400 2
335500 2
335600 2
335700 2
335800 1
335900 2
336000 1
336100 2
336200 3
336300 3
336400 4
336500 2
336600 1
336700 1
336800 2
336900 1
337000 3
337100 4
337200 2
337300 2
337400 3
337500 2
337600 4
337700 1
337800 2
337900 4
338000 2
338100 2
338200 4
338300 1
338400 2
338500 2
338600 1
338700 2
338800 1
338900 2
339000 1
339100 3
339200 3
339300 1
339400 5
339500 2
339600 2
339700 2
339800 3
339900 1
340000 2
340100 3
340200 2
340300 4
340400 1
340500 1
340600 3
340700 1
340800 2
340900 3
341000 2
341100 2
341200 2
341300 1
341400 3
341500 3
341600 3
341700 2
341800 1
341900 4
342000 4
342100 4
342200 2
342300 3
342400 2
342500 2
342600 1
342700 1
342800 2
342900 1
343000 3
343100 2
343200 1
343300 3
343400 3
343500 2
343600 3
343700 2
343800 1
343900 2
344000 3
344100 2
344200 2
344300 1
344400 1
344500 3
344600 1
344700 1
344800 1
344900 1
345000 1
345100 4
345200 1
345300 3
345400 3
345500 2
345600 2
345700 1
345800 3
345900 4
346000 1
346100 3
346200 2
346300 1
346400 3
346500 3
346600 3
346700 1
346800 2
346900 2
347000 2
347100 1
347200 1
347300 3
347400 4
347500 2
347600 4
347700 1
347800 3
347900 2
348000 4
348100 4
348200 5
348300 2
348400 1
348500 2
348600 1
348700 1
348800 1
348900 3
349000 3
349100 3
349200 4
349300 5
349400 2
349500 3
349600 2
349700 2
349800 1
349900 2
350000 5
350100 3
350200 2
350300 4
350400 1
350500 2
350600 3
350700 4
350800 2
350900 3
351000 3
351100 2
351200 2
351300 2
351400 3
351500 4
351600 1
351700 1
351800 1
351900 1
352000 1
352100 2
352200 2
352300 3
352400 1
352500 2
352600 2
352700 2
352800 1
352900 2
353000 2
353100 2
353200 3
353300 1
353400 1
353500 4
353600 3
353700 1
353800 3
353900 1
354000 1
354100 1
354200 1
354300 3
354400 1
354500 3
354600 1
354700 1
354800 1
354900 2
355000 1
355100 3
355200 2
355300 5
355400 3
355500 2
355600 1
355700 1
355800 3
355900 4
356000 3
356100 1
356200 2
356300 4
356400 2
356500 2
356600 3
356700 3
356800 6
356900 4
357000 3
357100 1
357200 3
357300 3
357400 2
357500 3
357600 5
357700 2
357800 3
357900 1
358000 4
358100 1
358200 1
358300 3
358400 1
358500 1
358600 1
358700 2
358800 4
358900 6
359000 4
359100 1
359200 2
359300 4
359400 3
359500 3
359600 4
359700 2
359800 3
359900 3
360000 3
360100 3
360200 4
360300 6
360400 2
360500 1
360600 3
360700 3
360800 2
360900 2
361000 3
361100 1
361200 2
361300 1
361400 4
361500 4
361600 4
361700 1
361800 7
361900 5
362000 1
362100 1
362200 5
362300 2
362400 4
362500 4
362600 2
362700 1
362800 2
362900 3
363000 2
363100 3
363200 1
363300 2
363400 3
363500 1
363600 1
363700 2
363800 7
363900 1
364000 1
364100 1
364200 3
364300 2
364400 3
364500 2
364600 1
364700 4
364800 3
364900 2
365000 3
365100 4
365200 1
365300 4
365400 5
365500 4
365600 8
365700 6
365800 5
365900 2
366000 3
366100 2
366200 1
366300 1
366400 1
366500 1
366600 2
366700 2
366800 2
366900 1
367000 1
367100 1
367200 2
367300 1
367400 3
367500 2
367600 3
367700 4
367800 4
367900 2
368000 1
368100 1
368200 2
368300 1
368400 1
368500 2
368600 2
368700 3
368800 2
368900 3
369000 6
369100 4
369200 1
369300 3
369400 2
369500 1
369600 1
369700 5
369800 4
369900 1
370000 3
370100 3
370200 2
370300 2
370400 2
370500 2
370600 2
370700 2
370800 1
370900 1
371000 3
371100 2
371200 2
371300 5
371400 1
371500 1
371600 5
371700 5
371800 2
371900 1
372000 3
372100 1
372200 1
372300 2
372400 3
372500 1
372600 2
372700 1
372800 1
372900 1
373000 4
373100 1
373200 2
373300 2
373400 4
373500 3
373600 4
373700 4
373800 2
373900 2
374000 2
374100 2
374200 2
374300 2
374400 4
374500 4
374600 1
374700 1
374800 1
374900 1
375000 2
375100 1
375200 4
375300 1
375400 2
375500 2
375600 3
375700 2
375800 1
375900 2
376000 1
376100 2
376200 2
376300 1
376400 3
376500 1
376600 4
376700 1
376800 1
376900 1
377000 3
377100 4
377200 1
377300 1
377400 3
377500 2
377600 2
377700 3
377800 2
377900 3
378000 2
378100 1
378200 1
378300 2
378400 2
378500 3
378600 1
378700 5
378800 1
378900 1
379000 1
379100 3
379200 2
379300 3
379400 2
379500 1
379600 2
379700 2
379800 1
379900 3
380000 3
380100 2
380200 2
380300 1
380400 1
380500 1
380600 5
380700 1
380800 2
380900 1
381000 1
381100 2
381200 1
381300 2
381400 5
381500 4
381600 2
381700 1
381800 3
381900 3
382000 1
382100 1
382200 1
382300 3
382400 2
382500 3
382600 4
382700 3
382800 1
382900 2
383000 6
383100 2
383200 2
383300 1
383400 3
383500 1
383600 1
383700 1
383800 4
383900 1
384000 3
384100 1
384200 3
384300 5
384400 5
384500 1
384600 1
384700 1
384800 1
384900 1
385000 1
385100 2
385200 1
385300 1
385400 1
385500 2
385600 2
385700 2
385800 2
385900 2
386000 4
386100 1
386200 2
386300 3
386400 3
386500 2
386600 1
386700 2
386800 2
386900 4
387000 1
387100 2
387200 2
387300 1
387400 3
387500 6
387600 2
387700 2
387800 3
387900 5
388000 2
388100 1
388200 1
388300 3
388400 2
388500 3
388600 5
388700 2
388800 4
388900 4
389000 1
389100 1
389200 1
389300 3
389400 1
389500 2
389600 2
389700 1
389800 3
389900 2
390000 3
390100 2
390200 1
390300 5
390400 2
390500 1
390600 3
390700 4
390800 5
390900 4
391000 4
391100 1
391200 2
391300 2
391400 5
391500 2
391600 1
391700 1
391800 2
391900 5
392000 5
392100 3
392200 4
392300 5
392400 2
392500 1
392600 3
392700 2
392800 2
392900 1
393000 3
393100 1
393200 3
393300 1
393400 2
393500 1
393600 2
393700 1
393800 4
393900 3
394000 2
394100 2
394200 1
394300 1
394400 2
394500 2
394600 1
394700 1
394800 2
394900 4
395000 2
395100 1
395200 1
395300 3
395400 3
395500 1
395600 3
395700 2
395800 2
395900 4
396000 1
396100 4
396200 7
396300 5
396400 3
396500 2
396600 2
396700 3
396800 1
396900 3
397000 3
397100 6
397200 2
397300 3
397400 2
397500 1
397600 4
397700 1
397800 2
397900 2
398000 2
398100 2
398200 1
398300 1
398400 1
398500 3
398600 4
398700 2
398800 3
398900 2
399000 1
399100 3
399200 3
399300 2
399400 1
399500 2
399600 2
399700 3
399800 4
399900 2
400000 2
400100 2
400200 3
400300 2
400400 4
400500 1
400600 1
400700 3
400800 3
400900 4
401000 3
401100 2
401200 5
401300 1
401400 1
401500 1
401600 1
401700 3
401800 6
401900 3
402000 3
402100 1
402200 2
402300 1
402400 1
402500 3
402600 2
402700 4
402800 1
402900 2
403000 2
403100 3
403200 2
403300 1
403400 2
403500 2
403600 2
403700 3
403800 1
403900 1
404000 4
404100 5
404200 2
404300 1
404400 1
404500 4
404600 1
404700 1
404800 3
404900 2
405000 3
405100 1
405200 3
405300 1
405400 1
405500 5
405600 1
405700 2
405800 3
405900 2
406000 1
406100 2
406200 2
406300 2
406400 2
406500 1
406600 1
406700 2
406800 1
406900 1
407000 5
407100 3
407200 1
407300 3
407400 1
407500 3
407600 1
407700 2
407800 4
407900 2
408000 2
408100 3
408200 1
408300 3
408400 2
408500 1
408600 1
408700 3
408800 3
408900 3
409000 1
409100 2
409200 2
409300 1
409400 1
409500 1
409600 2
409700 2
409800 2
409900 2
410000 3
410100 3
410200 1
410300 3
410400 1
410500 1
410600 4
410700 3
410800 1
410900 2
411000 3
411100 3
411200 2
411300 3
411400 2
411500 3
411600 2
411700 1
411800 4
411900 5
412000 2
412100 2
412200 2
412300 1
412400 1
412500 2
412600 2
412700 2
412800 1
412900 3
413000 3
413100 2
413200 2
413300 3
413400 2
413500 2
413600 2
413700 1
413800 2
413900 1
414000 1
414100 1
414200 2
414300 3
414400 3
414500 6
414600 1
414700 3
414800 3
414900 2
415000 2
415100 3
415200 1
415300 1
415400 1
415500 1
415600 1
415700 4
415800 3
415900 3
416000 2
416100 2
416200 6
416300 4
416400 1
416500 2
416600 4
416700 2
416800 1
416900 1
417000 2
417100 2
417200 2
417300 2
417400 1
417500 2
417600 1
417700 3
417800 2
417900 4
418000 4
418100 1
418200 2
418300 2
418400 1
418500 1
418600 2
418700 1
418800 1
418900 4
419000 1
419100 3
419200 5
419300 2
419400 2
419500 2
419600 2
419700 3
419800 4
419900 2
420000 2
420100 2
420200 2
420300 1
420400 4
420500 5
420600 2
420700 2
420800 2
420900 3
421000 1
421100 2
421200 4
421300 3
421400 4
421500 1
421600 1
421700 3
421800 1
421900 3
422000 1
422100 3
422200 1
422300 3
422400 3
422500 1
422600 2
422700 5
422800 2
422900 4
423000 3
423100 1
423200 2
423300 2
423400 3
423500 2
423600 3
423700 1
423800 4
423900 2
424000 3
424100 1
424200 2
424300 3
424400 2
424500 1
424600 3
424700 1
424800 2
424900 5
425000 1
425100 2
425200 4
425300 1
425400 2
425500 2
425600 2
425700 3
425800 1
425900 1
426000 3
426100 3
426200 6
426300 3
426400 1
426500 2
426600 1
426700 2
426800 2
426900 1
427000 5
427100 4
427200 3
427300 1
427400 1
427500 2
427600 3
427700 3
427800 2
427900 2
428000 2
428100 1
428200 2
428300 2
428400 6
428500 3
428600 2
428700 6
428800 4
428900 3
429000 2
429100 1
429200 2
429300 1
429400 2
429500 3
429600 2
429700 3
429800 2
429900 2
430000 1
430100 4
430200 1
430300 1
430400 1
430500 1
430600 2
430700 4
430800 1
430900 2
431000 3
431100 1
431200 2
431300 2
431400 1
431500 1
431600 1
431700 3
431800 1
431900 2
432000 4
432100 4
432200 3
432300 5
432400 1
432500 1
432600 4
432700 4
432800 2
432900 1
433000 1
433100 2
433200 3
433300 1
433400 2
433500 1
433600 2
433700 2
433800 5
433900 1
434000 5
434100 3
434200 1
434300 1
434400 2
434500 2
434600 1
434700 4
434800 4
434900 1
435000 1
435100 4
435200 5
435300 6
435400 2
435500 1
435600 2
435700 1
435800 3
435900 3
436000 3
436100 1
436200 2
436300 1
436400 3
436500 4
436600 2
436700 1
436800 2
436900 2
437000 3
437100 1
437200 3
437300 1
437400 2
437500 1
437600 4
437700 4
437800 2
437900 1
438000 1
438100 1
438200 5
438300 1
438400 4
438500 1
438600 2
438700 4
438800 1
438900 2
439000 5
439100 3
439200 3
439300 2
439400 2
439500 2
439600 1
439700 2
439800 2
439900 1
440000 1
440100 1
440200 4
440300 1
440400 3
440500 2
440600 2
440700 4
440800 4
440900 2
441000 2
441100 1
441200 1
441300 4
441400 3
441500 4
441600 1
441700 3
441800 2
441900 3
442000 2
442100 2
442200 2
442300 2
442400 3
442500 1
442600 3
442700 2
442800 1
442900 1
443000 3
443100 3
443200 3
443300 4
443400 1
443500 2
443600 3
443700 1
443800 1
443900 2
444000 4
444100 4
444200 1
444300 1
444400 3
444500 1
444600 6
444700 2
444800 1
444900 3
445000 1
445100 3
445200 1
445300 2
445400 1
445500 2
445600 2
445700 4
445800 5
445900 1
446000 5
446100 1
446200 2
446300 2
446400 2
446500 1
446600 3
446700 3
446800 2
446900 1
447000 2
447100 5
447200 2
447300 1
447400 3
447500 3
447600 2
447700 1
447800 3
447900 2
448000 3
448100 2
448200 1
448300 5
448400 4
448500 3
448600 2
448700 3
448800 3
448900 1
449000 2
449100 1
449200 2
449300 2
449400 4
449500 4
449600 1
449700 1
449800 2
449900 1
450000 2
450100 1
450200 3
450300 1
450400 1
450500 3
450600 2
450700 2
450800 3
450900 2
451000 1
451100 2
451200 1
451300 2
451400 2
451500 5
451600 1
451700 1
451800 4
451900 1
452000 4
452100 2
452200 2
452300 2
452400 1
452500 1
452600 4
452700 2
452800 3
452900 1
453000 2
453100 2
453200 1
453300 5
453400 5
453500 2
453600 2
453700 3
453800 2
453900 1
454000 1
454100 3
454200 3
454300 2
454400 2
454500 2
454600 7
454700 3
454800 4
454900 2
455000 2
455100 1
455200 3
455300 2
455400 2
455500 1
455600 3
455700 3
455800 2
455900 2
456000 6
456100 1
456200 3
456300 1
456400 3
456500 1
456600 3
456700 4
456800 3
456900 1
457000 1
457100 4
457200 1
457300 3
457400 2
457500 1
457600 2
457700 3
457800 3
457900 1
458000 4
458100 2
458200 1
458300 2
458400 2
458500 2
458600 2
458700 2
458800 1
458900 1
459000 4
459100 5
459200 3
459300 2
459400 4
459500 1
459600 2
459700 4
459800 2
459900 2
460000 1
460100 3
460200 2
460300 2
460400 1
460500 3
460600 2
460700 3
460800 5
460900 2
461000 2
461100 1
461200 3
461300 3
461400 4
461500 3
461600 6
461700 4
461800 2
461900 4
462000 2
462100 6
462200 3
462300 2
462400 2
462500 2
462600 1
462700 1
462800 1
462900 4
463000 2
463100 1
463200 1
463300 1
463400 3
463500 2
463600 2
463700 3
463800 3
463900 2
464000 4
464100 1
464200 2
464300 2
464400 4
464500 5
464600 4
464700 5
464800 5
464900 1
465000 2
465100 1
465200 3
465300 3
465400 1
465500 1
465600 4
465700 1
465800 1
465900 2
466000 1
466100 2
466200 2
466300 2
466400 3
466500 2
466600 2
466700 5
466800 4
466900 1
467000 1
467100 3
467200 4
467300 3
467400 2
467500 3
467600 2
467700 2
467800 2
467900 4
468000 4
468100 1
468200 1
468300 3
468400 2
468500 2
468600 1
468700 2
468800 1
468900 1
469000 4
469100 2
469200 2
469300 5
469400 2
469500 1
469600 2
469700 1
469800 2
469900 2
470000 2
470100 2
470200 1
470300 1
470400 1
470500 2
470600 3
470700 1
470800 3
470900 2
471000 1
471100 1
471200 5
471300 2
471400 1
471500 2
471600 3
471700 3
471800 4
471900 1
472000 2
472100 2
472200 2
472300 1
472400 1
472500 2
472600 2
472700 1
472800 1
472900 1
473000 1
473100 3
473200 1
473300 1
473400 1
473500 3
473600 1
473700 3
473800 2
473900 1
474000 3
474100 3
474200 4
474300 4
474400 2
474500 1
474600 4
474700 1
474800 4
474900 2
475000 1
475100 2
475200 2
475300 4
475400 3
475500 2
475600 3
475700 1
475800 2
475900 2
476000 1
476100 1
476200 2
476300 2
476400 2
476500 2
476600 2
476700 1
476800 3
476900 1
477000 1
477100 2
477200 3
477300 2
477400 2
477500 2
477600 2
477700 2
477800 1
477900 4
478000 1
478100 2
478200 3
478300 2
478400 3
478500 1
478600 2
478700 2
478800 2
478900 4
479000 4
479100 3
479200 5
479300 1
479400 1
479500 3
479600 3
479700 1
479800 2
479900 2
480000 1
480100 3
480200 4
480300 1
480400 3
480500 1
480600 1
480700 2
480800 3
480900 1
481000 2
481100 3
481200 3
481300 2
481400 2
481500 1
481600 2
481700 2
481800 2
481900 2
482000 3
482100 5
482200 3
482300 4
482400 3
482500 2
482600 2
482700 3
482800 5
482900 4
483000 2
483100 2
483200 2
483300 2
483400 2
483500 2
483600 1
483700 5
483800 4
483900 3
484000 3
484100 3
484200 3
484300 1
484400 2
484500 1
484600 2
484700 2
484800 2
484900 2
485000 3
485100 4
485200 1
485300 1
485400 3
485500 6
485600 1
485700 3
485800 2
485900 3
486000 2
486100 2
486200 3
486300 1
486400 3
486500 1
486600 3
486700 2
486800 2
486900 3
487000 2
487100 2
487200 2
487300 1
487400 1
487500 2
487600 2
487700 1
487800 4
487900 3
488000 2
488100 2
488200 1
488300 3
488400 3
488500 1
488600 1
488700 2
488800 3
488900 3
489000 4
489100 2
489200 1
489300 4
489400 3
489500 2
489600 3
489700 1
489800 4
489900 3
490000 6
490100 1
490200 1
490300 1
490400 1
490500 2
490600 3
490700 2
490800 4
490900 1
491000 2
491100 1
491200 4
491300 5
491400 4
491500 1
491600 3
491700 1
491800 2
491900 1
492000 2
492100 3
492200 1
492300 4
492400 1
492500 1
492600 1
492700 3
492800 1
492900 1
493000 6
493100 1
493200 3
493300 2
493400 7
493500 8
493600 3
493700 5
493800 1
493900 2
494000 1
494100 1
494200 4
494300 2
494400 1
494500 3
494600 2
494700 4
494800 2
494900 2
495000 3
495100 2
495200 6
495300 2
495400 2
495500 4
495600 2
495700 2
495800 1
495900 1
496000 1
496100 2
496200 3
496300 2
496400 3
496500 2
496600 1
496700 1
496800 2
496900 5
497000 6
497100 6
497200 2
497300 2
497400 5
497500 2
497600 2
497700 1
497800 2
497900 4
498000 2
498100 3
498200 1
498300 2
498400 2
498500 3
498600 3
498700 2
498800 3
498900 2
499000 2
499100 1
499200 1
499300 2
499400 4
499500 2
499600 1
499700 3
499800 2
499900 2
500000 2
500100 2
500200 1
500300 2
500400 1
500500 3
500600 4
500700 6
500800 3
500900 2
501000 2
501100 3
501200 2
501300 4
501400 2
501500 1
501600 2
501700 1
501800 2
501900 4
502000 6
502100 1
502200 3
502300 2
502400 1
502500 2
502600 3
502700 1
502800 2
502900 1
503000 1
503100 1
503200 3
503300 1
503400 2
503500 5
503600 2
503700 2
503800 3
503900 2
504000 2
504100 1
504200 2
504300 1
504400 2
504500 2
504600 2
504700 6
504800 3
504900 1
505000 1
505100 2
505200 1
505300 2
505400 1
505500 4
505600 4
505700 1
505800 2
505900 3
506000 2
506100 1
506200 3
506300 5
506400 3
506500 1
506600 2
506700 1
506800 5
506900 2
507000 2
507100 1
507200 3
507300 1
507400 1
507500 2
507600 1
507700 2
507800 4
507900 2
508000 5
508100 3
508200 1
508300 2
508400 2
508500 1
508600 4
508700 10
508800 5
508900 2
509000 1
509100 4
509200 3
509300 2
509400 1
509500 1
509600 2
509700 3
509800 6
509900 2
510000 1
510100 5
510200 3
510300 1
510400 1
510500 1
510600 2
510700 2
510800 1
510900 1
511000 3
511100 1
511200 2
511300 1
511400 1
511500 2
511600 2
511700 3
511800 4
511900 3
512000 3
512100 1
512200 1
512300 2
512400 1
512500 2
512600 2
512700 2
512800 2
512900 2
513000 2
513100 3
513200 2
513300 1
513400 1
513500 5
513600 4
513700 1
513800 2
513900 4
514000 2
514100 1
514200 2
514300 1
514400 3
514500 1
514600 1
514700 2
514800 1
514900 1
515000 2
515100 1
515200 1
515300 3
515400 1
515500 2
515600 2
515700 3
515800 2
515900 2
516000 2
516100 1
516200 4
516300 1
516400 3
516500 2
516600 4
516700 2
516800 3
516900 1
517000 1
517100 1
517200 7
517300 5
517400 5
517500 3
517600 2
517700 3
517800 1
517900 1
518000 4
518100 3
518200 1
518300 4
518400 3
518500 3
518600 3
518700 3
518800 1
518900 5
519000 1
519100 1
519200 1
519300 1
519400 4
519500 2
519600 2
519700 2
519800 3
519900 4
520000 1
520100 4
520200 2
520300 1
520400 2
520500 3
520600 3
520700 2
520800 4
520900 2
521000 3
521100 4
521200 2
521300 1
521400 1
521500 2
521600 2
521700 4
521800 4
521900 1
522000 2
522100 3
522200 4
522300 3
522400 1
522500 2
522600 3
522700 2
522800 3
522900 2
523000 1
523100 2
523200 4
523300 3
523400 7
523500 4
523600 3
523700 3
523800 2
523900 1
524000 3
524100 3
524200 1
524300 2
524400 3
524500 2
524600 1
524700 1
524800 3
524900 4
525000 2
525100 2
525200 1
525300 3
525400 2
525500 2
525600 1
525700 3
525800 1
525900 2
526000 2
526100 2
526200 2
526300 1
526400 2
526500 4
526600 4
526700 2
526800 1
526900 2
527000 3
527100 2
527200 2
527300 3
527400 3
527500 1
527600 1
527700 4
527800 5
527900 3
528000 2
528100 4
528200 2
528300 1
528400 3
528500 2
528600 2
528700 2
528800 2
528900 2
529000 3
529100 2
529200 2
529300 3
529400 3
529500 1
529600 1
529700 1
529800 6
529900 3
530000 1
530100 4
530200 2
530300 2
530400 2
530500 1
530600 3
530700 1
530800 5
530900 2
531000 2
531100 4
531200 7
531300 6
531400 3
531500 5
531600 6
531700 4
531800 1
531900 4
532000 2
532100 2
532200 3
532300 1
532400 2
532500 2
532600 2
532700 1
532800 3
532900 1
533000 1
533100 2
533200 1
533300 1
533400 3
533500 1
533600 3
533700 2
533800 1
533900 3
534000 6
534100 5
534200 4
534300 5
534400 3
534500 2
534600 4
534700 3
534800 2
534900 4
535000 1
535100 2
535200 2
535300 1
535400 1
535500 4
535600 4
535700 1
535800 2
535900 2
536000 2
536100 1
536200 3
536300 4
536400 2
536500 2
536600 3
536700 5
536800 4
536900 1
537000 4
537100 3
537200 2
537300 4
537400 1
537500 1
537600 3
537700 2
537800 2
537900 1
538000 5
538100 5
538200 5
538300 2
538400 1
538500 3
538600 5
538700 2
538800 2
538900 4
539000 3
539100 2
539200 2
539300 2
539400 2
539500 2
539600 2
539700 2
539800 2
539900 5
540000 1
540100 5
540200 2
540300 1
540400 3
540500 4
540600 2
540700 3
540800 4
540900 3
541000 1
541100 3
541200 6
541300 4
541400 4
541500 7
541600 3
541700 1
541800 2
541900 3
542000 1
542100 5
542200 4
542300 1
542400 1
542500 1
542600 1
542700 2
542800 2
542900 4
543000 1
543100 2
543200 2
543300 2
543400 2
543500 2
543600 3
543700 3
543800 1
543900 4
544000 2
544100 2
544200 2
544300 1
544400 1
544500 1
544600 1
544700 3
544800 1
544900 3
545000 4
545100 2
545200 1
545300 1
545400 3
545500 3
545600 1
545700 3
545800 2
545900 4
546000 1
546100 2
546200 3
546300 5
546400 5
546500 2
546600 1
546700 4
546800 4
546900 1
547000 5
547100 5
547200 5
547300 4
547400 6
547500 3
547600 3
547700 2
547800 1
547900 1
548000 4
548100 1
548200 2
548300 1
548400 1
548500 2
548600 1
548700 3
548800 2
548900 2
549000 2
549100 1
549200 3
549300 1
549400 1
549500 1
549600 1
549700 2
549800 2
549900 1
550000 2
550100 1
550200 1
550300 2
550400 2
550500 4
550600 4
550700 5
550800 3
550900 3
551000 2
551100 1
551200 1
551300 2
551400 1
551500 1
551600 2
551700 1
551800 1
551900 1
552000 2
552100 1
552200 3
552300 2
552400 3
552500 5
552600 1
552700 1
552800 3
552900 3
553000 3
553100 2
553200 3
553300 5
553400 1
553500 3
553600 1
553700 2
553800 1
553900 1
554000 2
554100 3
554200 3
554300 2
554400 2
554500 2
554600 1
554700 2
554800 1
554900 2
555000 2
555100 2
555200 6
555300 1
555400 3
555500 3
555600 5
555700 3
555800 4
555900 2
556000 1
556100 4
556200 2
556300 2
556400 2
556500 1
556600 2
556700 1
556800 1
556900 2
557000 1
557100 3
557200 1
557300 1
557400 2
557500 4
557600 4
557700 4
557800 2
557900 4
558000 1
558100 2
558200 2
558300 2
558400 3
558500 1
558600 2
558700 3
558800 4
558900 3
559000 3
559100 3
559200 2
559300 1
559400 2
559500 5
559600 1
559700 4
559800 3
559900 4
560000 7
560100 4
560200 6
560300 6
560400 3
560500 4
560600 1
560700 5
560800 4
560900 3
561000 1
561100 1
561200 2
561300 2
561400 2
561500 2
561600 2
561700 3
561800 2
561900 2
562000 4
562100 1
562200 3
562300 2
562400 1
562500 2
562600 5
562700 3
562800 1
562900 2
563000 1
563100 1
563200 3
563300 2
563400 1
563500 1
563600 3
563700 4
563800 2
563900 2
564000 2
564100 2
564200 3
564300 1
564400 4
564500 1
564600 4
564700 4
564800 2
564900 3
565000 2
565100 5
565200 1
565300 4
565400 1
565500 1
565600 1
565700 4
565800 3
565900 3
566000 3
566100 2
566200 3
566300 2
566400 3
566500 1
566600 4
566700 3
566800 1
566900 2
567000 4
567100 3
567200 2
567300 1
567400 3
567500 2
567600 4
567700 2
567800 4
567900 2
568000 3
568100 1
568200 1
568300 3
568400 4
568500 5
568600 2
568700 3
568800 1
568900 2
569000 1
569100 2
569200 2
569300 3
569400 5
569500 3
569600 1
569700 3
569800 1
569900 5
570000 3
570100 2
570200 3
570300 1
570400 3
570500 2
570600 1
570700 4
570800 1
570900 2
571000 1
571100 2
571200 3
571300 2
571400 1
571500 2
571600 2
571700 1
571800 1
571900 3
572000 1
572100 3
572200 1
572300 2
572400 3
572500 3
572600 5
572700 1
572800 3
572900 1
573000 1
573100 1
573200 6
573300 2
573400 2
573500 3
573600 5
573700 5
573800 2
573900 1
574000 2
574100 1
574200 1
574300 2
574400 3
574500 1
574600 1
574700 1
574800 3
574900 3
575000 3
575100 3
575200 2
575300 5
575400 6
575500 5
575600 3
575700 2
575800 2
575900 2
576000 2
576100 4
576200 5
576300 2
576400 3
576500 1
576600 3
576700 3
576800 2
576900 3
577000 3
577100 4
577200 2
577300 2
577400 2
577500 1
577600 5
577700 2
577800 1
577900 2
578000 3
578100 2
578200 2
578300 1
578400 2
578500 1
578600 1
578700 4
578800 1
578900 1
579000 3
579100 4
579200 4
579300 2
579400 3
579500 4
579600 1
579700 2
579800 1
579900 4
580000 2
580100 2
580200 1
580300 4
580400 4
580500 2
580600 2
580700 3
580800 2
580900 2
581000 2
581100 1
581200 2
581300 3
581400 4
581500 1
581600 1
581700 2
581800 1
581900 2
582000 3
582100 1
582200 1
582300 1
582400 4
582500 1
582600 2
582700 2
582800 2
582900 4
583000 3
583100 2
583200 2
583300 2
583400 1
583500 2
583600 4
583700 2
583800 1
583900 1
584000 1
584100 1
584200 1
584300 5
584400 1
584500 3
584600 1
584700 3
584800 3
584900 2
585000 5
585100 3
585200 3
585300 1
585400 3
585500 6
585600 2
585700 2
585800 1
585900 1
586000 4
586100 3
586200 2
586300 2
586400 2
586500 2
586600 2
586700 2
586800 2
586900 1
587000 3
587100 4
587200 1
587300 1
587400 1
587500 3
587600 2
587700 2
587800 1
587900 3
588000 2
588100 1
588200 2
588300 1
588400 1
588500 6
588600 2
588700 1
588800 2
588900 2
589000 2
589100 1
589200 3
589300 1
589400 2
589500 1
589600 1
589700 4
589800 3
589900 3
590000 2
590100 2
590200 5
590300 3
590400 1
590500 2
590600 2
590700 5
590800 4
590900 2
591000 3
591100 3
591200 2
591300 2
591400 3
591500 2
591600 1
591700 1
591800 1
591900 3
592000 1
592100 1
592200 4
592300 2
592400 3
592500 3
592600 3
592700 5
592800 4
592900 2
593000 1
593100 3
593200 3
593300 1
593400 1
593500 1
593600 4
593700 1
593800 2
593900 1
594000 3
594100 6
594200 1
594300 1
594400 1
594500 5
594600 1
594700 2
594800 2
594900 3
595000 2
595100 3
595200 3
595300 1
595400 3
595500 3
595600 2
595700 3
595800 4
595900 3
596000 1
596100 1
596200 1
596300 1
596400 1
596500 1
596600 3
596700 1
596800 2
596900 1
597000 2
597100 3
597200 2
597300 1
597400 2
597500 2
597600 4
597700 2
597800 1
597900 2
598000 1
598100 2
598200 3
598300 1
598400 2
598500 2
598600 2
598700 2
598800 2
598900 2
599000 2
599100 2
599200 4
599300 1
599400 1
599500 3
599600 1
599700 2
599800 1
599900 2
600000 1
600100 1
600200 1
600300 4
600400 3
600500 1
600600 1
600700 3
600800 1
600900 2
601000 5
601100 3
601200 2
601300 3
601400 5
601500 2
601600 2
601700 2
601800 4
601900 4
602000 3
602100 2
602200 2
602300 1
602400 3
602500 2
602600 2
602700 6
602800 4
602900 4
603000 4
603100 5
603200 1
603300 1
603400 4
603500 4
603600 2
603700 3
603800 2
603900 1
604000 2
604100 3
604200 2
604300 2
604400 1
604500 2
604600 4
604700 2
604800 4
604900 2
605000 2
605100 3
605200 3
605300 2
605400 3
605500 2
605600 3
605700 2
605800 1
605900 3
606000 4
606100 4
606200 1
606300 6
606400 1
606500 1
606600 3
606700 2
606800 2
606900 2
607000 2
607100 2
607200 3
607300 3
607400 2
607500 2
607600 1
607700 1
607800 2
607900 1
608000 3
608100 2
608200 3
608300 2
608400 2
608500 1
608600 1
608700 2
608800 3
608900 5
609000 3
609100 2
609200 3
609300 1
609400 1
609500 2
609600 2
609700 1
609800 2
609900 2
610000 2
610100 1
610200 3
610300 4
610400 1
610500 3
610600 2
610700 2
610800 2
610900 1
611000 1
611100 1
611200 3
611300 4
611400 3
611500 3
611600 3
611700 1
611800 4
611900 1
612000 5
612100 4
612200 1
612300 3
612400 4
612500 4
612600 7
612700 6
612800 3
612900 3
613000 2
613100 2
613200 3
613300 4
613400 2
613500 1
613600 2
613700 5
613800 4
613900 4
614000 2
614100 4
614200 3
614300 1
614400 1
614500 1
614600 1
614700 3
614800 5
614900 4
615000 2
615100 2
615200 4
615300 3
615400 1
615500 2
615600 2
615700 2
615800 1
615900 1
616000 5
616100 2
616200 2
616300 1
616400 1
616500 1
616600 2
616700 1
616800 2
616900 1
617000 2
617100 1
617200 3
617300 1
617400 1
617500 3
617600 4
617700 5
617800 4
617900 2
618000 2
618100 2
618200 1
618300 2
618400 2
618500 1
618600 2
618700 2
618800 1
618900 2
619000 5
619100 6
619200 2
619300 1
619400 2
619500 2
619600 2
619700 1
619800 3
619900 1
620000 2
620100 2
620200 3
620300 2
620400 2
620500 3
620600 1
620700 4
620800 5
620900 3
621000 6
621100 3
621200 1
621300 1
621400 5
621500 5
621600 1
621700 2
621800 2
621900 3
622000 5
622100 2
622200 1
622300 1
622400 1
622500 3
622600 2
622700 3
622800 5
622900 4
623000 2
623100 4
623200 2
623300 3
623400 4
623500 1
623600 2
623700 2
623800 1
623900 4
624000 4
624100 6
624200 3
624300 1
624400 3
624500 1
624600 1
624700 1
624800 2
624900 1
625000 3
625100 2
625200 2
625300 3
625400 2
625500 3
625600 1
625700 1
625800 3
625900 5
626000 4
626100 1
626200 4
626300 1
626400 4
626500 5
626600 1
626700 1
626800 4
626900 2
627000 1
627100 1
627200 3
627300 2
627400 1
627500 1
627600 2
627700 2
627800 1
627900 1
628000 4
628100 2
628200 1
628300 2
628400 3
628500 1
628600 4
628700 1
628800 3
628900 2
629000 1
629100 2
629200 3
629300 3
629400 3
629500 2
629600 4
629700 1
629800 2
629900 1
630000 5
630100 5
630200 1
630300 3
630400 6
630500 2
630600 1
630700 1
630800 2
630900 1
631000 5
631100 1
631200 1
631300 2
631400 3
631500 1
631600 1
631700 1
631800 2
631900 2
632000 2
632100 3
632200 3
632300 1
632400 2
632500 2
632600 4
632700 1
632800 2
632900 2
633000 1
633100 2
633200 3
633300 2
633400 3
633500 6
633600 1
633700 3
633800 4
633900 2
634000 1
634100 1
634200 2
634300 1
634400 1
634500 3
634600 3
634700 4
634800 1
634900 1
635000 1
635100 2
635200 2
635300 2
635400 1
635500 2
635600 2
635700 1
635800 2
635900 3
636000 2
636100 4
636200 3
636300 3
636400 3
636500 3
636600 1
636700 2
636800 1
636900 2
637000 2
637100 2
637200 4
637300 5
637400 4
637500 3
637600 3
637700 4
637800 4
637900 2
638000 1
638100 5
638200 6
638300 2
638400 1
638500 2
638600 2
638700 1
638800 1
638900 2
639000 2
639100 1
639200 1
639300 3
639400 1
639500 1
639600 1
639700 2
639800 4
639900 1
640000 1
640100 1
640200 1
640300 1
640400 3
640500 1
640600 3
640700 6
640800 3
640900 4
641000 2
641100 1
641200 1
641300 3
641400 3
641500 3
641600 2
641700 3
641800 1
641900 2
642000 2
642100 3
642200 1
642300 1
642400 4
642500 1
642600 4
642700 3
642800 2
642900 2
643000 3
643100 3
643200 2
643300 2
643400 2
643500 2
643600 2
643700 1
643800 1
643900 2
644000 1
644100 2
644200 1
644300 1
644400 4
644500 2
644600 1
644700 3
644800 4
644900 2
645000 1
645100 2
645200 1
645300 1
645400 3
645500 3
645600 8
645700 4
645800 3
645900 4
646000 2
646100 2
646200 1
646300 2
646400 4
646500 2
646600 2
646700 2
646800 5
646900 1
647000 3
647100 4
647200 5
647300 2
647400 4
647500 4
647600 4
647700 3
647800 2
647900 2
648000 1
648100 4
648200 3
648300 3
648400 1
648500 2
648600 1
648700 2
648800 2
648900 1
649000 3
649100 4
649200 3
649300 4
649400 2
649500 4
649600 3
649700 2
649800 2
649900 3
650000 2
650100 2
650200 1
650300 1
650400 1
650500 1
650600 1
650700 1
650800 4
650900 2
651000 2
651100 1
651200 2
651300 3
651400 4
651500 3
651600 3
651700 3
651800 2
651900 4
652000 3
652100 3
652200 2
652300 4
652400 1
652500 2
652600 1
652700 3
652800 1
652900 3
653000 3
653100 1
653200 4
653300 1
653400 2
653500 1
653600 2
653700 1
653800 3
653900 2
654000 2
654100 4
654200 1
654300 2
654400 1
654500 1
654600 3
654700 1
654800 2
654900 2
655000 2
655100 2
655200 2
655300 3
655400 1
655500 1
655600 1
655700 3
655800 1
655900 1
656000 2
656100 2
656200 2
656300 3
656400 3
656500 3
656600 3
656700 2
656800 1
656900 3
657000 2
657100 2
657200 3
657300 3
657400 1
657500 2
657600 2
657700 4
657800 1
657900 2
658000 4
658100 2
658200 2
658300 2
658400 2
658500 2
658600 2
658700 2
658800 2
658900 4
659000 3
659100 2
659200 5
659300 1
659400 2
659500 2
659600 2
659700 2
659800 3
659900 2
660000 2
660100 1
660200 2
660300 2
660400 2
660500 2
660600 2
660700 2
660800 1
660900 2
661000 1
661100 4
661200 2
661300 3
661400 5
661500 2
661600 2
661700 3
661800 4
661900 2
662000 2
662100 5
662200 5
662300 2
662400 1
662500 2
662600 1
662700 2
662800 1
662900 2
663000 3
663100 3
663200 2
663300 2
663400 3
663500 3
663600 1
663700 4
663800 3
663900 3
664000 3
664100 5
664200 1
664300 4
664400 2
664500 1
664600 1
664700 3
664800 5
664900 2
665000 4
665100 1
665200 2
665300 1
665400 5
665500 1
665600 3
665700 2
665800 3
665900 5
666000 1
666100 1
666200 3
666300 5
666400 4
666500 4
666600 2
666700 2
666800 5
666900 4
667000 3
667100 3
667200 1
667300 3
667400 2
667500 1
667600 1
667700 2
667800 4
667900 2
668000 3
668100 2
668200 2
668300 2
668400 1
668500 4
668600 1
668700 1
668800 2
668900 1
669000 3
669100 3
669200 2
669300 1
669400 1
669500 1
669600 1
669700 2
669800 1
669900 3
670000 1
670100 3
670200 3
670300 4
670400 2
670500 2
670600 1
670700 5
670800 1
670900 2
671000 2
671100 2
671200 3
671300 1
671400 3
671500 2
671600 3
671700 1
671800 3
671900 4
672000 2
672100 1
672200 3
672300 2
672400 2
672500 2
672600 1
672700 2
672800 1
672900 2
673000 1
673100 1
673200 1
673300 3
673400 2
673500 3
673600 3
673700 3
673800 3
673900 1
674000 2
674100 2
674200 2
674300 3
674400 4
674500 4
674600 5
674700 1
674800 2
674900 3
675000 1
675100 1
675200 2
675300 2
675400 2
675500 3
675600 1
675700 1
675800 2
675900 1
676000 1
676100 2
676200 4
676300 1
676400 3
676500 2
676600 4
676700 1
676800 3
676900 3
677000 2
677100 1
677200 4
677300 2
677400 3
677500 1
677600 4
677700 2
677800 4
677900 2
678000 2
678100 2
678200 3
678300 1
678400 3
678500 3
678600 1
678700 2
678800 1
678900 2
679000 3
679100 1
679200 2
679300 1
679400 1
679500 3
679600 3
679700 2
679800 3
679900 3
680000 2
680100 4
680200 4
680300 1
680400 5
680500 2
680600 3
680700 3
680800 3
680900 3
681000 2
681100 2
681200 1
681300 1
681400 2
681500 2
681600 2
681700 1
681800 2
681900 2
682000 1
682100 1
682200 2
682300 2
682400 2
682500 1
682600 1
682700 1
682800 2
682900 1
683000 1
683100 3
683200 3
683300 4
683400 2
683500 1
683600 2
683700 2
683800 3
683900 3
684000 4
684100 3
684200 1
684300 2
684400 3
684500 2
684600 2
684700 1
684800 2
684900 1
685000 1
685100 3
685200 4
685300 5
685400 4
685500 2
685600 1
685700 4
685800 5
685900 3
686000 5
686100 5
686200 2
686300 4
686400 1
686500 1
686600 1
686700 4
686800 5
686900 6
687000 1
687100 1
687200 1
687300 2
687400 7
687500 1
687600 3
687700 4
687800 1
687900 2
688000 1
688100 3
688200 3
688300 2
688400 2
688500 2
688600 1
688700 2
688800 3
688900 1
689000 2
689100 2
689200 2
689300 5
689400 1
689500 1
689600 4
689700 1
689800 1
689900 5
690000 6
690100 1
690200 2
690300 4
690400 2
690500 1
690600 2
690700 2
690800 1
690900 3
691000 1
691100 2
691200 3
691300 1
691400 1
691500 1
691600 3
691700 3
691800 1
691900 1
692000 3
692100 1
692200 4
692300 1
692400 2
692500 1
692600 2
692700 1
692800 2
692900 2
693000 4
693100 2
693200 2
693300 5
693400 5
693500 6
693600 1
693700 1
693800 4
693900 3
694000 3
694100 1
694200 4
694300 2
694400 6
694500 4
694600 4
694700 6
694800 1
694900 2
695000 1
695100 2
695200 2
695300 1
695400 1
695500 1
695600 3
695700 1
695800 1
695900 2
696000 3
696100 2
696200 2
696300 3
696400 1
696500 3
696600 2
696700 3
696800 3
696900 4
697000 6
697100 4
697200 2
697300 5
697400 5
697500 6
697600 1
697700 2
697800 2
697900 2
698000 1
698100 1
698200 4
698300 2
698400 1
698500 1
698600 2
698700 4
698800 8
698900 3
699000 3
699100 3
699200 5
699300 3
699400 1
699500 1
699600 2
699700 1
699800 2
699900 3
700000 4
700100 2
700200 4
700300 1
700400 1
700500 3
700600 1
700700 4
700800 1
700900 3
701000 3
701100 2
701200 3
701300 2
701400 3
701500 2
701600 2
701700 1
701800 3
701900 5
702000 4
702100 6
702200 3
702300 4
702400 3
702500 1
702600 3
702700 3
702800 4
702900 8
703000 6
703100 3
703200 3
703300 1
703400 1
703500 1
703600 2
703700 2
703800 2
703900 4
704000 2
704100 1
704200 1
704300 3
704400 1
704500 4
704600 1
704700 2
704800 2
704900 2
705000 3
705100 3
705200 1
705300 2
705400 1
705500 4
705600 4
705700 5
705800 1
705900 1
706000 2
706100 2
706200 4
706300 1
706400 2
706500 1
706600 4
706700 1
706800 1
706900 2
707000 2
707100 2
707200 1
707300 1
707400 3
707500 1
707600 2
707700 2
707800 3
707900 2
708000 1
708100 2
708200 1
708300 1
708400 4
708500 4
708600 1
708700 2
708800 3
708900 1
709000 3
709100 4
709200 2
709300 2
709400 2
709500 1
709600 3
709700 4
709800 2
709900 2
710000 2
710100 2
710200 5
710300 5
710400 1
710500 1
710600 2
710700 3
710800 2
710900 3
711000 2
711100 4
711200 6
711300 4
711400 4
711500 2
711600 2
711700 1
711800 1
711900 1
712000 2
712100 6
712200 7
712300 3
712400 1
712500 3
712600 1
712700 2
712800 1
712900 5
713000 2
713100 2
713200 1
713300 3
713400 2
713500 2
713600 2
713700 2
713800 4
713900 1
714000 2
714100 1
714200 1
714300 1
714400 2
714500 2
714600 2
714700 5
714800 2
714900 3
715000 1
715100 2
715200 1
715300 4
715400 5
715500 5
715600 1
715700 1
715800 1
715900 3
716000 1
716100 1
716200 4
716300 2
716400 5
716500 3
716600 3
716700 3
716800 1
716900 2
717000 1
717100 3
717200 2
717300 3
717400 3
717500 3
717600 3
717700 4
717800 4
717900 2
718000 1
718100 2
718200 6
718300 3
718400 2
718500 1
718600 1
718700 2
718800 2
718900 3
719000 2
719100 1
719200 1
719300 2
719400 1
719500 4
719600 1
719700 1
719800 1
719900 2
720000 1
720100 3
720200 1
720300 1
720400 2
720500 3
720600 2
720700 3
720800 3
720900 2
721000 3
721100 5
721200 4
721300 2
721400 5
721500 1
721600 3
721700 3
721800 4
721900 3
722000 3
722100 1
722200 4
722300 1
722400 1
722500 4
722600 6
722700 5
722800 3
722900 2
723000 1
723100 1
723200 4
723300 2
723400 3
723500 2
723600 3
723700 1
723800 3
723900 4
724000 2
724100 1
724200 2
724300 3
724400 2
724500 2
724600 2
724700 2
724800 4
724900 3
725000 2
725100 1
725200 2
725300 1
725400 1
725500 2
725600 3
725700 2
725800 1
725900 2
726000 4
726100 2
726200 2
726300 1
726400 3
726500 1
726600 1
726700 2
726800 1
726900 4
727000 5
727100 4
727200 4
727300 2
727400 2
727500 3
727600 2
727700 3
727800 4
727900 4
728000 2
728100 1
728200 1
728300 4
728400 4
728500 2
728600 4
728700 2
728800 1
728900 1
729000 1
729100 2
729200 1
729300 3
729400 3
729500 2
729600 2
729700 1
729800 1
729900 3
730000 1
730100 1
730200 1
730300 2
730400 1
730500 1
730600 1
730700 2
730800 2
730900 2
731000 4
731100 3
731200 2
731300 5
731400 1
731500 2
731600 2
731700 2
731800 1
731900 2
732000 4
732100 7
732200 8
732300 2
732400 3
732500 2
732600 3
732700 1
732800 4
732900 1
733000 2
733100 2
733200 2
733300 3
733400 2
733500 3
733600 2
733700 1
733800 1
733900 1
734000 5
734100 3
734200 4
734300 5
734400 4
734500 1
734600 1
734700 1
734800 3
734900 4
735000 3
735100 2
735200 2
735300 1
735400 4
735500 3
735600 3
735700 2
735800 4
735900 2
736000 1
736100 2
736200 1
736300 1
736400 2
736500 2
736600 2
736700 2
736800 4
736900 1
737000 3
737100 2
737200 4
737300 2
737400 3
737500 1
737600 4
737700 4
737800 2
737900 1
738000 1
738100 3
738200 1
738300 2
738400 4
738500 2
738600 5
738700 4
738800 2
738900 2
739000 3
739100 2
739200 2
739300 1
739400 3
739500 3
739600 4
739700 2
739800 1
739900 1
740000 4
740100 2
740200 1
740300 3
740400 2
740500 1
740600 3
740700 2
740800 2
740900 1
741000 3
741100 1
741200 1
741300 4
741400 2
741500 2
741600 1
741700 2
741800 2
741900 2
742000 5
742100 2
742200 3
742300 1
742400 5
742500 3
742600 1
742700 2
742800 2
742900 3
743000 5
743100 3
743200 1
743300 1
743400 1
743500 1
743600 2
743700 4
743800 5
743900 5
744000 3
744100 1
744200 2
744300 2
744400 2
744500 1
744600 3
744700 1
744800 2
744900 5
745000 5
745100 1
745200 3
745300 1
745400 1
745500 1
745600 7
745700 5
745800 5
745900 4
746000 1
746100 2
746200 3
746300 1
746400 2
746500 2
746600 2
746700 1
746800 2
746900 2
747000 2
747100 2
747200 2
747300 2
747400 3
747500 1
747600 1
747700 1
747800 1
747900 2
748000 1
748100 2
748200 2
748300 1
748400 2
748500 3
748600 3
748700 3
748800 2
748900 1
749000 1
749100 2
749200 1
749300 1
749400 3
749500 1
749600 3
749700 4
749800 5
749900 2
750000 2
750100 2
750200 2
750300 2
750400 1
750500 2
750600 2
750700 2
750800 1
750900 1
751000 4
751100 3
751200 1
751300 2
751400 1
751500 2
751600 2
751700 2
751800 2
751900 3
752000 3
752100 1
752200 3
752300 2
752400 2
752500 2
752600 2
752700 2
752800 3
752900 5
753000 3
753100 2
753200 5
753300 1
753400 3
753500 2
753600 1
753700 5
753800 4
753900 7
754000 5
754100 2
754200 2
754300 1
754400 3
754500 1
754600 4
754700 2
754800 1
754900 2
755000 2
755100 4
755200 1
755300 3
755400 1
755500 2
755600 1
755700 2
755800 3
755900 1
756000 1
756100 4
756200 3
756300 3
756400 1
756500 2
756600 2
756700 4
756800 1
756900 1
757000 3
757100 1
757200 2
757300 2
757400 1
757500 2
757600 1
757700 4
757800 2
757900 2
758000 2
758100 1
758200 2
758300 2
758400 4
758500 2
758600 2
758700 1
758800 1
758900 4
759000 1
759100 2
759200 4
759300 4
759400 6
759500 2
759600 1
759700 2
759800 4
759900 5
760000 2
760100 1
760200 2
760300 1
760400 1
760500 1
760600 1
760700 2
760800 1
760900 1
761000 1
761100 1
761200 2
761300 3
761400 4
761500 1
761600 4
761700 2
761800 4
761900 2
762000 2
762100 2
762200 1
762300 4
762400 3
762500 1
762600 1
762700 3
762800 2
762900 4
763000 7
763100 2
763200 2
763300 2
763400 2
763500 3
763600 2
763700 4
763800 4
763900 2
764000 3
764100 4
764200 5
764300 5
764400 3
764500 4
764600 2
764700 3
764800 2
764900 1
765000 1
765100 1
765200 1
765300 1
765400 2
765500 1
765600 2
765700 1
765800 1
765900 1
766000 2
766100 1
766200 1
766300 2
766400 4
766500 1
766600 1
766700 3
766800 1
766900 2
767000 4
767100 1
767200 4
767300 2
767400 1
767500 3
767600 3
767700 3
767800 1
767900 2
768000 1
768100 1
768200 1
768300 2
768400 2
768500 2
768600 2
768700 3
768800 2
768900 1
769000 3
769100 2
769200 4
769300 1
769400 2
769500 2
769600 4
769700 2
769800 1
769900 1
770000 5
770100 3
770200 1
770300 2
770400 3
770500 4
770600 4
770700 2
770800 4
770900 5
771000 2
771100 6
771200 2
771300 1
771400 1
771500 2
771600 1
771700 2
771800 2
771900 1
772000 2
772100 1
772200 2
772300 3
772400 5
772500 4
772600 3
772700 6
772800 3
772900 1
773000 5
773100 7
773200 2
773300 2
773400 2
773500 1
773600 2
773700 1
773800 2
773900 2
774000 3
774100 2
774200 1
774300 2
774400 1
774500 3
774600 1
774700 1
774800 5
774900 3
775000 1
775100 2
775200 1
775300 2
775400 1
775500 1
775600 2
775700 3
775800 2
775900 3
776000 3
776100 3
776200 2
776300 2
776400 3
776500 3
776600 3
776700 1
776800 3
776900 1
777000 3
777100 1
777200 3
777300 3
777400 2
777500 2
777600 2
777700 3
777800 2
777900 4
778000 3
778100 1
778200 2
778300 2
778400 4
778500 3
778600 4
778700 3
778800 1
778900 2
779000 3
779100 2
779200 1
779300 4
779400 2
779500 1
779600 3
779700 6
779800 1
779900 1
780000 1
780100 1
780200 1
780300 2
780400 1
780500 2
780600 2
780700 1
780800 2
780900 3
781000 4
781100 3
781200 4
781300 1
781400 1
781500 1
781600 4
781700 2
781800 1
781900 5
782000 5
782100 1
782200 3
782300 4
782400 2
782500 1
782600 2
782700 3
782800 2
782900 1
783000 2
783100 2
783200 2
783300 2
783400 4
783500 4
783600 3
783700 2
783800 2
783900 4
784000 3
784100 2
784200 3
784300 2
784400 2
784500 4
784600 2
784700 4
784800 3
784900 1
785000 4
785100 1
785200 2
785300 3
785400 1
785500 1
785600 4
785700 3
785800 1
785900 2
786000 2
786100 2
786200 2
786300 2
786400 3
786500 4
786600 5
786700 6
786800 1
786900 3
787000 1
787100 1
787200 1
787300 3
787400 5
787500 3
787600 3
787700 2
787800 3
787900 1
788000 3
788100 1
788200 1
788300 1
788400 1
788500 2
788600 5
788700 2
788800 1
788900 1
789000 1
789100 3
789200 2
789300 5
789400 4
789500 3
789600 1
789700 2
789800 4
789900 1
790000 2
790100 2
790200 1
790300 3
790400 2
790500 6
790600 3
790700 3
790800 4
790900 2
791000 4
791100 3
791200 1
791300 1
791400 3
791500 1
791600 1
791700 2
791800 3
791900 4
792000 3
792100 2
792200 2
792300 3
792400 3
792500 3
792600 1
792700 4
792800 5
792900 2
793000 3
793100 1
793200 1
793300 2
793400 1
793500 2
793600 1
793700 4
793800 4
793900 3
794000 3
794100 2
794200 1
794300 3
794400 1
794500 3
794600 1
794700 1
794800 2
794900 2
795000 1
795100 2
795200 4
795300 2
795400 3
795500 5
795600 1
795700 3
795800 3
795900 3
796000 3
796100 1
796200 2
796300 1
796400 1
796500 1
796600 1
796700 2
796800 4
796900 2
797000 1
797100 1
797200 1
797300 2
797400 1
797500 4
797600 4
797700 1
797800 1
797900 2
798000 3
798100 2
798200 3
798300 5
798400 5
798500 2
798600 2
798700 3
798800 2
798900 3
799000 4
799100 6
799200 4
799300 2
799400 2
799500 1
799600 1
799700 4
799800 1
799900 1
800000 3
800100 2
800200 1
800300 1
800400 1
800500 1
800600 2
800700 3
800800 4
800900 3
801000 1
801100 2
801200 1
801300 5
801400 2
801500 1
801600 5
801700 3
801800 7
801900 6
802000 5
802100 2
802200 1
802300 4
802400 2
802500 2
802600 4
802700 1
802800 2
802900 3
803000 6
803100 4
803200 3
803300 2
803400 2
803500 2
803600 1
803700 5
803800 7
803900 7
804000 2
804100 1
804200 1
804300 1
804400 2
804500 1
804600 1
804700 1
804800 3
804900 3
805000 3
805100 3
805200 1
805300 6
805400 4
805500 2
805600 3
805700 5
805800 4
805900 1
806000 1
806100 3
806200 1
806300 3
806400 1
806500 2
806600 2
806700 2
806800 2
806900 2
807000 2
807100 1
807200 1
807300 2
807400 2
807500 1
807600 1
807700 1
807800 3
807900 1
808000 1
808100 1
808200 5
808300 1
808400 1
808500 1
808600 4
808700 2
808800 2
808900 1
809000 1
809100 2
809200 3
809300 2
809400 1
809500 2
809600 2
809700 2
809800 3
809900 2
810000 2
810100 2
810200 1
810300 3
810400 1
810500 1
810600 2
810700 1
810800 3
810900 1
811000 5
811100 4
811200 1
811300 6
811400 2
811500 1
811600 3
811700 1
811800 1
811900 1
812000 1
812100 2
812200 1
812300 3
812400 4
812500 3
812600 2
812700 2
812800 1
812900 3
813000 2
813100 4
813200 3
813300 1
813400 1
813500 1
813600 3
813700 1
813800 1
813900 2
814000 3
814100 1
814200 2
814300 1
814400 4
814500 2
814600 1
814700 2
814800 3
814900 1
815000 2
815100 3
815200 4
815300 3
815400 1
815500 1
815600 1
815700 1
815800 1
815900 2
816000 2
816100 2
816200 3
816300 3
816400 1
816500 4
816600 3
816700 4
816800 3
816900 3
817000 1
817100 4
817200 3
817300 4
817400 2
817500 4
817600 2
817700 3
817800 4
817900 2
818000 3
818100 2
818200 2
818300 3
818400 2
818500 2
818600 1
818700 2
818800 3
818900 1
819000 3
819100 2
819200 2
819300 2
819400 3
819500 3
819600 2
819700 4
819800 1
819900 3
820000 1
820100 3
820200 2
820300 1
820400 1
820500 1
820600 3
820700 4
820800 1
820900 3
821000 1
821100 1
821200 1
821300 3
821400 2
821500 2
821600 1
821700 2
821800 2
821900 1
822000 1
822100 2
822200 2
822300 1
822400 2
822500 2
822600 4
822700 1
822800 3
822900 1
823000 3
823100 1
823200 1
823300 2
823400 2
823500 4
823600 2
823700 2
823800 5
823900 5
824000 2
824100 2
824200 3
824300 4
824400 1
824500 3
824600 2
824700 2
824800 2
824900 3
825000 3
825100 2
825200 2
825300 2
825400 4
825500 5
825600 3
825700 2
825800 1
825900 2
826000 4
826100 7
826200 3
826300 4
826400 1
826500 2
826600 1
826700 1
826800 3
826900 2
827000 2
827100 2
827200 2
827300 3
827400 2
827500 1
827600 1
827700 3
827800 1
827900 1
828000 1
828100 1
828200 1
828300 1
828400 1
828500 1
828600 2
828700 2
828800 4
828900 3
829000 2
829100 3
829200 3
829300 4
829400 1
829500 3
829600 4
829700 1
829800 2
829900 2
830000 3
830100 3
830200 4
830300 3
830400 3
830500 2
830600 5
830700 1
830800 3
830900 2
831000 2
831100 3
831200 1
831300 4
831400 2
831500 1
831600 2
831700 1
831800 1
831900 1
832000 1
832100 2
832200 3
832300 1
832400 2
832500 6
832600 3
832700 2
832800 2
832900 4
833000 1
833100 4
833200 2
833300 2
833400 2
833500 4
833600 3
833700 4
833800 1
833900 1
834000 2
834100 3
834200 1
834300 3
834400 1
834500 2
834600 2
834700 1
834800 1
834900 3
835000 1
835100 1
835200 1
835300 4
835400 3
835500 2
835600 2
835700 2
835800 2
835900 1
836000 1
836100 1
836200 2
836300 1
836400 2
836500 2
836600 3
836700 1
836800 2
836900 2
837000 4
837100 1
837200 3
837300 3
837400 2
837500 2
837600 1
837700 3
837800 2
837900 4
838000 3
838100 3
838200 1
838300 2
838400 3
838500 1
838600 1
838700 3
838800 2
838900 2
839000 2
839100 1
839200 2
839300 2
839400 1
839500 2
839600 1
839700 2
839800 1
839900 2
840000 2
840100 5
840200 2
840300 2
840400 1
840500 3
840600 5
840700 2
840800 2
840900 3
841000 4
841100 4
841200 1
841300 3
841400 6
841500 3
841600 3
841700 4
841800 3
841900 3
842000 1
842100 4
842200 5
842300 3
842400 2
842500 5
842600 3
842700 1
842800 3
842900 2
843000 3
843100 2
843200 5
843300 2
843400 1
843500 1
843600 1
843700 2
843800 2
843900 2
844000 3
844100 2
844200 3
844300 2
844400 5
844500 2
844600 4
844700 4
844800 3
844900 3
845000 2
845100 3
845200 3
845300 2
845400 3
845500 1
845600 1
845700 1
845800 2
845900 3
846000 2
846100 4
846200 3
846300 3
846400 1
846500 4
846600 1
846700 4
846800 2
846900 1
847000 4
847100 3
847200 4
847300 3
847400 3
847500 3
847600 1
847700 2
847800 2
847900 3
848000 1
848100 1
848200 2
848300 2
848400 1
848500 1
848600 3
848700 3
848800 2
848900 1
849000 3
849100 1
849200 4
849300 3
849400 3
849500 1
849600 2
849700 3
849800 3
849900 3
850000 3
850100 4
850200 2
850300 1
850400 1
850500 3
850600 2
850700 4
850800 2
850900 2
851000 1
851100 1
851200 3
851300 1
851400 1
851500 5
851600 1
851700 3
851800 1
851900 2
852000 1
852100 5
852200 2
852300 1
852400 1
852500 2
852600 3
852700 2
852800 1
852900 3
853000 2
853100 2
853200 5
853300 4
853400 5
853500 4
853600 2
853700 3
853800 1
853900 4
854000 2
854100 2
854200 2
854300 1
854400 5
854500 5
854600 3
854700 2
854800 1
854900 3
855000 2
855100 5
855200 2
855300 2
855400 1
855500 1
855600 2
855700 1
855800 3
855900 4
856000 2
856100 2
856200 2
856300 3
856400 1
856500 3
856600 1
856700 3
856800 1
856900 4
857000 3
857100 3
857200 3
857300 2
857400 3
857500 1
857600 5
857700 5
857800 2
857900 3
858000 1
858100 1
858200 2
858300 1
858400 2
858500 2
858600 1
858700 4
858800 2
858900 2
859000 1
859100 1
859200 1
859300 1
859400 4
859500 3
859600 2
859700 1
859800 2
859900 1
860000 1
860100 1
860200 2
860300 4
860400 2
860500 2
860600 4
860700 5
860800 2
860900 5
861000 2
861100 2
861200 1
861300 1
861400 1
861500 2
861600 4
861700 3
861800 2
861900 2
862000 3
862100 4
862200 1
862300 3
862400 2
862500 2
862600 3
862700 4
862800 4
862900 1
863000 5
863100 5
863200 4
863300 1
863400 1
863500 2
863600 1
863700 1
863800 2
863900 3
864000 4
864100 2
864200 1
864300 2
864400 3
864500 2
864600 3
864700 1
864800 2
864900 2
865000 4
865100 3
865200 6
865300 2
865400 2
865500 1
865600 6
865700 2
865800 3
865900 3
866000 1
866100 2
866200 3
866300 1
866400 1
866500 2
866600 3
866700 1
866800 2
866900 3
867000 2
867100 1
867200 3
867300 3
867400 2
867500 3
867600 2
867700 3
867800 1
867900 2
868000 1
868100 4
868200 4
868300 4
868400 2
868500 2
868600 2
868700 1
868800 1
868900 3
869000 2
869100 2
869200 2
869300 4
869400 2
869500 2
869600 2
869700 2
869800 1
869900 2
870000 1
870100 1
870200 3
870300 4
870400 2
870500 3
870600 3
870700 1
870800 4
870900 4
871000 3
871100 2
871200 4
871300 2
871400 1
871500 3
871600 1
871700 2
871800 3
871900 2
872000 3
872100 4
872200 3
872300 1
872400 4
872500 3
872600 3
872700 2
872800 1
872900 2
873000 3
873100 1
873200 2
873300 3
873400 3
873500 1
873600 3
873700 3
873800 3
873900 3
874000 1
874100 1
874200 3
874300 3
874400 4
874500 3
874600 3
874700 1
874800 3
874900 2
875000 2
875100 1
875200 1
875300 2
875400 3
875500 5
875600 1
875700 3
875800 1
875900 1
876000 1
876100 3
876200 1
876300 3
876400 1
876500 2
876600 1
876700 1
876800 3
876900 3
877000 1
877100 2
877200 4
877300 3
877400 1
877500 4
877600 1
877700 1
877800 1
877900 2
878000 3
878100 2
878200 2
878300 4
878400 4
878500 3
878600 1
878700 3
878800 4
878900 1
879000 1
879100 3
879200 2
879300 4
879400 1
879500 2
879600 1
879700 1
879800 1
879900 1
880000 1
880100 3
880200 3
880300 2
880400 4
880500 3
880600 4
880700 2
880800 3
880900 2
881000 3
881100 3
881200 3
881300 1
881400 1
881500 3
881600 1
881700 2
881800 3
881900 2
882000 3
882100 1
882200 2
882300 2
882400 4
882500 2
882600 2
882700 5
882800 1
882900 2
883000 2
883100 3
883200 4
883300 2
883400 2
883500 3
883600 2
883700 2
883800 1
883900 2
884000 2
884100 2
884200 2
884300 2
884400 3
884500 4
884600 2
884700 2
884800 2
884900 2
885000 2
885100 2
885200 5
885300 1
885400 2
885500 3
885600 1
885700 2
885800 2
885900 5
886000 2
886100 1
886200 4
886300 2
886400 3
886500 1
886600 1
886700 1
886800 2
886900 2
887000 4
887100 3
887200 2
887300 3
887400 4
887500 2
887600 1
887700 3
887800 4
887900 1
888000 4
888100 2
888200 2
888300 3
888400 3
888500 2
888600 3
888700 2
888800 1
888900 2
889000 6
889100 3
889200 3
889300 4
889400 2
889500 3
889600 5
889700 2
889800 6
889900 2
890000 4
890100 3
890200 2
890300 2
890400 1
890500 1
890600 4
890700 2
890800 1
890900 1
891000 3
891100 2
891200 3
891300 1
891400 2
891500 1
891600 3
891700 3
891800 4
891900 1
892000 1
892100 2
892200 3
892300 1
892400 3
892500 2
892600 2
892700 3
892800 3
892900 1
893000 3
893100 1
893200 2
893300 2
893400 3
893500 1
893600 1
893700 1
893800 4
893900 1
894000 1
894100 1
894200 4
894300 2
894400 1
894500 1
894600 3
894700 2
894800 1
894900 1
895000 3
895100 4
895200 2
895300 5
895400 5
895500 4
895600 2
895700 3
895800 1
895900 1
896000 3
896100 2
896200 5
896300 4
896400 4
896500 6
896600 1
896700 2
896800 4
896900 2
897000 2
897100 2
897200 2
897300 1
897400 1
897500 3
897600 1
897700 1
897800 3
897900 2
898000 1
898100 5
898200 2
898300 3
898400 1
898500 1
898600 2
898700 2
898800 4
898900 1
899000 3
899100 2
899200 2
899300 2
899400 2
899500 1
899600 2
899700 2
899800 1
899900 1
900000 1
900100 1
900200 1
900300 2
900400 2
900500 3
900600 1
900700 1
900800 1
900900 3
901000 3
901100 3
901200 3
901300 1
901400 1
901500 3
901600 3
901700 2
901800 3
901900 2
902000 3
902100 4
902200 1
902300 1
902400 1
902500 5
902600 1
902700 1
902800 2
902900 1
903000 1
903100 2
903200 2
903300 4
903400 2
903500 3
903600 1
903700 2
903800 3
903900 3
904000 3
904100 2
904200 4
904300 2
904400 3
904500 3
904600 4
904700 3
904800 1
904900 2
905000 1
905100 2
905200 1
905300 1
905400 2
905500 1
905600 2
905700 6
905800 4
905900 4
906000 3
906100 3
906200 3
906300 4
906400 1
906500 2
906600 1
906700 1
906800 3
906900 2
907000 1
907100 2
907200 1
907300 2
907400 2
907500 2
907600 3
907700 3
907800 3
907900 4
908000 4
908100 2
908200 2
908300 3
908400 2
908500 1
908600 2
908700 3
908800 3
908900 4
909000 3
909100 5
909200 1
909300 3
909400 2
909500 2
909600 1
909700 1
909800 3
909900 5
910000 2
910100 1
910200 2
910300 2
910400 1
910500 2
910600 1
910700 3
910800 2
910900 3
911000 1
911100 2
911200 3
911300 5
911400 2
911500 1
911600 2
911700 1
911800 4
911900 4
912000 4
912100 1
912200 3
912300 4
912400 4
912500 2
912600 3
912700 1
912800 4
912900 2
913000 2
913100 1
913200 2
913300 2
913400 3
913500 1
913600 5
913700 3
913800 4
913900 1
914000 1
914100 1
914200 5
914300 3
914400 2
914500 1
914600 2
914700 1
914800 3
914900 2
915000 3
915100 1
915200 1
915300 3
915400 2
915500 1
915600 1
915700 2
915800 4
915900 1
916000 3
916100 3
916200 3
916300 4
916400 1
916500 1
916600 3
916700 1
916800 1
916900 3
917000 3
917100 3
917200 4
917300 4
917400 3
917500 4
917600 1
917700 2
917800 1
917900 2
918000 3
918100 2
918200 1
918300 3
918400 2
918500 1
918600 1
918700 3
918800 4
918900 1
919000 1
919100 2
919200 2
919300 1
919400 1
919500 1
919600 2
919700 2
919800 1
919900 2
920000 2
920100 1
920200 1
920300 1
920400 2
920500 5
920600 3
920700 1
920800 2
920900 2
921000 1
921100 3
921200 2
921300 1
921400 5
921500 1
921600 1
921700 2
921800 1
921900 1
922000 1
922100 2
922200 1
922300 2
922400 4
922500 1
922600 1
922700 2
922800 1
922900 1
923000 2
923100 1
923200 1
923300 1
923400 2
923500 2
923600 1
923700 3
923800 2
923900 2
924000 1
924100 1
924200 2
924300 2
924400 2
924500 2
924600 2
924700 3
924800 2
924900 1
925000 1
925100 2
925200 2
925300 3
925400 5
925500 5
925600 3
925700 3
925800 2
925900 3
926000 3
926100 1
926200 2
926300 2
926400 7
926500 3
926600 3
926700 1
926800 2
926900 4
927000 2
927100 3
927200 2
927300 2
927400 3
927500 2
927600 2
927700 3
927800 2
927900 4
928000 3
928100 1
928200 4
928300 2
928400 1
928500 3
928600 2
928700 2
928800 1
928900 4
929000 1
929100 1
929200 2
929300 2
929400 2
929500 3
929600 3
929700 2
929800 1
929900 3
930000 4
930100 2
930200 4
930300 2
930400 1
930500 1
930600 2
930700 1
930800 3
930900 3
931000 2
931100 2
931200 1
931300 1
931400 3
931500 3
931600 1
931700 3
931800 2
931900 2
932000 4
932100 3
932200 2
932300 4
932400 3
932500 4
932600 3
932700 4
932800 2
932900 3
933000 1
933100 2
933200 3
933300 2
933400 5
933500 1
933600 3
933700 1
933800 4
933900 1
934000 1
934100 1
934200 2
934300 1
934400 2
934500 3
934600 2
934700 3
934800 1
934900 1
935000 3
935100 1
935200 3
935300 4
935400 1
935500 1
935600 1
935700 1
935800 1
935900 2
936000 3
936100 3
936200 2
936300 2
936400 2
936500 3
936600 4
936700 3
936800 3
936900 1
937000 4
937100 5
937200 1
937300 1
937400 3
937500 3
937600 1
937700 5
937800 1
937900 2
938000 1
938100 3
938200 6
938300 3
938400 1
938500 2
938600 2
938700 3
938800 1
938900 1
939000 2
939100 2
939200 1
939300 3
939400 2
939500 4
939600 2
939700 2
939800 4
939900 4
940000 3
940100 2
940200 1
940300 2
940400 5
940500 5
940600 1
940700 3
940800 2
940900 3
941000 6
941100 9
941200 2
941300 2
941400 2
941500 3
941600 2
941700 4
941800 3
941900 1
942000 1
942100 2
942200 4
942300 1
942400 1
942500 2
942600 1
942700 3
942800 4
942900 2
943000 2
943100 3
943200 1
943300 2
943400 2
943500 1
943600 3
943700 3
943800 5
943900 4
944000 5
944100 2
944200 2
944300 1
944400 2
944500 2
944600 2
944700 3
944800 1
944900 2
945000 1
945100 1
945200 4
945300 3
945400 2
945500 2
945600 1
945700 5
945800 2
945900 3
946000 3
946100 3
946200 1
946300 4
946400 1
946500 2
946600 3
946700 1
946800 3
946900 7
947000 3
947100 4
947200 4
947300 4
947400 3
947500 3
947600 1
947700 1
947800 3
947900 1
948000 2
948100 2
948200 1
948300 2
948400 2
948500 3
948600 4
948700 3
948800 2
948900 5
949000 6
949100 5
949200 3
949300 3
949400 2
949500 2
949600 1
949700 1
949800 2
949900 1
950000 2
950100 3
950200 4
950300 3
950400 1
950500 2
950600 2
950700 3
950800 1
950900 4
951000 2
951100 2
951200 2
951300 3
951400 4
951500 1
951600 3
951700 4
951800 1
951900 4
952000 5
952100 3
952200 4
952300 2
952400 2
952500 1
952600 3
952700 1
952800 3
952900 1
953000 2
953100 3
953200 3
953300 6
953400 2
953500 3
953600 1
953700 1
953800 1
953900 2
954000 4
954100 4
954200 1
954300 2
954400 3
954500 1
954600 3
954700 1
954800 1
954900 2
955000 1
955100 4
955200 3
955300 4
955400 1
955500 4
955600 3
955700 1
955800 3
955900 1
956000 2
956100 1
956200 2
956300 2
956400 1
956500 3
956600 2
956700 4
956800 4
956900 3
957000 2
957100 2
957200 3
957300 2
957400 2
957500 2
957600 3
957700 4
957800 4
957900 1
958000 2
958100 3
958200 3
958300 2
958400 4
958500 1
958600 2
958700 1
958800 1
958900 1
959000 1
959100 1
959200 3
959300 2
959400 5
959500 3
959600 5
959700 1
959800 1
959900 2
960000 3
960100 1
960200 2
960300 5
960400 2
960500 1
960600 3
960700 4
960800 1
960900 3
961000 3
961100 1
961200 1
961300 2
961400 2
961500 1
961600 3
961700 2
961800 2
961900 3
962000 2
962100 4
962200 1
962300 5
962400 5
962500 5
962600 4
962700 2
962800 2
962900 1
963000 2
963100 2
963200 2
963300 2
963400 2
963500 2
963600 1
963700 1
963800 2
963900 1
964000 2
964100 5
964200 2
964300 3
964400 3
964500 2
964600 1
964700 6
964800 3
964900 2
965000 2
965100 3
965200 2
965300 2
965400 2
965500 2
965600 1
965700 4
965800 3
965900 2
966000 3
966100 3
966200 1
966300 3
966400 2
966500 2
966600 1
966700 2
966800 2
966900 2
967000 2
967100 2
967200 1
967300 3
967400 2
967500 2
967600 3
967700 1
967800 1
967900 1
968000 4
968100 3
968200 3
968300 4
968400 3
968500 2
968600 2
968700 4
968800 1
968900 2
969000 2
969100 2
969200 1
969300 2
969400 3
969500 4
969600 1
969700 1
969800 2
969900 1
970000 3
970100 2
970200 5
970300 5
970400 4
970500 2
970600 2
970700 1
970800 5
970900 3
971000 1
971100 1
971200 2
971300 4
971400 2
971500 4
971600 2
971700 3
971800 2
971900 3
972000 3
972100 3
972200 5
972300 6
972400 2
972500 4
972600 1
972700 3
972800 2
972900 1
973000 2
973100 1
973200 2
973300 3
973400 3
973500 5
973600 3
973700 3
973800 3
973900 2
974000 3
974100 1
974200 1
974300 4
974400 1
974500 2
974600 2
974700 1
974800 2
974900 1
975000 1
975100 1
975200 1
975300 3
975400 2
975500 1
975600 4
975700 1
975800 2
975900 2
976000 1
976100 1
976200 3
976300 3
976400 1
976500 2
976600 3
976700 1
976800 3
976900 1
977000 3
977100 1
977200 1
977300 2
977400 1
977500 1
977600 3
977700 1
977800 2
977900 3
978000 4
978100 2
978200 3
978300 3
978400 2
978500 1
978600 2
978700 2
978800 2
978900 4
979000 2
979100 2
979200 1
979300 1
979400 2
979500 2
979600 1
979700 1
979800 4
979900 1
980000 1
980100 3
980200 4
980300 3
980400 3
980500 1
980600 2
980700 2
980800 1
980900 1
981000 1
981100 3
981200 3
981300 2
981400 3
981500 3
981600 1
981700 1
981800 1
981900 1
982000 2
982100 2
982200 1
982300 2
982400 3
982500 1
982600 2
982700 1
982800 5
982900 7
983000 3
983100 4
983200 3
983300 3
983400 1
983500 2
983600 5
983700 2
983800 2
983900 5
984000 2
984100 1
984200 3
984300 2
984400 3
984500 2
984600 1
984700 3
984800 1
984900 2
985000 3
985100 2
985200 2
985300 1
985400 3
985500 4
985600 2
985700 3
985800 2
985900 1
986000 1
986100 4
986200 4
986300 2
986400 1
986500 2
986600 2
986700 3
986800 1
986900 2
987000 2
987100 4
987200 5
987300 1
987400 1
987500 1
987600 1
987700 2
987800 1
987900 3
988000 1
988100 2
988200 3
988300 1
988400 2
988500 1
988600 4
988700 2
988800 2
988900 1
989000 3
989100 1
989200 2
989300 2
989400 2
989500 1
989600 2
989700 4
989800 6
989900 4
990000 6
990100 2
990200 1
990300 3
990400 1
990500 3
990600 1
990700 6
990800 2
990900 5
991000 6
991100 2
991200 1
991300 1
991400 1
991500 4
991600 1
991700 3
991800 2
991900 1
992000 3
992100 1
992200 1
992300 4
992400 2
992500 3
992600 2
992700 2
992800 2
992900 2
993000 2
993100 3
993200 1
993300 1
993400 1
993500 2
993600 1
993700 1
993800 2
993900 2
994000 1
994100 1
994200 1
994300 2
994400 1
994500 2
994600 1
994700 4
994800 1
994900 3
995000 3
995100 2
995200 3
995300 3
995400 3
995500 2
995600 2
995700 6
995800 7
995900 6
996000 1
996100 1
996200 3
996300 2
996400 2
996500 1
996600 1
996700 1
996800 2
996900 2
997000 2
997100 2
997200 1
997300 2
997400 1
997500 2
997600 1
997700 3
997800 2
997900 2
998000 1
998100 2
998200 1
998300 1
998400 3
998500 3
998600 2
998700 1
998800 1
998900 2
999000 2
999100 2
999200 2
999300 4
999400 3
999500 2
999600 6
999700 2
999800 1
999900 1
1000000 2
1000100 4
1000200 1
1000300 2
1000400 1
1000500 3
1000600 3
1000700 3
1000800 3
1000900 3
1001000 1
1001100 3
1001200 2
1001300 3
1001400 1
1001500 3
1001600 1
1001700 2
1001800 2
1001900 2
1002000 1
