# Time-averaged data for fix myat1
# TimeStep v_nC
2000 50
2100 41
2200 39
2300 34
2400 31
2500 30
2600 28
2700 24
2800 17
2900 11
3000 9
3100 4
3200 4
3300 6
3400 7
3500 6
3600 8
3700 7
3800 7
3900 7
4000 8
4100 7
4200 8
4300 3
4400 9
4500 8
4600 10
4700 7
4800 9
4900 7
5000 4
5100 11
5200 12
5300 12
5400 13
5500 9
5600 11
5700 9
5800 9
5900 11
6000 8
6100 11
6200 12
6300 8
6400 8
6500 10
6600 14
6700 12
6800 12
6900 10
7000 13
7100 17
7200 15
7300 17
7400 15
7500 10
7600 6
7700 8
7800 10
7900 13
8000 12
8100 9
8200 10
8300 9
8400 9
8500 7
8600 12
8700 5
8800 6
8900 3
9000 4
9100 7
9200 5
9300 3
9400 3
9500 5
9600 2
9700 2
9800 4
9900 4
10000 2
10100 9
10200 7
10300 11
10400 7
10500 8
10600 7
10700 10
10800 7
10900 10
11000 10
11100 9
11200 13
11300 11
11400 6
11500 6
11600 8
11700 7
11800 4
11900 5
12000 5
12100 7
12200 7
12300 8
12400 9
12500 7
12600 8
12700 6
12800 8
12900 7
13000 6
13100 6
13200 7
13300 5
13400 6
13500 6
13600 7
13700 8
13800 10
13900 8
14000 6
14100 6
14200 6
14300 10
14400 8
14500 8
14600 10
14700 12
14800 13
14900 15
15000 11
15100 9
15200 7
15300 8
15400 12
15500 12
15600 12
15700 8
15800 4
15900 7
16000 6
16100 4
16200 7
16300 3
16400 3
16500 10
16600 13
16700 13
16800 9
16900 6
17000 8
17100 11
17200 8
17300 12
17400 5
17500 6
17600 4
17700 7
17800 6
17900 4
18000 9
18100 7
18200 8
18300 9
18400 10
18500 7
18600 7
18700 8
18800 11
18900 11
19000 9
19100 8
19200 9
19300 11
19400 11
19500 7
19600 10
19700 6
19800 10
19900 9
20000 6
20100 4
20200 7
20300 6
20400 6
20500 5
20600 7
20700 8
20800 5
20900 9
21000 7
21100 4
21200 3
21300 5
21400 7
21500 10
21600 11
21700 7
21800 7
21900 7
22000 10
22100 9
22200 10
22300 9
22400 6
22500 3
22600 6
22700 10
22800 12
22900 14
23000 16
23100 15
23200 14
23300 11
23400 8
23500 5
23600 9
23700 7
23800 7
23900 5
24000 9
24100 8
24200 6
24300 6
24400 8
24500 8
24600 2
24700 6
24800 9
24900 12
25000 7
25100 6
25200 8
25300 8
25400 5
25500 8
25600 13
25700 12
25800 13
25900 7
26000 6
26100 6
26200 8
26300 9
26400 5
26500 7
26600 11
26700 9
26800 10
26900 11
27000 11
27100 10
27200 11
27300 13
27400 12
27500 13
27600 7
27700 7
27800 7
27900 5
28000 5
28100 2
28200 5
28300 7
28400 6
28500 6
28600 8
28700 11
28800 11
28900 5
29000 6
29100 4
29200 10
29300 9
29400 11
29500 12
29600 11
29700 6
29800 8
29900 3
30000 4
30100 4
30200 10
30300 9
30400 7
30500 8
30600 11
30700 11
30800 10
30900 9
31000 10
31100 8
31200 7
31300 5
31400 5
31500 4
31600 8
31700 8
31800 9
31900 11
32000 10
32100 11
32200 10
32300 15
32400 15
32500 7
32600 8
32700 7
32800 11
32900 10
33000 9
33100 12
33200 13
33300 10
33400 6
33500 9
33600 10
33700 8
33800 8
33900 10
34000 10
34100 6
34200 9
34300 15
34400 14
34500 12
34600 11
34700 9
34800 9
34900 11
35000 12
35100 8
35200 6
35300 12
35400 13
35500 15
35600 14
35700 12
35800 12
35900 11
36000 7
36100 7
36200 10
36300 9
36400 9
36500 11
36600 11
36700 11
36800 14
36900 10
37000 10
37100 8
37200 11
37300 9
37400 6
37500 11
37600 10
37700 8
37800 7
37900 12
38000 10
38100 8
38200 12
38300 9
38400 6
38500 10
38600 11
38700 8
38800 7
38900 5
39000 6
39100 10
39200 12
39300 13
39400 10
39500 6
39600 6
39700 10
39800 11
39900 10
40000 11
40100 11
40200 7
40300 9
40400 8
40500 13
40600 8
40700 6
40800 9
40900 7
41000 12
41100 7
41200 6
41300 6
41400 6
41500 6
41600 10
41700 9
41800 6
41900 11
42000 10
42100 10
42200 11
42300 13
42400 11
42500 9
42600 9
42700 8
42800 6
42900 9
43000 7
43100 5
43200 5
43300 3
43400 7
43500 8
43600 9
43700 9
43800 7
43900 3
44000 1
44100 5
44200 9
44300 9
44400 6
44500 13
44600 14
44700 20
44800 21
44900 17
45000 15
45100 13
45200 8
45300 8
45400 5
45500 8
45600 7
45700 9
45800 6
45900 6
46000 10
46100 5
46200 9
46300 7
46400 4
46500 4
46600 3
46700 7
46800 7
46900 4
47000 5
47100 7
47200 8
47300 5
47400 3
47500 6
47600 6
47700 10
47800 13
47900 11
48000 8
48100 6
48200 6
48300 8
48400 9
48500 7
48600 10
48700 5
48800 7
48900 7
49000 10
49100 11
49200 9
49300 5
49400 4
49500 6
49600 9
49700 11
49800 10
49900 9
50000 3
50100 7
50200 7
50300 5
50400 6
50500 6
50600 3
50700 3
50800 3
50900 6
51000 8
51100 5
51200 7
51300 6
51400 2
51500 5
51600 6
51700 7
51800 7
51900 8
52000 10
52100 9
52200 11
52300 14
52400 13
52500 8
52600 8
52700 10
52800 10
52900 10
53000 5
53100 7
53200 8
53300 8
53400 5
53500 6
53600 2
53700 8
53800 9
53900 9
54000 11
54100 9
54200 7
54300 12
54400 7
54500 11
54600 10
54700 4
54800 5
54900 4
55000 5
55100 7
55200 7
55300 10
55400 10
55500 9
55600 6
55700 7
55800 5
55900 7
56000 9
56100 7
56200 9
56300 10
56400 12
56500 13
56600 12
56700 10
56800 8
56900 11
57000 12
57100 8
57200 9
57300 9
57400 6
57500 7
57600 5
57700 6
57800 8
57900 5
58000 8
58100 9
58200 7
58300 7
58400 10
58500 12
58600 10
58700 6
58800 8
58900 4
59000 4
59100 8
59200 7
59300 5
59400 5
59500 1
59600 5
59700 7
59800 7
59900 8
60000 6
60100 10
60200 6
60300 6
60400 9
60500 12
60600 4
60700 4
60800 6
60900 11
61000 12
61100 8
61200 7
61300 6
61400 8
61500 10
61600 10
61700 11
61800 14
61900 14
62000 9
62100 7
62200 13
62300 13
62400 13
62500 10
62600 9
62700 5
62800 9
62900 6
63000 7
63100 12
63200 13
63300 13
63400 14
63500 10
63600 9
63700 6
63800 8
63900 6
64000 6
64100 10
64200 9
64300 9
64400 6
64500 8
64600 12
64700 8
64800 11
64900 10
65000 7
65100 10
65200 11
65300 12
65400 10
65500 13
65600 11
65700 9
65800 9
65900 8
66000 8
66100 4
66200 7
66300 6
66400 11
66500 9
66600 12
66700 7
66800 3
66900 6
67000 7
67100 9
67200 10
67300 10
67400 6
67500 6
67600 11
67700 8
67800 6
67900 7
68000 8
68100 12
68200 8
68300 7
68400 3
68500 5
68600 7
68700 7
68800 7
68900 7
69000 9
69100 7
69200 8
69300 6
69400 7
69500 6
69600 8
69700 5
69800 7
69900 8
70000 10
70100 10
70200 11
70300 9
70400 9
70500 6
70600 7
70700 4
70800 4
70900 8
71000 12
71100 10
71200 7
71300 6
71400 8
71500 8
71600 9
71700 10
71800 15
71900 11
72000 10
72100 8
72200 8
72300 9
72400 6
72500 7
72600 7
72700 8
72800 8
72900 11
73000 13
73100 7
73200 9
73300 12
73400 6
73500 9
73600 14
73700 14
73800 11
73900 11
74000 11
74100 9
74200 13
74300 11
74400 7
74500 4
74600 9
74700 6
74800 6
74900 5
75000 5
75100 8
75200 7
75300 9
75400 8
75500 10
75600 7
75700 7
75800 9
75900 7
76000 8
76100 5
76200 11
76300 8
76400 6
76500 5
76600 7
76700 9
76800 10
76900 7
77000 3
77100 3
77200 4
77300 4
77400 8
77500 6
77600 11
77700 12
77800 11
77900 6
78000 7
78100 6
78200 12
78300 8
78400 9
78500 3
78600 3
78700 7
78800 10
78900 12
79000 8
79100 10
79200 9
79300 4
79400 7
79500 6
79600 5
79700 10
79800 10
79900 9
80000 8
80100 10
80200 7
80300 6
80400 8
80500 6
80600 4
80700 8
80800 6
80900 6
81000 4
81100 9
81200 8
81300 7
81400 10
81500 6
81600 12
81700 11
81800 15
81900 13
82000 13
82100 11
82200 14
82300 16
82400 11
82500 12
82600 11
82700 13
82800 9
82900 9
83000 10
83100 5
83200 11
83300 8
83400 11
83500 12
83600 10
83700 10
83800 11
83900 11
84000 11
84100 12
84200 10
84300 9
84400 14
84500 13
84600 13
84700 8
84800 8
84900 7
85000 2
85100 6
85200 8
85300 5
85400 6
85500 6
85600 7
85700 9
85800 10
85900 10
86000 12
86100 14
86200 12
86300 8
86400 9
86500 8
86600 5
86700 7
86800 7
86900 7
87000 6
87100 4
87200 10
87300 10
87400 8
87500 8
87600 6
87700 5
87800 7
87900 7
88000 7
88100 10
88200 12
88300 9
88400 10
88500 12
88600 13
88700 15
88800 9
88900 6
89000 7
89100 10
89200 8
89300 9
89400 3
89500 8
89600 6
89700 4
89800 5
89900 1
90000 1
90100 7
90200 10
90300 7
90400 10
90500 9
90600 7
90700 8
90800 6
90900 9
91000 11
91100 9
91200 6
91300 9
91400 7
91500 3
91600 8
91700 8
91800 5
91900 7
92000 6
92100 10
92200 9
92300 7
92400 6
92500 5
92600 6
92700 4
92800 4
92900 1
93000 4
93100 2
93200 9
93300 7
93400 14
93500 15
93600 13
93700 10
93800 7
93900 6
94000 7
94100 5
94200 3
94300 3
94400 2
94500 4
94600 6
94700 5
94800 8
94900 9
95000 8
95100 7
95200 5
95300 7
95400 7
95500 8
95600 7
95700 14
95800 18
95900 14
96000 12
96100 12
96200 11
96300 11
96400 7
96500 9
96600 3
96700 5
96800 8
96900 10
97000 11
97100 13
97200 11
97300 10
97400 8
97500 10
97600 10
97700 10
97800 8
97900 6
98000 7
98100 7
98200 8
98300 6
98400 4
98500 8
98600 6
98700 10
98800 9
98900 6
99000 4
99100 1
99200 4
99300 7
99400 5
99500 4
99600 5
99700 7
99800 7
99900 12
100000 9
100100 7
100200 7
100300 13
100400 5
100500 8
100600 9
100700 7
100800 9
100900 10
101000 8
101100 10
101200 3
101300 6
101400 8
101500 10
101600 12
101700 9
101800 8
101900 8
102000 9
102100 9
102200 11
102300 8
102400 6
102500 11
102600 13
102700 12
102800 11
102900 16
103000 14
103100 14
103200 13
103300 9
103400 10
103500 5
103600 7
103700 12
103800 6
103900 5
104000 6
104100 6
104200 5
104300 5
104400 3
104500 4
104600 8
104700 6
104800 9
104900 8
105000 7
105100 7
105200 7
105300 8
105400 11
105500 6
105600 10
105700 6
105800 2
105900 2
106000 7
106100 8
106200 8
106300 10
106400 8
106500 10
106600 11
106700 13
106800 10
106900 6
107000 4
107100 7
107200 10
107300 12
107400 7
107500 3
107600 2
107700 5
107800 5
107900 4
108000 8
108100 10
108200 11
108300 8
108400 7
108500 11
108600 15
108700 10
108800 7
108900 6
109000 7
109100 10
109200 11
109300 5
109400 4
109500 5
109600 9
109700 10
109800 10
109900 7
110000 9
110100 9
110200 7
110300 5
110400 6
110500 7
110600 8
110700 6
110800 8
110900 12
111000 9
111100 7
111200 11
111300 12
111400 10
111500 10
111600 11
111700 14
111800 10
111900 10
112000 14
112100 15
112200 14
112300 9
112400 11
112500 9
112600 8
112700 8
112800 6
112900 10
113000 9
113100 13
113200 15
113300 13
113400 9
113500 8
113600 10
113700 11
113800 11
113900 11
114000 8
114100 9
114200 10
114300 7
114400 8
114500 7
114600 6
114700 7
114800 5
114900 6
115000 8
115100 11
115200 10
115300 8
115400 5
115500 8
115600 7
115700 9
115800 7
115900 7
116000 10
116100 10
116200 12
116300 7
116400 9
116500 10
116600 7
116700 9
116800 6
116900 6
117000 4
117100 10
117200 10
117300 6
117400 6
117500 7
117600 11
117700 11
117800 9
117900 4
118000 4
118100 6
118200 7
118300 5
118400 6
118500 6
118600 6
118700 7
118800 6
118900 6
119000 6
119100 10
119200 10
119300 9
119400 12
119500 15
119600 14
119700 15
119800 15
119900 14
120000 14
120100 9
120200 11
120300 9
120400 4
120500 5
120600 3
120700 5
120800 7
120900 5
121000 8
121100 12
121200 13
121300 9
121400 4
121500 6
121600 7
121700 7
121800 10
121900 12
122000 6
122100 6
122200 5
122300 5
122400 7
122500 6
122600 10
122700 9
122800 9
122900 6
123000 6
123100 4
123200 5
123300 5
123400 7
123500 8
123600 9
123700 12
123800 13
123900 9
124000 9
124100 9
124200 8
124300 3
124400 7
124500 9
124600 11
124700 7
124800 4
124900 5
125000 5
125100 5
125200 5
125300 6
125400 6
125500 6
125600 7
125700 4
125800 7
125900 6
126000 8
126100 13
126200 6
126300 5
126400 1
126500 2
126600 1
126700 2
126800 7
126900 7
127000 6
127100 11
127200 13
127300 14
127400 13
127500 13
127600 9
127700 10
127800 8
127900 8
128000 8
128100 10
128200 7
128300 9
128400 8
128500 10
128600 12
128700 9
128800 8
128900 7
129000 6
129100 6
129200 11
129300 13
129400 12
129500 12
129600 10
129700 10
129800 10
129900 9
130000 10
130100 12
130200 9
130300 9
130400 7
130500 7
130600 8
130700 7
130800 7
130900 8
131000 7
131100 10
131200 8
131300 6
131400 4
131500 6
131600 6
131700 5
131800 7
131900 11
132000 10
132100 7
132200 9
132300 9
132400 9
132500 4
132600 7
132700 5
132800 4
132900 5
133000 5
133100 6
133200 8
133300 7
133400 7
133500 6
133600 4
133700 9
133800 8
133900 10
134000 12
134100 17
134200 14
134300 9
134400 10
134500 13
134600 13
134700 12
134800 6
134900 8
135000 7
135100 11
135200 4
135300 6
135400 8
135500 7
135600 8
135700 7
135800 5
135900 2
136000 5
136100 6
136200 11
136300 8
136400 5
136500 5
136600 8
136700 5
136800 5
136900 6
137000 5
137100 6
137200 7
137300 5
137400 4
137500 7
137600 3
137700 3
137800 6
137900 6
138000 9
138100 10
138200 12
138300 13
138400 10
138500 10
138600 12
138700 10
138800 11
138900 6
139000 8
139100 8
139200 3
139300 3
139400 7
139500 9
139600 9
139700 8
139800 8
139900 4
140000 6
140100 5
140200 7
140300 11
140400 12
140500 7
140600 3
140700 2
140800 7
140900 7
141000 8
141100 8
141200 9
141300 8
141400 14
141500 11
141600 11
141700 6
141800 7
141900 7
142000 10
142100 7
142200 7
142300 8
142400 7
142500 4
142600 5
142700 6
142800 8
142900 11
143000 10
143100 5
143200 7
143300 7
143400 11
143500 10
143600 8
143700 11
143800 11
143900 9
144000 11
144100 8
144200 6
144300 8
144400 8
144500 8
144600 4
144700 7
144800 5
144900 7
145000 4
145100 5
145200 6
145300 4
145400 7
145500 7
145600 7
145700 7
145800 6
145900 8
146000 7
146100 7
146200 10
146300 8
146400 6
146500 7
146600 4
146700 5
146800 3
146900 6
147000 6
147100 8
147200 9
147300 7
147400 5
147500 8
147600 5
147700 4
147800 1
147900 4
148000 6
148100 3
148200 9
148300 8
148400 6
148500 8
148600 8
148700 10
148800 9
148900 8
149000 8
149100 6
149200 6
149300 11
149400 8
149500 8
149600 9
149700 8
149800 4
149900 8
150000 10
150100 7
150200 7
150300 7
150400 6
150500 5
150600 11
150700 7
150800 5
150900 6
151000 6
151100 8
151200 6
151300 8
151400 6
151500 5
151600 7
151700 3
151800 7
151900 11
152000 14
152100 8
152200 7
152300 7
152400 6
152500 8
152600 11
152700 8
152800 5
152900 6
153000 6
153100 8
153200 8
153300 9
153400 8
153500 9
153600 6
153700 9
153800 7
153900 8
154000 6
154100 8
154200 7
154300 10
154400 7
154500 8
154600 9
154700 8
154800 7
154900 3
155000 2
155100 5
155200 5
155300 3
155400 2
155500 5
155600 8
155700 7
155800 3
155900 4
156000 4
156100 6
156200 7
156300 10
156400 10
156500 11
156600 8
156700 6
156800 10
156900 8
157000 6
157100 5
157200 8
157300 4
157400 4
157500 4
157600 6
157700 12
157800 10
157900 6
158000 6
158100 10
158200 7
158300 7
158400 11
158500 14
158600 11
158700 8
158800 7
158900 5
159000 7
159100 5
159200 8
159300 7
159400 5
159500 7
159600 9
159700 9
159800 7
159900 7
160000 8
160100 6
160200 3
160300 11
160400 8
160500 8
160600 4
160700 5
160800 9
160900 10
161000 7
161100 9
161200 11
161300 10
161400 7
161500 11
161600 10
161700 8
161800 9
161900 8
162000 5
162100 7
162200 9
162300 7
162400 6
162500 9
162600 12
162700 12
162800 8
162900 9
163000 10
163100 11
163200 18
163300 14
163400 11
163500 10
163600 10
163700 10
163800 5
163900 3
164000 6
164100 7
164200 6
164300 8
164400 7
164500 7
164600 10
164700 9
164800 11
164900 8
165000 8
165100 10
165200 8
165300 6
165400 6
165500 6
165600 4
165700 6
165800 4
165900 6
166000 4
166100 9
166200 9
166300 5
166400 5
166500 7
166600 3
166700 6
166800 8
166900 8
167000 6
167100 5
167200 9
167300 9
167400 6
167500 5
167600 1
167700 6
167800 8
167900 8
168000 12
168100 10
168200 10
168300 8
168400 7
168500 9
168600 10
168700 7
168800 10
168900 15
169000 13
169100 9
169200 9
169300 7
169400 6
169500 8
169600 5
169700 5
169800 6
169900 4
170000 8
170100 6
170200 7
170300 6
170400 6
170500 6
170600 6
170700 8
170800 12
170900 8
171000 12
171100 9
171200 7
171300 6
171400 5
171500 8
171600 9
171700 8
171800 7
171900 7
172000 4
172100 3
172200 11
172300 10
172400 6
172500 6
172600 7
172700 4
172800 10
172900 12
173000 8
173100 6
173200 7
173300 4
173400 3
173500 11
173600 9
173700 9
173800 7
173900 5
174000 8
174100 8
174200 7
174300 3
174400 4
174500 4
174600 7
174700 5
174800 6
174900 5
175000 9
175100 10
175200 12
175300 11
175400 10
175500 11
175600 9
175700 6
175800 8
175900 9
176000 9
176100 8
176200 6
176300 8
176400 12
176500 11
176600 9
176700 11
176800 15
176900 14
177000 15
177100 16
177200 16
177300 15
177400 14
177500 12
177600 10
177700 10
177800 5
177900 3
178000 4
178100 4
178200 6
178300 4
178400 6
178500 7
178600 8
178700 10
178800 11
178900 10
179000 13
179100 13
179200 12
179300 12
179400 10
179500 9
179600 9
179700 8
179800 8
179900 6
180000 5
180100 5
180200 2
180300 4
180400 5
180500 6
180600 6
180700 7
180800 7
180900 9
181000 7
181100 8
181200 10
181300 10
181400 10
181500 7
181600 6
181700 2
181800 4
181900 4
182000 4
182100 7
182200 6
182300 5
182400 4
182500 3
182600 3
182700 6
182800 6
182900 6
183000 6
183100 11
183200 8
183300 9
183400 8
183500 10
183600 13
183700 11
183800 10
183900 8
184000 6
184100 9
184200 11
184300 11
184400 10
184500 9
184600 4
184700 7
184800 10
184900 8
185000 7
185100 3
185200 4
185300 7
185400 7
185500 6
185600 6
185700 4
185800 5
185900 5
186000 5
186100 8
186200 13
186300 13
186400 13
186500 14
186600 8
186700 9
186800 10
186900 7
187000 10
187100 7
187200 6
187300 5
187400 6
187500 7
187600 10
187700 10
187800 8
187900 8
188000 8
188100 6
188200 12
188300 12
188400 13
188500 8
188600 12
188700 10
188800 6
188900 6
189000 5
189100 3
189200 2
189300 6
189400 12
189500 11
189600 8
189700 8
189800 11
189900 10
190000 10
190100 9
190200 9
190300 6
190400 7
190500 7
190600 9
190700 8
190800 6
190900 7
191000 8
191100 8
191200 6
191300 6
191400 5
191500 7
191600 10
191700 8
191800 5
191900 5
192000 10
192100 11
192200 6
192300 6
192400 7
192500 6
192600 7
192700 10
192800 13
192900 14
193000 15
193100 12
193200 9
193300 7
193400 8
193500 10
193600 8
193700 6
193800 4
193900 6
194000 11
194100 10
194200 5
194300 6
194400 6
194500 3
194600 4
194700 8
194800 6
194900 3
195000 5
195100 4
195200 3
195300 3
195400 2
195500 6
195600 12
195700 10
195800 9
195900 4
196000 6
196100 5
196200 3
196300 4
196400 5
196500 4
196600 6
196700 6
196800 7
196900 10
197000 10
197100 10
197200 12
197300 12
197400 13
197500 10
197600 8
197700 12
197800 4
197900 5
198000 6
198100 6
198200 9
198300 10
198400 11
198500 6
198600 4
198700 8
198800 4
198900 8
199000 6
199100 6
199200 8
199300 6
199400 7
199500 6
199600 11
199700 10
199800 10
199900 5
200000 9
200100 6
200200 10
200300 10
200400 10
200500 9
200600 5
200700 5
200800 7
200900 5
201000 7
201100 6
201200 9
201300 10
201400 6
201500 6
201600 5
201700 3
201800 6
201900 7
202000 10
202100 11
202200 11
202300 8
202400 8
202500 7
202600 4
202700 4
202800 8
202900 9
203000 13
203100 13
203200 11
203300 13
203400 8
203500 6
203600 4
203700 6
203800 6
203900 10
204000 11
204100 8
204200 11
204300 12
204400 9
204500 9
204600 10
204700 5
204800 5
204900 3
205000 6
205100 7
205200 9
205300 6
205400 6
205500 5
205600 7
205700 9
205800 15
205900 13
206000 8
206100 10
206200 9
206300 5
206400 7
206500 10
206600 8
206700 9
206800 8
206900 10
207000 13
207100 13
207200 8
207300 8
207400 7
207500 11
207600 8
207700 11
207800 10
207900 10
208000 10
208100 9
208200 6
208300 6
208400 4
208500 7
208600 8
208700 8
208800 5
208900 8
209000 7
209100 9
209200 12
209300 8
209400 7
209500 7
209600 9
209700 13
209800 13
209900 8
210000 6
210100 6
210200 6
210300 8
210400 10
210500 10
210600 11
210700 9
210800 14
210900 13
211000 12
211100 11
211200 11
211300 9
211400 8
211500 12
211600 13
211700 12
211800 12
211900 11
212000 9
212100 9
212200 10
212300 8
212400 11
212500 9
212600 5
212700 5
212800 7
212900 6
213000 6
213100 7
213200 4
213300 6
213400 7
213500 5
213600 6
213700 8
213800 13
213900 12
214000 14
214100 11
214200 9
214300 8
214400 10
214500 14
214600 15
214700 9
214800 9
214900 9
215000 6
215100 3
215200 3
215300 8
215400 6
215500 8
215600 8
215700 5
215800 9
215900 4
216000 4
216100 5
216200 8
216300 4
216400 7
216500 9
216600 8
216700 11
216800 8
216900 7
217000 6
217100 9
217200 7
217300 5
217400 6
217500 7
217600 7
217700 7
217800 6
217900 10
218000 6
218100 6
218200 6
218300 5
218400 3
218500 1
218600 1
218700 7
218800 7
218900 9
219000 10
219100 5
219200 8
219300 9
219400 9
219500 11
219600 10
219700 9
219800 7
219900 7
220000 5
220100 7
220200 6
220300 6
220400 8
220500 10
220600 15
220700 13
220800 9
220900 11
221000 9
221100 11
221200 10
221300 5
221400 4
221500 7
221600 7
221700 11
221800 7
221900 4
222000 6
222100 8
222200 9
222300 12
222400 8
222500 8
222600 11
222700 10
222800 8
222900 8
223000 8
223100 12
223200 7
223300 6
223400 3
223500 4
223600 5
223700 4
223800 3
223900 4
224000 2
224100 4
224200 6
224300 8
224400 9
224500 7
224600 8
224700 5
224800 3
224900 7
225000 5
225100 9
225200 7
225300 3
225400 3
225500 2
225600 2
225700 4
225800 8
225900 8
226000 5
226100 3
226200 5
226300 7
226400 9
226500 5
226600 8
226700 8
226800 9
226900 6
227000 6
227100 4
227200 6
227300 5
227400 7
227500 5
227600 5
227700 7
227800 11
227900 11
228000 10
228100 9
228200 7
228300 7
228400 5
228500 5
228600 6
228700 9
228800 11
228900 6
229000 6
229100 6
229200 3
229300 7
229400 7
229500 3
229600 4
229700 1
229800 6
229900 9
230000 8
230100 13
230200 8
230300 10
230400 13
230500 15
230600 7
230700 5
230800 6
230900 7
231000 8
231100 8
231200 7
231300 10
231400 9
231500 7
231600 9
231700 5
231800 2
231900 5
232000 7
232100 9
232200 5
232300 3
232400 7
232500 8
232600 7
232700 6
232800 8
232900 6
233000 2
233100 3
233200 4
233300 6
233400 7
233500 6
233600 5
233700 4
233800 5
233900 5
234000 6
234100 4
234200 4
234300 8
234400 9
234500 8
234600 9
234700 7
234800 9
234900 8
235000 5
235100 5
235200 6
235300 11
235400 9
235500 6
235600 5
235700 7
235800 6
235900 8
236000 10
236100 7
236200 12
236300 6
236400 8
236500 7
236600 4
236700 5
236800 3
236900 5
237000 8
237100 11
237200 11
237300 10
237400 9
237500 12
237600 9
237700 8
237800 6
237900 8
238000 5
238100 6
238200 7
238300 7
238400 8
238500 12
238600 12
238700 10
238800 4
238900 5
239000 4
239100 7
239200 11
239300 5
239400 5
239500 8
239600 9
239700 6
239800 5
239900 6
240000 2
240100 4
240200 6
240300 6
240400 9
240500 8
240600 8
240700 6
240800 8
240900 7
241000 8
241100 8
241200 10
241300 8
241400 5
241500 7
241600 6
241700 8
241800 6
241900 9
242000 10
242100 7
242200 5
242300 8
242400 9
242500 9
242600 9
242700 9
242800 7
242900 7
243000 10
243100 11
243200 10
243300 11
243400 11
243500 8
243600 7
243700 7
243800 5
243900 9
244000 9
244100 7
244200 6
244300 4
244400 5
244500 5
244600 7
244700 9
244800 5
244900 9
245000 11
245100 12
245200 12
245300 9
245400 9
245500 12
245600 10
245700 12
245800 10
245900 8
246000 12
246100 12
246200 11
246300 12
246400 15
246500 10
246600 10
246700 9
246800 9
246900 9
247000 11
247100 5
247200 6
247300 7
247400 7
247500 8
247600 9
247700 6
247800 7
247900 6
248000 5
248100 4
248200 2
248300 3
248400 4
248500 6
248600 11
248700 9
248800 10
248900 6
249000 6
249100 6
249200 5
249300 9
249400 9
249500 7
249600 11
249700 16
249800 16
249900 13
250000 14
250100 16
250200 10
250300 8
250400 10
250500 10
250600 6
250700 9
250800 7
250900 8
251000 7
251100 3
251200 4
251300 6
251400 8
251500 5
251600 7
251700 9
251800 8
251900 8
252000 6
252100 4
252200 5
252300 10
252400 6
252500 7
252600 8
252700 6
252800 10
252900 11
253000 12
253100 10
253200 9
253300 8
253400 9
253500 12
253600 13
253700 11
253800 9
253900 6
254000 9
254100 6
254200 5
254300 3
254400 4
254500 10
254600 8
254700 7
254800 9
254900 10
255000 11
255100 6
255200 7
255300 7
255400 6
255500 7
255600 10
255700 12
255800 9
255900 8
256000 7
256100 6
256200 3
256300 8
256400 6
256500 8
256600 6
256700 9
256800 6
256900 7
257000 6
257100 6
257200 4
257300 6
257400 8
257500 5
257600 7
257700 6
257800 5
257900 7
258000 5
258100 5
258200 7
258300 5
258400 2
258500 6
258600 8
258700 8
258800 8
258900 11
259000 8
259100 8
259200 9
259300 11
259400 12
259500 14
259600 13
259700 12
259800 10
259900 12
260000 12
260100 9
260200 7
260300 7
260400 8
260500 5
260600 6
260700 10
260800 10
260900 9
261000 6
261100 5
261200 5
261300 6
261400 4
261500 6
261600 11
261700 7
261800 5
261900 8
262000 8
262100 8
262200 10
262300 10
262400 9
262500 10
262600 7
262700 7
262800 7
262900 5
263000 7
263100 8
263200 10
263300 13
263400 11
263500 6
263600 5
263700 8
263800 6
263900 10
264000 9
264100 8
264200 7
264300 5
264400 7
264500 11
264600 9
264700 13
264800 10
264900 9
265000 12
265100 7
265200 4
265300 5
265400 7
265500 11
265600 12
265700 11
265800 12
265900 10
266000 8
266100 10
266200 8
266300 7
266400 6
266500 5
266600 11
266700 7
266800 5
266900 6
267000 8
267100 4
267200 5
267300 4
267400 8
267500 11
267600 14
267700 12
267800 10
267900 10
268000 9
268100 10
268200 7
268300 8
268400 8
268500 2
268600 4
268700 5
268800 4
268900 4
269000 2
269100 3
269200 6
269300 6
269400 5
269500 6
269600 7
269700 9
269800 5
269900 7
270000 5
270100 6
270200 3
270300 6
270400 6
270500 3
270600 4
270700 9
270800 12
270900 12
271000 11
271100 11
271200 9
271300 8
271400 8
271500 6
271600 8
271700 7
271800 5
271900 8
272000 8
272100 7
272200 9
272300 8
272400 8
272500 8
272600 6
272700 8
272800 7
272900 7
273000 7
273100 7
273200 7
273300 9
273400 10
273500 15
273600 13
273700 17
273800 15
273900 8
274000 8
274100 2
274200 5
274300 3
274400 2
274500 3
274600 7
274700 8
274800 4
274900 6
275000 9
275100 10
275200 7
275300 9
275400 8
275500 9
275600 13
275700 8
275800 6
275900 10
276000 10
276100 8
276200 6
276300 7
276400 6
276500 7
276600 9
276700 7
276800 7
276900 7
277000 7
277100 9
277200 5
277300 5
277400 7
277500 5
277600 6
277700 11
277800 6
277900 9
278000 8
278100 5
278200 7
278300 6
278400 12
278500 7
278600 9
278700 11
278800 9
278900 9
279000 12
279100 8
279200 6
279300 5
279400 4
279500 6
279600 5
279700 10
279800 7
279900 5
280000 2
280100 6
280200 7
280300 11
280400 6
280500 7
280600 12
280700 14
280800 13
280900 10
281000 8
281100 14
281200 13
281300 10
281400 10
281500 13
281600 11
281700 12
281800 14
281900 10
282000 8
282100 7
282200 7
282300 8
282400 4
282500 5
282600 7
282700 5
282800 4
282900 7
283000 7
283100 4
283200 8
283300 7
283400 9
283500 10
283600 5
283700 8
283800 10
283900 11
284000 7
284100 9
284200 10
284300 2
284400 3
284500 4
284600 4
284700 5
284800 9
284900 4
285000 7
285100 7
285200 11
285300 8
285400 9
285500 13
285600 10
285700 10
285800 9
285900 8
286000 11
286100 8
286200 3
286300 2
286400 5
286500 4
286600 1
286700 6
286800 5
286900 8
287000 5
287100 5
287200 6
287300 2
287400 2
287500 4
287600 9
287700 6
287800 7
287900 10
288000 9
288100 10
288200 9
288300 10
288400 8
288500 8
288600 7
288700 9
288800 11
288900 12
289000 13
289100 12
289200 8
289300 11
289400 9
289500 6
289600 7
289700 9
289800 6
289900 6
290000 6
290100 6
290200 4
290300 1
290400 5
290500 3
290600 2
290700 5
290800 6
290900 2
291000 6
291100 8
291200 10
291300 14
291400 11
291500 8
291600 9
291700 10
291800 8
291900 7
292000 11
292100 10
292200 7
292300 5
292400 4
292500 6
292600 5
292700 4
292800 8
292900 6
293000 7
293100 8
293200 8
293300 10
293400 5
293500 8
293600 7
293700 8
293800 10
293900 10
294000 8
294100 9
294200 13
294300 12
294400 11
294500 9
294600 8
294700 8
294800 5
294900 8
295000 6
295100 9
295200 13
295300 10
295400 12
295500 13
295600 10
295700 13
295800 16
295900 13
296000 11
296100 10
296200 12
296300 14
296400 9
296500 5
296600 8
296700 6
296800 4
296900 5
297000 5
297100 7
297200 9
297300 13
297400 14
297500 7
297600 10
297700 8
297800 9
297900 8
298000 9
298100 10
298200 10
298300 12
298400 12
298500 10
298600 9
298700 13
298800 10
298900 15
299000 19
299100 13
299200 10
299300 6
299400 6
299500 6
299600 2
299700 4
299800 7
299900 6
300000 7
300100 8
300200 11
300300 10
300400 8
300500 7
300600 7
300700 8
300800 7
300900 14
301000 11
301100 7
301200 7
301300 6
301400 9
301500 8
301600 5
301700 3
301800 3
301900 3
302000 3
302100 3
302200 4
302300 7
302400 7
302500 6
302600 6
302700 6
302800 7
302900 6
303000 7
303100 5
303200 6
303300 6
303400 8
303500 5
303600 10
303700 9
303800 13
303900 16
304000 10
304100 9
304200 6
304300 8
304400 7
304500 10
304600 7
304700 10
304800 5
304900 6
305000 9
305100 12
305200 10
305300 6
305400 6
305500 10
305600 9
305700 10
305800 7
305900 10
306000 11
306100 13
306200 14
306300 13
306400 13
306500 13
306600 13
306700 9
306800 6
306900 4
307000 4
307100 8
307200 8
307300 10
307400 9
307500 10
307600 13
307700 7
307800 10
307900 10
308000 9
308100 12
308200 8
308300 12
308400 15
308500 15
308600 15
308700 16
308800 11
308900 11
309000 10
309100 10
309200 8
309300 10
309400 6
309500 8
309600 10
309700 11
309800 8
309900 9
310000 7
310100 7
310200 10
310300 4
310400 7
310500 4
310600 5
310700 7
310800 4
310900 5
311000 7
311100 5
311200 3
311300 6
311400 9
311500 10
311600 8
311700 7
311800 7
311900 9
312000 3
312100 3
312200 2
312300 2
312400 2
312500 3
312600 8
312700 5
312800 5
312900 4
313000 5
313100 5
313200 3
313300 12
313400 11
313500 12
313600 7
313700 12
313800 9
313900 10
314000 12
314100 12
314200 12
314300 11
314400 11
314500 11
314600 14
314700 14
314800 13
314900 12
315000 13
315100 13
315200 11
315300 6
315400 11
315500 12
315600 12
315700 11
315800 11
315900 8
316000 10
316100 8
316200 6
316300 4
316400 7
316500 8
316600 13
316700 10
316800 5
316900 8
317000 9
317100 11
317200 10
317300 8
317400 6
317500 9
317600 11
317700 13
317800 12
317900 13
318000 9
318100 9
318200 3
318300 4
318400 4
318500 5
318600 5
318700 7
318800 3
318900 6
319000 7
319100 11
319200 8
319300 10
319400 10
319500 9
319600 12
319700 12
319800 12
319900 16
320000 16
320100 14
320200 12
320300 9
320400 7
320500 9
320600 8
320700 5
320800 6
320900 5
321000 4
321100 7
321200 7
321300 7
321400 3
321500 5
321600 4
321700 9
321800 9
321900 11
322000 10
322100 10
322200 7
322300 9
322400 8
322500 12
322600 6
322700 8
322800 8
322900 2
323000 5
323100 5
323200 11
323300 10
323400 14
323500 14
323600 13
323700 9
323800 6
323900 6
324000 5
324100 10
324200 13
324300 14
324400 11
324500 6
324600 6
324700 5
324800 10
324900 10
325000 13
325100 15
325200 11
325300 12
325400 8
325500 5
325600 5
325700 5
325800 6
325900 9
326000 6
326100 1
326200 7
326300 9
326400 11
326500 11
326600 8
326700 8
326800 6
326900 6
327000 8
327100 8
327200 6
327300 8
327400 8
327500 9
327600 14
327700 12
327800 7
327900 5
328000 3
328100 2
328200 5
328300 2
328400 2
328500 2
328600 5
328700 6
328800 4
328900 6
329000 3
329100 3
329200 7
329300 6
329400 9
329500 5
329600 13
329700 7
329800 6
329900 5
330000 4
330100 8
330200 12
330300 10
330400 12
330500 9
330600 5
330700 9
330800 9
330900 11
331000 10
331100 8
331200 8
331300 8
331400 9
331500 8
331600 10
331700 7
331800 6
331900 6
332000 7
332100 8
332200 13
332300 11
332400 9
332500 11
332600 6
332700 10
332800 9
332900 6
333000 6
333100 7
333200 4
333300 3
333400 5
333500 7
333600 6
333700 3
333800 3
333900 5
334000 6
334100 7
334200 6
334300 8
334400 11
334500 8
334600 5
334700 9
334800 3
334900 6
335000 4
335100 4
335200 7
335300 8
335400 5
335500 5
335600 6
335700 7
335800 4
335900 8
336000 8
336100 11
336200 9
336300 8
336400 6
336500 9
336600 7
336700 11
336800 9
336900 8
337000 9
337100 11
337200 9
337300 8
337400 8
337500 7
337600 12
337700 6
337800 5
337900 6
338000 6
338100 7
338200 4
338300 8
338400 8
338500 7
338600 10
338700 12
338800 11
338900 9
339000 12
339100 11
339200 12
339300 8
339400 8
339500 8
339600 6
339700 5
339800 5
339900 5
340000 8
340100 5
340200 6
340300 9
340400 8
340500 10
340600 10
340700 10
340800 9
340900 10
341000 11
341100 7
341200 4
341300 3
341400 2
341500 6
341600 8
341700 8
341800 11
341900 6
342000 6
342100 8
342200 10
342300 8
342400 11
342500 12
342600 13
342700 10
342800 10
342900 7
343000 7
343100 10
343200 6
343300 6
343400 10
343500 6
343600 6
343700 4
343800 3
343900 5
344000 8
344100 14
344200 14
344300 12
344400 11
344500 12
344600 14
344700 13
344800 9
344900 3
345000 6
345100 7
345200 11
345300 11
345400 7
345500 4
345600 7
345700 11
345800 12
345900 13
346000 17
346100 16
346200 13
346300 8
346400 8
346500 10
346600 8
346700 8
346800 7
346900 4
347000 6
347100 7
347200 8
347300 11
347400 14
347500 17
347600 13
347700 12
347800 11
347900 14
348000 13
348100 10
348200 6
348300 9
348400 9
348500 9
348600 9
348700 11
348800 8
348900 8
349000 8
349100 9
349200 6
349300 7
349400 7
349500 7
349600 7
349700 7
349800 9
349900 8
350000 12
350100 10
350200 5
350300 6
350400 9
350500 6
350600 7
350700 10
350800 7
350900 5
351000 9
351100 9
351200 10
351300 11
351400 8
351500 6
351600 10
351700 9
351800 8
351900 5
352000 9
352100 13
352200 12
352300 10
352400 4
352500 1
352600 6
352700 12
352800 10
352900 8
353000 9
353100 10
353200 8
353300 6
353400 8
353500 12
353600 10
353700 15
353800 10
353900 10
354000 12
354100 9
354200 13
354300 14
354400 14
354500 18
354600 18
354700 17
354800 15
354900 11
355000 9
355100 6
355200 10
355300 10
355400 10
355500 11
355600 12
355700 9
355800 8
355900 10
356000 10
356100 8
356200 9
356300 7
356400 9
356500 10
356600 9
356700 7
356800 6
356900 8
357000 8
357100 8
357200 5
357300 6
357400 10
357500 8
357600 7
357700 13
357800 8
357900 5
358000 6
358100 2
358200 2
358300 7
358400 8
358500 7
358600 4
358700 6
358800 9
358900 5
359000 7
359100 7
359200 8
359300 10
359400 14
359500 12
359600 14
359700 10
359800 12
359900 9
360000 11
360100 11
360200 12
360300 8
360400 12
360500 10
360600 6
360700 6
360800 10
360900 10
361000 5
361100 6
361200 8
361300 7
361400 8
361500 9
361600 6
361700 11
361800 3
361900 5
362000 10
362100 10
362200 6
362300 12
362400 10
362500 5
362600 8
362700 10
362800 10
362900 7
363000 6
363100 3
363200 4
363300 7
363400 6
363500 1
363600 2
363700 2
363800 5
363900 8
364000 6
364100 6
364200 8
364300 8
364400 9
364500 6
364600 7
364700 5
364800 5
364900 7
365000 4
365100 5
365200 2
365300 7
365400 11
365500 7
365600 9
365700 14
365800 14
365900 18
366000 15
366100 12
366200 10
366300 10
366400 9
366500 8
366600 8
366700 8
366800 7
366900 4
367000 6
367100 6
367200 5
367300 7
367400 7
367500 7
367600 6
367700 7
367800 7
367900 10
368000 14
368100 10
368200 6
368300 7
368400 8
368500 7
368600 10
368700 13
368800 11
368900 13
369000 10
369100 9
369200 9
369300 4
369400 6
369500 4
369600 1
369700 5
369800 4
369900 6
370000 1
370100 3
370200 5
370300 10
370400 9
370500 10
370600 13
370700 10
370800 6
370900 5
371000 10
371100 7
371200 8
371300 7
371400 9
371500 11
371600 9
371700 13
371800 15
371900 12
372000 10
372100 16
372200 18
372300 12
372400 9
372500 9
372600 7
372700 7
372800 4
372900 5
373000 4
373100 4
373200 4
373300 5
373400 8
373500 3
373600 4
373700 6
373800 7
373900 4
374000 5
374100 3
374200 5
374300 6
374400 6
374500 8
374600 9
374700 9
374800 7
374900 9
375000 7
375100 8
375200 9
375300 10
375400 9
375500 10
375600 13
375700 10
375800 7
375900 8
376000 7
376100 5
376200 8
376300 9
376400 7
376500 8
376600 10
376700 8
376800 5
376900 6
377000 8
377100 7
377200 6
377300 3
377400 5
377500 6
377600 10
377700 6
377800 8
377900 12
378000 5
378100 7
378200 7
378300 8
378400 8
378500 9
378600 4
378700 3
378800 1
378900 6
379000 9
379100 5
379200 5
379300 4
379400 3
379500 9
379600 9
379700 9
379800 13
379900 14
380000 8
380100 10
380200 7
380300 8
380400 6
380500 11
380600 10
380700 6
380800 8
380900 9
381000 13
381100 10
381200 8
381300 6
381400 8
381500 8
381600 9
381700 5
381800 5
381900 4
382000 6
382100 7
382200 3
382300 2
382400 5
382500 9
382600 11
382700 9
382800 13
382900 9
383000 7
383100 11
383200 11
383300 13
383400 11
383500 6
383600 12
383700 6
383800 5
383900 2
384000 3
384100 7
384200 6
384300 6
384400 8
384500 12
384600 13
384700 12
384800 15
384900 11
385000 9
385100 13
385200 6
385300 7
385400 6
385500 11
385600 7
385700 5
385800 5
385900 8
386000 10
386100 11
386200 9
386300 7
386400 7
386500 9
386600 12
386700 10
386800 6
386900 7
387000 5
387100 5
387200 8
387300 8
387400 4
387500 5
387600 8
387700 9
387800 10
387900 8
388000 10
388100 14
388200 8
388300 11
388400 10
388500 4
388600 6
388700 8
388800 8
388900 9
389000 8
389100 6
389200 9
389300 8
389400 8
389500 10
389600 11
389700 10
389800 7
389900 6
390000 8
390100 10
390200 11
390300 8
390400 6
390500 8
390600 6
390700 8
390800 7
390900 2
391000 8
391100 12
391200 11
391300 5
391400 7
391500 8
391600 12
391700 5
391800 6
391900 8
392000 8
392100 5
392200 6
392300 8
392400 5
392500 5
392600 4
392700 5
392800 6
392900 6
393000 6
393100 6
393200 7
393300 5
393400 7
393500 8
393600 11
393700 7
393800 6
393900 3
394000 4
394100 8
394200 5
394300 10
394400 6
394500 7
394600 9
394700 11
394800 10
394900 8
395000 4
395100 6
395200 6
395300 3
395400 5
395500 4
395600 2
395700 5
395800 7
395900 8
396000 13
396100 9
396200 9
396300 8
396400 8
396500 5
396600 9
396700 7
396800 7
396900 4
397000 8
397100 9
397200 7
397300 9
397400 6
397500 8
397600 10
397700 9
397800 4
397900 9
398000 10
398100 7
398200 5
398300 10
398400 8
398500 8
398600 7
398700 11
398800 8
398900 10
399000 9
399100 6
399200 3
399300 7
399400 9
399500 9
399600 8
399700 7
399800 5
399900 5
400000 6
400100 7
400200 9
400300 9
400400 12
400500 9
400600 7
400700 7
400800 6
400900 5
401000 8
401100 12
401200 15
401300 15
401400 11
401500 13
401600 7
401700 9
401800 6
401900 7
402000 8
402100 5
402200 6
402300 10
402400 9
402500 12
402600 12
402700 11
402800 6
402900 8
403000 8
403100 4
403200 5
403300 8
403400 11
403500 8
403600 9
403700 6
403800 5
403900 5
404000 6
404100 8
404200 9
404300 7
404400 7
404500 8
404600 9
404700 11
404800 13
404900 9
405000 9
405100 6
405200 8
405300 4
405400 7
405500 4
405600 3
405700 4
405800 5
405900 11
406000 5
406100 5
406200 4
406300 5
406400 5
406500 11
406600 10
406700 8
406800 8
406900 7
407000 4
407100 1
407200 6
407300 8
407400 8
407500 12
407600 13
407700 10
407800 10
407900 10
408000 10
408100 10
408200 12
408300 13
408400 7
408500 6
408600 6
408700 7
408800 11
408900 8
409000 3
409100 7
409200 10
409300 12
409400 12
409500 11
409600 10
409700 8
409800 7
409900 7
410000 10
410100 7
410200 9
410300 5
410400 6
410500 5
410600 3
410700 1
410800 6
410900 8
411000 8
411100 5
411200 5
411300 7
411400 9
411500 8
411600 9
411700 4
411800 8
411900 7
412000 5
412100 9
412200 10
412300 10
412400 6
412500 6
412600 2
412700 4
412800 7
412900 11
413000 8
413100 7
413200 8
413300 1
413400 2
413500 4
413600 4
413700 7
413800 8
413900 8
414000 5
414100 4
414200 6
414300 7
414400 5
414500 9
414600 6
414700 4
414800 6
414900 8
415000 12
415100 9
415200 10
415300 16
415400 14
415500 12
415600 9
415700 10
415800 6
415900 7
416000 10
416100 8
416200 9
416300 7
416400 6
416500 4
416600 9
416700 8
416800 7
416900 3
417000 4
417100 5
417200 6
417300 9
417400 7
417500 8
417600 10
417700 7
417800 7
417900 6
418000 5
418100 8
418200 6
418300 9
418400 5
418500 10
418600 12
418700 9
418800 10
418900 7
419000 3
419100 7
419200 6
419300 7
419400 9
419500 5
419600 8
419700 11
419800 11
419900 12
420000 8
420100 6
420200 9
420300 6
420400 3
420500 8
420600 8
420700 7
420800 5
420900 5
421000 6
421100 7
421200 5
421300 8
421400 8
421500 4
421600 5
421700 9
421800 11
421900 8
422000 10
422100 10
422200 10
422300 6
422400 5
422500 8
422600 11
422700 10
422800 8
422900 12
423000 9
423100 7
423200 5
423300 7
423400 6
423500 6
423600 6
423700 9
423800 9
423900 5
424000 6
424100 7
424200 8
424300 8
424400 5
424500 8
424600 7
424700 7
424800 10
424900 7
425000 4
425100 9
425200 4
425300 4
425400 9
425500 11
425600 14
425700 11
425800 11
425900 10
426000 6
426100 7
426200 5
426300 5
426400 6
426500 4
426600 9
426700 5
426800 4
426900 8
427000 9
427100 11
427200 12
427300 8
427400 8
427500 8
427600 8
427700 8
427800 6
427900 7
428000 7
428100 9
428200 8
428300 7
428400 7
428500 7
428600 7
428700 5
428800 5
428900 7
429000 11
429100 9
429200 8
429300 12
429400 9
429500 9
429600 7
429700 7
429800 6
429900 6
430000 8
430100 13
430200 14
430300 11
430400 10
430500 9
430600 4
430700 7
430800 8
430900 9
431000 8
431100 7
431200 10
431300 7
431400 7
431500 7
431600 8
431700 6
431800 7
431900 8
432000 12
432100 9
432200 10
432300 9
432400 10
432500 10
432600 12
432700 13
432800 10
432900 11
433000 9
433100 11
433200 11
433300 5
433400 8
433500 9
433600 5
433700 5
433800 9
433900 6
434000 5
434100 6
434200 8
434300 11
434400 9
434500 8
434600 10
434700 14
434800 11
434900 11
435000 8
435100 6
435200 8
435300 7
435400 7
435500 6
435600 4
435700 3
435800 4
435900 4
436000 8
436100 8
436200 4
436300 10
436400 6
436500 8
436600 7
436700 6
436800 3
436900 5
437000 4
437100 8
437200 6
437300 8
437400 4
437500 5
437600 9
437700 6
437800 8
437900 8
438000 7
438100 3
438200 3
438300 7
438400 9
438500 5
438600 7
438700 6
438800 6
438900 8
439000 14
439100 14
439200 14
439300 11
439400 6
439500 7
439600 5
439700 5
439800 6
439900 9
440000 11
440100 11
440200 16
440300 15
440400 12
440500 12
440600 10
440700 10
440800 6
440900 4
441000 4
441100 6
441200 6
441300 7
441400 5
441500 7
441600 6
441700 6
441800 7
441900 9
442000 9
442100 8
442200 5
442300 8
442400 8
442500 9
442600 7
442700 5
442800 9
442900 13
443000 6
443100 10
443200 11
443300 11
443400 11
443500 9
443600 8
443700 9
443800 7
443900 3
444000 3
444100 4
444200 3
444300 1
444400 6
444500 4
444600 6
444700 8
444800 7
444900 6
445000 6
445100 7
445200 5
445300 4
445400 3
445500 4
445600 1
445700 5
445800 8
445900 10
446000 11
446100 11
446200 9
446300 10
446400 9
446500 8
446600 10
446700 11
446800 11
446900 14
447000 14
447100 18
447200 14
447300 14
447400 16
447500 14
447600 19
447700 13
447800 15
447900 9
448000 7
448100 3
448200 3
448300 7
448400 6
448500 6
448600 5
448700 5
448800 4
448900 7
449000 9
449100 10
449200 7
449300 6
449400 9
449500 11
449600 11
449700 9
449800 11
449900 8
450000 13
450100 17
450200 12
450300 13
450400 11
450500 15
450600 12
450700 13
450800 13
450900 12
451000 7
451100 8
451200 7
451300 8
451400 7
451500 8
451600 4
451700 7
451800 9
451900 9
452000 7
452100 4
452200 8
452300 12
452400 14
452500 9
452600 8
452700 9
452800 9
452900 9
453000 7
453100 11
453200 11
453300 9
453400 8
453500 4
453600 8
453700 7
453800 7
453900 6
454000 4
454100 7
454200 9
454300 11
454400 13
454500 10
454600 6
454700 6
454800 8
454900 10
455000 10
455100 10
455200 9
455300 10
455400 9
455500 7
455600 12
455700 14
455800 11
455900 9
456000 6
456100 7
456200 6
456300 1
456400 5
456500 6
456600 10
456700 14
456800 10
456900 8
457000 8
457100 8
457200 4
457300 7
457400 7
457500 10
457600 11
457700 10
457800 11
457900 9
458000 8
458100 8
458200 5
458300 3
458400 5
458500 7
458600 7
458700 8
458800 6
458900 8
459000 6
459100 5
459200 10
459300 6
459400 6
459500 5
459600 4
459700 5
459800 7
459900 5
460000 7
460100 10
460200 8
460300 13
460400 12
460500 9
460600 10
460700 11
460800 11
460900 8
461000 10
461100 3
461200 5
461300 4
461400 5
461500 5
461600 2
461700 4
461800 8
461900 8
462000 5
462100 6
462200 7
462300 11
462400 7
462500 6
462600 6
462700 11
462800 12
462900 13
463000 8
463100 8
463200 5
463300 9
463400 9
463500 14
463600 12
463700 13
463800 10
463900 7
464000 9
464100 7
464200 9
464300 9
464400 7
464500 8
464600 11
464700 10
464800 8
464900 6
465000 6
465100 5
465200 6
465300 2
465400 9
465500 5
465600 9
465700 9
465800 6
465900 6
466000 11
466100 10
466200 9
466300 13
466400 13
466500 10
466600 10
466700 12
466800 6
466900 8
467000 9
467100 11
467200 13
467300 8
467400 10
467500 8
467600 5
467700 11
467800 6
467900 12
468000 12
468100 13
468200 14
468300 12
468400 11
468500 9
468600 8
468700 8
468800 8
468900 9
469000 10
469100 7
469200 8
469300 10
469400 9
469500 6
469600 7
469700 6
469800 8
469900 6
470000 7
470100 11
470200 9
470300 11
470400 10
470500 7
470600 9
470700 3
470800 3
470900 4
471000 7
471100 6
471200 6
471300 6
471400 9
471500 9
471600 7
471700 6
471800 6
471900 8
472000 8
472100 10
472200 7
472300 8
472400 8
472500 9
472600 7
472700 6
472800 9
472900 5
473000 9
473100 9
473200 8
473300 8
473400 10
473500 13
473600 11
473700 12
473800 9
473900 8
474000 12
474100 19
474200 14
474300 13
474400 11
474500 9
474600 8
474700 9
474800 7
474900 7
475000 7
475100 6
475200 14
475300 13
475400 14
475500 11
475600 11
475700 7
475800 7
475900 5
476000 8
476100 6
476200 8
476300 10
476400 10
476500 8
476600 10
476700 10
476800 9
476900 13
477000 11
477100 12
477200 8
477300 6
477400 13
477500 7
477600 13
477700 8
477800 10
477900 15
478000 16
478100 12
478200 11
478300 10
478400 12
478500 8
478600 9
478700 9
478800 7
478900 11
479000 11
479100 10
479200 13
479300 9
479400 11
479500 9
479600 7
479700 7
479800 10
479900 11
480000 10
480100 11
480200 9
480300 8
480400 7
480500 6
480600 14
480700 16
480800 14
480900 8
481000 7
481100 7
481200 6
481300 4
481400 3
481500 8
481600 11
481700 9
481800 7
481900 9
482000 8
482100 8
482200 7
482300 10
482400 11
482500 13
482600 10
482700 8
482800 5
482900 7
483000 7
483100 8
483200 5
483300 4
483400 9
483500 8
483600 8
483700 4
483800 5
483900 6
484000 8
484100 6
484200 11
484300 13
484400 12
484500 14
484600 11
484700 13
484800 9
484900 10
485000 7
485100 9
485200 8
485300 5
485400 7
485500 6
485600 5
485700 5
485800 7
485900 9
486000 5
486100 7
486200 12
486300 8
486400 7
486500 9
486600 9
486700 7
486800 11
486900 8
487000 10
487100 8
487200 6
487300 7
487400 3
487500 3
487600 1
487700 5
487800 7
487900 6
488000 6
488100 9
488200 10
488300 7
488400 6
488500 8
488600 7
488700 9
488800 7
488900 8
489000 10
489100 9
489200 5
489300 9
489400 7
489500 5
489600 8
489700 11
489800 7
489900 12
490000 6
490100 9
490200 8
490300 8
490400 6
490500 3
490600 2
490700 4
490800 3
490900 8
491000 6
491100 10
491200 8
491300 9
491400 9
491500 7
491600 8
491700 5
491800 9
491900 15
492000 17
492100 14
492200 10
492300 10
492400 8
492500 8
492600 8
492700 9
492800 9
492900 8
493000 12
493100 11
493200 9
493300 9
493400 12
493500 12
493600 6
493700 7
493800 10
493900 7
494000 7
494100 5
494200 7
494300 10
494400 9
494500 8
494600 7
494700 5
494800 6
494900 7
495000 12
495100 9
495200 9
495300 8
495400 5
495500 6
495600 7
495700 9
495800 9
495900 7
496000 8
496100 4
496200 7
496300 8
496400 9
496500 11
496600 10
496700 4
496800 9
496900 10
497000 10
497100 7
497200 5
497300 9
497400 9
497500 9
497600 8
497700 10
497800 9
497900 5
498000 5
498100 8
498200 8
498300 6
498400 11
498500 8
498600 8
498700 6
498800 6
498900 6
499000 6
499100 6
499200 7
499300 4
499400 10
499500 18
499600 14
499700 7
499800 5
499900 7
500000 10
500100 11
500200 12
500300 12
500400 9
500500 11
500600 6
500700 11
500800 7
500900 9
501000 4
501100 6
501200 2
501300 5
501400 6
501500 8
501600 6
501700 5
501800 8
501900 8
502000 6
502100 8
502200 5
502300 6
502400 8
502500 8
502600 9
502700 10
502800 9
502900 14
503000 12
503100 9
503200 7
503300 11
503400 11
503500 7
503600 13
503700 9
503800 9
503900 4
504000 3
504100 7
504200 9
504300 5
504400 6
504500 8
504600 11
504700 8
504800 12
504900 12
505000 11
505100 7
505200 4
505300 6
505400 9
505500 9
505600 7
505700 8
505800 8
505900 8
506000 12
506100 13
506200 12
506300 10
506400 13
506500 12
506600 12
506700 12
506800 10
506900 7
507000 6
507100 3
507200 5
507300 6
507400 12
507500 10
507600 7
507700 6
507800 7
507900 10
508000 10
508100 9
508200 8
508300 7
508400 8
508500 9
508600 9
508700 11
508800 9
508900 10
509000 11
509100 12
509200 10
509300 11
509400 7
509500 7
509600 5
509700 4
509800 7
509900 7
510000 7
510100 8
510200 11
510300 12
510400 11
510500 12
510600 10
510700 8
510800 10
510900 6
511000 5
511100 6
511200 8
511300 11
511400 11
511500 6
511600 7
511700 7
511800 4
511900 9
512000 5
512100 2
512200 6
512300 8
512400 7
512500 9
512600 8
512700 8
512800 4
512900 5
513000 7
513100 7
513200 4
513300 4
513400 4
513500 6
513600 9
513700 6
513800 6
513900 11
514000 13
514100 16
514200 11
514300 13
514400 6
514500 9
514600 9
514700 9
514800 9
514900 9
515000 7
515100 8
515200 8
515300 7
515400 5
515500 10
515600 6
515700 8
515800 14
515900 13
516000 9
516100 10
516200 13
516300 13
516400 12
516500 14
516600 13
516700 9
516800 5
516900 7
517000 7
517100 6
517200 8
517300 10
517400 8
517500 8
517600 5
517700 11
517800 13
517900 10
518000 9
518100 9
518200 7
518300 6
518400 8
518500 4
518600 10
518700 13
518800 13
518900 10
519000 7
519100 7
519200 4
519300 8
519400 10
519500 13
519600 13
519700 13
519800 10
519900 9
520000 11
520100 14
520200 11
520300 7
520400 6
520500 7
520600 9
520700 10
520800 4
520900 7
521000 5
521100 9
521200 9
521300 7
521400 6
521500 10
521600 8
521700 11
521800 8
521900 8
522000 10
522100 13
522200 11
522300 5
522400 4
522500 8
522600 7
522700 7
522800 9
522900 6
523000 9
523100 8
523200 3
523300 5
523400 4
523500 6
523600 5
523700 8
523800 8
523900 7
524000 6
524100 6
524200 5
524300 5
524400 7
524500 6
524600 5
524700 6
524800 6
524900 9
525000 14
525100 13
525200 9
525300 11
525400 3
525500 2
525600 8
525700 7
525800 9
525900 13
526000 11
526100 8
526200 8
526300 9
526400 9
526500 6
526600 4
526700 4
526800 5
526900 3
527000 5
527100 5
527200 4
527300 6
527400 9
527500 11
527600 9
527700 11
527800 8
527900 11
528000 6
528100 5
528200 7
528300 5
528400 9
528500 6
528600 2
528700 10
528800 10
528900 12
529000 13
529100 16
529200 13
529300 17
529400 14
529500 9
529600 9
529700 7
529800 5
529900 6
530000 5
530100 9
530200 8
530300 8
530400 9
530500 12
530600 8
530700 8
530800 7
530900 8
531000 6
531100 6
531200 8
531300 6
531400 2
531500 5
531600 5
531700 7
531800 7
531900 5
532000 7
532100 4
532200 7
532300 10
532400 12
532500 7
532600 8
532700 7
532800 7
532900 8
533000 7
533100 8
533200 8
533300 6
533400 3
533500 5
533600 8
533700 8
533800 10
533900 11
534000 14
534100 8
534200 9
534300 11
534400 13
534500 14
534600 11
534700 10
534800 9
534900 7
535000 9
535100 5
535200 7
535300 6
535400 3
535500 9
535600 7
535700 7
535800 4
535900 7
536000 6
536100 6
536200 5
536300 5
536400 3
536500 8
536600 10
536700 10
536800 6
536900 5
537000 9
537100 11
537200 9
537300 5
537400 6
537500 7
537600 10
537700 8
537800 7
537900 9
538000 7
538100 10
538200 8
538300 5
538400 2
538500 4
538600 8
538700 6
538800 8
538900 8
539000 3
539100 6
539200 9
539300 7
539400 11
539500 10
539600 5
539700 5
539800 5
539900 5
540000 6
540100 10
540200 6
540300 6
540400 8
540500 8
540600 7
540700 5
540800 7
540900 6
541000 14
541100 13
541200 5
541300 6
541400 5
541500 7
541600 4
541700 9
541800 12
541900 13
542000 11
542100 15
542200 11
542300 13
542400 11
542500 13
542600 9
542700 6
542800 7
542900 6
543000 9
543100 9
543200 8
543300 5
543400 7
543500 8
543600 7
543700 12
543800 5
543900 7
544000 2
544100 7
544200 9
544300 9
544400 8
544500 7
544600 8
544700 7
544800 8
544900 6
545000 8
545100 10
545200 11
545300 10
545400 11
545500 10
545600 10
545700 11
545800 7
545900 11
546000 10
546100 11
546200 12
546300 11
546400 10
546500 10
546600 10
546700 11
546800 8
546900 8
547000 4
547100 9
547200 5
547300 7
547400 5
547500 5
547600 5
547700 6
547800 8
547900 9
548000 10
548100 6
548200 5
548300 5
548400 8
548500 9
548600 7
548700 5
548800 5
548900 5
549000 10
549100 9
549200 9
549300 7
549400 6
549500 9
549600 11
549700 10
549800 14
549900 12
550000 6
550100 5
550200 5
550300 8
550400 8
550500 6
550600 7
550700 10
550800 15
550900 12
551000 9
551100 7
551200 7
551300 6
551400 8
551500 8
551600 9
551700 10
551800 12
551900 9
552000 13
552100 9
552200 10
552300 10
552400 10
552500 7
552600 13
552700 12
552800 10
552900 11
553000 11
553100 9
553200 9
553300 11
553400 11
553500 9
553600 7
553700 8
553800 12
553900 7
554000 6
554100 9
554200 8
554300 5
554400 4
554500 4
554600 4
554700 7
554800 8
554900 9
555000 10
555100 5
555200 9
555300 7
555400 4
555500 7
555600 8
555700 10
555800 4
555900 4
556000 7
556100 8
556200 7
556300 9
556400 12
556500 15
556600 14
556700 15
556800 13
556900 12
557000 10
557100 9
557200 12
557300 15
557400 11
557500 12
557600 10
557700 10
557800 10
557900 10
558000 12
558100 9
558200 11
558300 12
558400 9
558500 8
558600 13
558700 10
558800 7
558900 9
559000 12
559100 11
559200 10
559300 10
559400 10
559500 8
559600 2
559700 4
559800 6
559900 9
560000 11
560100 9
560200 12
560300 11
560400 9
560500 8
560600 8
560700 9
560800 9
560900 11
561000 10
561100 7
561200 9
561300 9
561400 13
561500 9
561600 9
561700 7
561800 7
561900 8
562000 9
562100 8
562200 9
562300 8
562400 8
562500 5
562600 7
562700 8
562800 8
562900 9
563000 8
563100 11
563200 9
563300 9
563400 5
563500 3
563600 5
563700 8
563800 8
563900 7
564000 10
564100 5
564200 9
564300 7
564400 9
564500 9
564600 10
564700 11
564800 7
564900 11
565000 8
565100 6
565200 6
565300 9
565400 5
565500 7
565600 7
565700 9
565800 11
565900 9
566000 13
566100 11
566200 11
566300 9
566400 7
566500 9
566600 9
566700 7
566800 8
566900 9
567000 10
567100 12
567200 10
567300 8
567400 9
567500 12
567600 10
567700 10
567800 9
567900 7
568000 9
568100 6
568200 5
568300 5
568400 5
568500 7
568600 4
568700 3
568800 3
568900 6
569000 6
569100 7
569200 8
569300 7
569400 6
569500 5
569600 6
569700 4
569800 8
569900 9
570000 4
570100 5
570200 7
570300 6
570400 8
570500 10
570600 7
570700 8
570800 8
570900 10
571000 10
571100 12
571200 6
571300 6
571400 8
571500 5
571600 6
571700 11
571800 10
571900 12
572000 11
572100 12
572200 10
572300 10
572400 13
572500 9
572600 7
572700 4
572800 6
572900 4
573000 3
573100 6
573200 2
573300 8
573400 9
573500 5
573600 8
573700 10
573800 8
573900 10
574000 8
574100 8
574200 8
574300 9
574400 9
574500 6
574600 6
574700 1
574800 8
574900 6
575000 7
575100 5
575200 10
575300 7
575400 6
575500 4
575600 5
575700 8
575800 8
575900 6
576000 9
576100 11
576200 12
576300 13
576400 10
576500 8
576600 6
576700 7
576800 11
576900 7
577000 9
577100 7
577200 5
577300 7
577400 9
577500 12
577600 8
577700 7
577800 5
577900 6
578000 6
578100 9
578200 9
578300 4
578400 6
578500 8
578600 4
578700 4
578800 3
578900 4
579000 7
579100 7
579200 10
579300 6
579400 8
579500 11
579600 12
579700 12
579800 7
579900 4
580000 4
580100 6
580200 8
580300 13
580400 15
580500 12
580600 6
580700 6
580800 2
580900 8
581000 4
581100 8
581200 6
581300 6
581400 6
581500 6
581600 8
581700 11
581800 13
581900 13
582000 15
582100 7
582200 8
582300 11
582400 12
582500 11
582600 13
582700 11
582800 4
582900 5
583000 3
583100 4
583200 11
583300 9
583400 13
583500 13
583600 16
583700 10
583800 6
583900 10
584000 11
584100 12
584200 13
584300 13
584400 11
584500 11
584600 8
584700 9
584800 7
584900 9
585000 9
585100 6
585200 6
585300 6
585400 11
585500 9
585600 9
585700 7
585800 11
585900 10
586000 7
586100 7
586200 6
586300 6
586400 9
586500 9
586600 11
586700 10
586800 9
586900 6
587000 4
587100 4
587200 6
587300 6
587400 4
587500 3
587600 4
587700 7
587800 9
587900 8
588000 9
588100 8
588200 6
588300 9
588400 11
588500 10
588600 8
588700 5
588800 5
588900 3
589000 1
589100 3
589200 6
589300 10
589400 8
589500 6
589600 7
589700 5
589800 7
589900 7
590000 7
590100 9
590200 4
590300 3
590400 2
590500 9
590600 12
590700 4
590800 7
590900 10
591000 10
591100 8
591200 8
591300 7
591400 6
591500 7
591600 9
591700 10
591800 12
591900 11
592000 9
592100 12
592200 13
592300 17
592400 12
592500 8
592600 4
592700 6
592800 10
592900 15
593000 12
593100 13
593200 9
593300 9
593400 5
593500 3
593600 5
593700 6
593800 6
593900 6
594000 5
594100 7
594200 9
594300 10
594400 14
594500 16
594600 13
594700 14
594800 14
594900 9
595000 7
595100 9
595200 6
595300 10
595400 10
595500 6
595600 13
595700 8
595800 9
595900 10
596000 9
596100 8
596200 10
596300 11
596400 8
596500 5
596600 4
596700 3
596800 5
596900 3
597000 2
597100 9
597200 6
597300 7
597400 10
597500 4
597600 7
597700 5
597800 8
597900 6
598000 5
598100 7
598200 9
598300 13
598400 12
598500 9
598600 5
598700 6
598800 4
598900 10
599000 12
599100 13
599200 12
599300 7
599400 5
599500 8
599600 6
599700 6
599800 5
599900 6
600000 8
600100 8
600200 7
600300 6
600400 10
600500 6
600600 7
600700 9
600800 11
600900 11
601000 9
601100 6
601200 9
601300 8
601400 5
601500 6
601600 8
601700 6
601800 7
601900 6
602000 10
602100 9
602200 10
602300 10
602400 6
602500 6
602600 6
602700 8
602800 8
602900 6
603000 6
603100 7
603200 7
603300 10
603400 8
603500 8
603600 12
603700 8
603800 10
603900 6
604000 5
604100 6
604200 6
604300 10
604400 8
604500 10
604600 9
604700 9
604800 8
604900 6
605000 6
605100 7
605200 5
605300 8
605400 6
605500 5
605600 7
605700 11
605800 6
605900 12
606000 14
606100 13
606200 10
606300 11
606400 7
606500 9
606600 8
606700 9
606800 6
606900 7
607000 6
607100 7
607200 11
607300 10
607400 9
607500 9
607600 6
607700 10
607800 11
607900 5
608000 10
608100 6
608200 8
608300 10
608400 9
608500 7
608600 11
608700 9
608800 7
608900 6
609000 7
609100 7
609200 6
609300 4
609400 2
609500 6
609600 11
609700 7
609800 6
609900 7
610000 9
610100 9
610200 6
610300 6
610400 8
610500 7
610600 6
610700 9
610800 8
610900 6
611000 4
611100 4
611200 11
611300 7
611400 8
611500 7
611600 7
611700 8
611800 10
611900 7
612000 6
612100 4
612200 4
612300 7
612400 8
612500 9
612600 8
612700 6
612800 2
612900 2
613000 6
613100 3
613200 5
613300 7
613400 9
613500 13
613600 6
613700 8
613800 6
613900 8
614000 7
614100 9
614200 6
614300 7
614400 7
614500 9
614600 10
614700 6
614800 5
614900 3
615000 7
615100 10
615200 9
615300 7
615400 4
615500 7
615600 10
615700 5
615800 7
615900 5
616000 5
616100 3
616200 4
616300 8
616400 9
616500 10
616600 7
616700 7
616800 11
616900 13
617000 11
617100 9
617200 11
617300 5
617400 6
617500 6
617600 4
617700 3
617800 6
617900 7
618000 4
618100 9
618200 4
618300 5
618400 6
618500 6
618600 4
618700 5
618800 5
618900 4
619000 7
619100 8
619200 5
619300 4
619400 6
619500 7
619600 9
619700 6
619800 5
619900 7
620000 6
620100 5
620200 8
620300 12
620400 15
620500 12
620600 14
620700 14
620800 8
620900 6
621000 7
621100 9
621200 10
621300 10
621400 11
621500 8
621600 8
621700 8
621800 8
621900 8
622000 4
622100 6
622200 5
622300 4
622400 6
622500 8
622600 9
622700 5
622800 2
622900 5
623000 8
623100 6
623200 4
623300 2
623400 5
623500 6
623600 9
623700 10
623800 8
623900 9
624000 7
624100 6
624200 8
624300 6
624400 7
624500 9
624600 6
624700 7
624800 7
624900 8
625000 14
625100 12
625200 8
625300 7
625400 9
625500 7
625600 4
625700 3
625800 6
625900 5
626000 7
626100 8
626200 9
626300 7
626400 9
626500 10
626600 11
626700 12
626800 12
626900 13
627000 13
627100 13
627200 12
627300 9
627400 6
627500 5
627600 4
627700 6
627800 4
627900 4
628000 7
628100 9
628200 11
628300 11
628400 11
628500 10
628600 14
628700 10
628800 6
628900 3
629000 8
629100 8
629200 10
629300 10
629400 11
629500 6
629600 8
629700 6
629800 7
629900 7
630000 8
630100 9
630200 10
630300 10
630400 10
630500 7
630600 7
630700 5
630800 4
630900 8
631000 10
631100 8
631200 11
631300 10
631400 7
631500 7
631600 8
631700 10
631800 12
631900 13
632000 12
632100 12
632200 9
632300 11
632400 10
632500 9
632600 6
632700 8
632800 5
632900 10
633000 11
633100 9
633200 14
633300 8
633400 4
633500 9
633600 5
633700 4
633800 9
633900 10
634000 5
634100 7
634200 5
634300 7
634400 7
634500 8
634600 9
634700 5
634800 8
634900 8
635000 8
635100 10
635200 12
635300 14
635400 14
635500 11
635600 9
635700 5
635800 9
635900 7
636000 5
636100 5
636200 4
636300 9
636400 8
636500 11
636600 9
636700 10
636800 6
636900 9
637000 9
637100 7
637200 5
637300 5
637400 3
637500 6
637600 5
637700 8
637800 10
637900 14
638000 6
638100 10
638200 7
638300 6
638400 8
638500 10
638600 9
638700 8
638800 9
638900 9
639000 5
639100 3
639200 5
639300 7
639400 5
639500 6
639600 9
639700 8
639800 9
639900 8
640000 8
640100 7
640200 10
640300 6
640400 6
640500 3
640600 5
640700 8
640800 9
640900 8
641000 8
641100 8
641200 8
641300 7
641400 9
641500 12
641600 11
641700 9
641800 4
641900 8
642000 7
642100 7
642200 4
642300 9
642400 7
642500 10
642600 6
642700 5
642800 5
642900 11
643000 9
643100 12
643200 5
643300 12
643400 13
643500 10
643600 8
643700 10
643800 7
643900 7
644000 3
644100 6
644200 5
644300 4
644400 5
644500 8
644600 10
644700 11
644800 10
644900 7
645000 5
645100 6
645200 11
645300 11
645400 11
645500 8
645600 8
645700 7
645800 6
645900 8
646000 7
646100 10
646200 7
646300 9
646400 9
646500 7
646600 6
646700 8
646800 10
646900 9
647000 4
647100 8
647200 8
647300 7
647400 8
647500 8
647600 11
647700 12
647800 8
647900 5
648000 7
648100 9
648200 9
648300 7
648400 7
648500 3
648600 5
648700 11
648800 14
648900 11
649000 12
649100 11
649200 8
649300 6
649400 8
649500 6
649600 7
649700 7
649800 7
649900 7
650000 12
650100 9
650200 8
650300 9
650400 13
650500 9
650600 9
650700 11
650800 10
650900 7
651000 7
651100 9
651200 8
651300 11
651400 7
651500 4
651600 7
651700 9
651800 9
651900 7
652000 9
652100 9
652200 8
652300 5
652400 7
652500 9
652600 12
652700 10
652800 11
652900 12
653000 10
653100 7
653200 5
653300 3
653400 4
653500 5
653600 4
653700 10
653800 11
653900 8
654000 8
654100 8
654200 9
654300 12
654400 8
654500 6
654600 12
654700 10
654800 8
654900 8
655000 6
655100 4
655200 4
655300 5
655400 6
655500 6
655600 6
655700 9
655800 11
655900 11
656000 11
656100 11
656200 11
656300 9
656400 11
656500 9
656600 9
656700 10
656800 5
656900 3
657000 6
657100 6
657200 6
657300 6
657400 3
657500 5
657600 6
657700 10
657800 8
657900 4
658000 7
658100 11
658200 5
658300 8
658400 10
658500 11
658600 8
658700 10
658800 10
658900 7
659000 7
659100 7
659200 8
659300 7
659400 4
659500 3
659600 7
659700 8
659800 8
659900 7
660000 7
660100 6
660200 8
660300 10
660400 10
660500 8
660600 9
660700 12
660800 10
660900 9
661000 10
661100 7
661200 5
661300 4
661400 6
661500 8
661600 7
661700 8
661800 10
661900 14
662000 13
662100 9
662200 9
662300 6
662400 4
662500 8
662600 4
662700 7
662800 9
662900 9
663000 8
663100 6
663200 9
663300 7
663400 5
663500 7
663600 9
663700 9
663800 13
663900 8
664000 12
664100 13
664200 13
664300 9
664400 9
664500 11
664600 9
664700 7
664800 8
664900 3
665000 2
665100 1
665200 8
665300 11
665400 6
665500 7
665600 9
665700 8
665800 4
665900 6
666000 10
666100 10
666200 8
666300 11
666400 5
666500 5
666600 7
666700 8
666800 6
666900 7
667000 5
667100 10
667200 9
667300 5
667400 4
667500 4
667600 5
667700 6
667800 7
667900 5
668000 4
668100 6
668200 8
668300 11
668400 5
668500 7
668600 4
668700 5
668800 9
668900 10
669000 9
669100 9
669200 7
669300 7
669400 8
669500 12
669600 13
669700 15
669800 12
669900 10
670000 12
670100 10
670200 9
670300 11
670400 10
670500 11
670600 13
670700 13
670800 6
670900 10
671000 4
671100 4
671200 6
671300 5
671400 3
671500 3
671600 7
671700 9
671800 9
671900 8
672000 8
672100 10
672200 15
672300 16
672400 12
672500 11
672600 11
672700 5
672800 8
672900 9
673000 4
673100 4
673200 7
673300 5
673400 5
673500 6
673600 10
673700 11
673800 6
673900 5
674000 5
674100 6
674200 4
674300 10
674400 8
674500 6
674600 8
674700 12
674800 8
674900 13
675000 15
675100 16
675200 16
675300 14
675400 12
675500 12
675600 11
675700 6
675800 4
675900 6
676000 6
676100 6
676200 11
676300 11
676400 17
676500 14
676600 14
676700 12
676800 14
676900 13
677000 13
677100 10
677200 9
677300 8
677400 10
677500 10
677600 8
677700 8
677800 8
677900 8
678000 7
678100 8
678200 11
678300 11
678400 10
678500 11
678600 10
678700 10
678800 12
678900 12
679000 9
679100 11
679200 8
679300 9
679400 12
679500 13
679600 11
679700 10
679800 10
679900 7
680000 3
680100 8
680200 7
680300 10
680400 12
680500 8
680600 6
680700 9
680800 7
680900 6
681000 6
681100 7
681200 9
681300 10
681400 7
681500 7
681600 9
681700 11
681800 8
681900 7
682000 8
682100 7
682200 7
682300 11
682400 14
682500 7
682600 6
682700 4
682800 5
682900 5
683000 9
683100 9
683200 8
683300 7
683400 5
683500 7
683600 3
683700 2
683800 5
683900 6
684000 6
684100 5
684200 6
684300 7
684400 7
684500 6
684600 6
684700 5
684800 4
684900 3
685000 7
685100 7
685200 7
685300 4
685400 6
685500 10
685600 5
685700 5
685800 8
685900 6
686000 9
686100 9
686200 10
686300 6
686400 2
686500 4
686600 7
686700 8
686800 5
686900 8
687000 4
687100 3
687200 5
687300 5
687400 10
687500 6
687600 10
687700 10
687800 11
687900 8
688000 9
688100 11
688200 13
688300 11
688400 10
688500 12
688600 16
688700 18
688800 15
688900 18
689000 15
689100 9
689200 7
689300 3
689400 6
689500 9
689600 12
689700 11
689800 11
689900 12
690000 8
690100 11
690200 12
690300 13
690400 7
690500 7
690600 9
690700 6
690800 12
690900 13
691000 13
691100 13
691200 11
691300 16
691400 17
691500 14
691600 11
691700 9
691800 12
691900 10
692000 11
692100 10
692200 6
692300 6
692400 8
692500 12
692600 12
692700 10
692800 8
692900 12
693000 9
693100 10
693200 13
693300 10
693400 11
693500 7
693600 4
693700 7
693800 4
693900 8
694000 8
694100 11
694200 9
694300 7
694400 10
694500 8
694600 8
694700 10
694800 14
694900 9
695000 9
695100 9
695200 9
695300 9
695400 9
695500 9
695600 8
695700 6
695800 7
695900 6
696000 4
696100 6
696200 6
696300 7
696400 11
696500 8
696600 5
696700 7
696800 10
696900 9
697000 10
697100 7
697200 5
697300 7
697400 11
697500 6
697600 7
697700 10
697800 6
697900 10
698000 6
698100 9
698200 10
698300 15
698400 15
698500 13
698600 12
698700 12
698800 13
698900 7
699000 11
699100 9
699200 7
699300 3
699400 4
699500 6
699600 10
699700 10
699800 7
699900 8
700000 9
700100 7
700200 9
700300 12
700400 9
700500 13
700600 11
700700 11
700800 9
700900 4
701000 3
701100 2
701200 5
701300 6
701400 4
701500 6
701600 3
701700 8
701800 12
701900 11
702000 10
702100 9
702200 8
702300 5
702400 6
702500 6
702600 5
702700 5
702800 4
702900 3
703000 6
703100 6
703200 6
703300 4
703400 1
703500 3
703600 4
703700 7
703800 7
703900 8
704000 10
704100 10
704200 11
704300 10
704400 9
704500 10
704600 6
704700 11
704800 10
704900 13
705000 12
705100 9
705200 9
705300 6
705400 7
705500 6
705600 8
705700 9
705800 6
705900 4
706000 1
706100 4
706200 4
706300 6
706400 11
706500 9
706600 6
706700 8
706800 3
706900 3
707000 2
707100 4
707200 4
707300 5
707400 6
707500 8
707600 8
707700 6
707800 11
707900 10
708000 13
708100 11
708200 9
708300 6
708400 8
708500 9
708600 8
708700 8
708800 9
708900 15
709000 13
709100 10
709200 5
709300 7
709400 8
709500 6
709600 5
709700 5
709800 5
709900 7
710000 8
710100 5
710200 3
710300 6
710400 6
710500 8
710600 6
710700 8
710800 7
710900 11
711000 10
711100 11
711200 14
711300 14
711400 11
711500 9
711600 8
711700 6
711800 9
711900 11
712000 7
712100 8
712200 7
712300 3
712400 6
712500 8
712600 6
712700 8
712800 11
712900 10
713000 9
713100 7
713200 4
713300 8
713400 10
713500 10
713600 7
713700 5
713800 4
713900 5
714000 4
714100 4
714200 4
714300 8
714400 3
714500 7
714600 9
714700 5
714800 6
714900 4
715000 7
715100 7
715200 6
715300 7
715400 9
715500 7
715600 8
715700 8
715800 5
715900 6
716000 5
716100 10
716200 5
716300 6
716400 7
716500 8
716600 7
716700 6
716800 8
716900 15
717000 10
717100 8
717200 8
717300 7
717400 7
717500 9
717600 11
717700 5
717800 3
717900 6
718000 9
718100 12
718200 10
718300 8
718400 9
718500 6
718600 8
718700 11
718800 11
718900 10
719000 10
719100 9
719200 12
719300 8
719400 10
719500 6
719600 7
719700 10
719800 10
719900 8
720000 6
720100 10
720200 8
720300 11
720400 13
720500 13
720600 13
720700 10
720800 9
720900 11
721000 6
721100 9
721200 5
721300 6
721400 4
721500 4
721600 5
721700 5
721800 7
721900 5
722000 6
722100 4
722200 11
722300 14
722400 15
722500 15
722600 12
722700 12
722800 8
722900 7
723000 8
723100 8
723200 9
723300 8
723400 9
723500 8
723600 11
723700 8
723800 8
723900 6
724000 8
724100 6
724200 9
724300 7
724400 8
724500 6
724600 5
724700 7
724800 7
724900 9
725000 9
725100 10
725200 10
725300 9
725400 7
725500 8
725600 7
725700 5
725800 3
725900 6
726000 7
726100 8
726200 13
726300 12
726400 8
726500 8
726600 8
726700 9
726800 3
726900 5
727000 7
727100 12
727200 16
727300 13
727400 10
727500 8
727600 8
727700 8
727800 5
727900 4
728000 10
728100 9
728200 7
728300 12
728400 10
728500 6
728600 6
728700 5
728800 6
728900 8
729000 11
729100 14
729200 14
729300 8
729400 9
729500 5
729600 7
729700 5
729800 5
729900 7
730000 8
730100 4
730200 7
730300 6
730400 7
730500 8
730600 7
730700 7
730800 8
730900 8
731000 9
731100 11
731200 11
731300 10
731400 6
731500 9
731600 8
731700 8
731800 10
731900 9
732000 9
732100 12
732200 11
732300 9
732400 7
732500 5
732600 10
732700 7
732800 7
732900 10
733000 9
733100 5
733200 7
733300 6
733400 6
733500 6
733600 9
733700 8
733800 10
733900 7
734000 7
734100 7
734200 6
734300 5
734400 4
734500 7
734600 5
734700 7
734800 5
734900 6
735000 6
735100 7
735200 7
735300 11
735400 7
735500 8
735600 10
735700 11
735800 15
735900 10
736000 9
736100 5
736200 3
736300 7
736400 6
736500 11
736600 8
736700 6
736800 5
736900 3
737000 4
737100 2
737200 5
737300 7
737400 11
737500 10
737600 11
737700 8
737800 9
737900 7
738000 10
738100 8
738200 4
738300 4
738400 4
738500 4
738600 9
738700 6
738800 6
738900 8
739000 4
739100 8
739200 5
739300 6
739400 6
739500 7
739600 4
739700 7
739800 11
739900 11
740000 12
740100 10
740200 12
740300 11
740400 12
740500 9
740600 9
740700 9
740800 6
740900 3
741000 6
741100 4
741200 5
741300 4
741400 4
741500 2
741600 4
741700 5
741800 6
741900 7
742000 6
742100 5
742200 7
742300 5
742400 8
742500 5
742600 9
742700 7
742800 7
742900 8
743000 3
743100 7
743200 8
743300 4
743400 9
743500 8
743600 4
743700 4
743800 6
743900 7
744000 6
744100 8
744200 10
744300 8
744400 4
744500 9
744600 9
744700 10
744800 9
744900 6
745000 7
745100 5
745200 5
745300 10
745400 7
745500 8
745600 9
745700 9
745800 7
745900 8
746000 10
746100 7
746200 5
746300 9
746400 10
746500 10
746600 12
746700 10
746800 9
746900 7
747000 10
747100 6
747200 9
747300 12
747400 10
747500 10
747600 7
747700 10
747800 13
747900 13
748000 11
748100 15
748200 12
748300 11
748400 17
748500 19
748600 15
748700 13
748800 9
748900 10
749000 6
749100 2
749200 6
749300 9
749400 5
749500 4
749600 8
749700 6
749800 7
749900 5
750000 7
750100 6
750200 6
750300 8
750400 6
750500 7
750600 8
750700 6
750800 5
750900 6
751000 7
751100 2
751200 9
751300 6
751400 4
751500 10
751600 9
751700 11
751800 6
751900 4
752000 10
752100 1
752200 7
752300 5
752400 9
752500 7
752600 6
752700 10
752800 5
752900 6
753000 8
753100 7
753200 8
753300 10
753400 8
753500 10
753600 9
753700 10
753800 12
753900 17
754000 17
754100 14
754200 12
754300 13
754400 9
754500 5
754600 5
754700 1
754800 4
754900 12
755000 11
755100 9
755200 9
755300 9
755400 9
755500 7
755600 9
755700 6
755800 8
755900 3
756000 9
756100 11
756200 10
756300 6
756400 6
756500 8
756600 5
756700 8
756800 8
756900 11
757000 10
757100 12
757200 11
757300 4
757400 4
757500 5
757600 2
757700 5
757800 10
757900 9
758000 8
758100 5
758200 5
758300 8
758400 7
758500 9
758600 10
758700 12
758800 11
758900 10
759000 4
759100 7
759200 9
759300 10
759400 8
759500 6
759600 8
759700 6
759800 8
759900 10
760000 8
760100 5
760200 6
760300 8
760400 10
760500 9
760600 9
760700 10
760800 7
760900 7
761000 7
761100 8
761200 8
761300 9
761400 7
761500 3
761600 7
761700 9
761800 10
761900 11
762000 13
762100 7
762200 7
762300 9
762400 7
762500 9
762600 5
762700 8
762800 9
762900 10
763000 12
763100 10
763200 12
763300 8
763400 6
763500 6
763600 4
763700 4
763800 9
763900 6
764000 6
764100 5
764200 2
764300 5
764400 10
764500 10
764600 10
764700 4
764800 9
764900 12
765000 6
765100 13
765200 13
765300 6
765400 11
765500 10
765600 10
765700 11
765800 6
765900 8
766000 5
766100 5
766200 5
766300 2
766400 3
766500 4
766600 5
766700 9
766800 13
766900 10
767000 13
767100 9
767200 12
767300 8
767400 11
767500 9
767600 10
767700 11
767800 13
767900 9
768000 6
768100 7
768200 9
768300 7
768400 8
768500 10
768600 10
768700 7
768800 6
768900 5
769000 4
769100 5
769200 8
769300 9
769400 5
769500 9
769600 9
769700 7
769800 4
769900 8
770000 7
770100 4
770200 4
770300 9
770400 6
770500 7
770600 9
770700 11
770800 11
770900 6
771000 12
771100 10
771200 11
771300 8
771400 8
771500 7
771600 7
771700 7
771800 4
771900 3
772000 2
772100 6
772200 9
772300 7
772400 14
772500 9
772600 6
772700 9
772800 11
772900 11
773000 11
773100 11
773200 14
773300 10
773400 5
773500 5
773600 9
773700 11
773800 6
773900 6
774000 9
774100 9
774200 7
774300 7
774400 4
774500 9
774600 6
774700 8
774800 7
774900 11
775000 12
775100 11
775200 7
775300 4
775400 9
775500 7
775600 7
775700 7
775800 8
775900 7
776000 8
776100 5
776200 6
776300 5
776400 9
776500 7
776600 14
776700 15
776800 15
776900 12
777000 11
777100 11
777200 9
777300 9
777400 9
777500 6
777600 4
777700 6
777800 11
777900 11
778000 10
778100 8
778200 7
778300 9
778400 5
778500 5
778600 7
778700 9
778800 6
778900 7
779000 6
779100 6
779200 7
779300 8
779400 8
779500 13
779600 14
779700 9
779800 7
779900 7
780000 8
780100 7
780200 9
780300 9
780400 11
780500 13
780600 11
780700 6
780800 4
780900 4
781000 3
781100 8
781200 6
781300 7
781400 7
781500 8
781600 10
781700 9
781800 6
781900 7
782000 7
782100 6
782200 4
782300 8
782400 7
782500 6
782600 3
782700 4
782800 4
782900 7
783000 8
783100 8
783200 8
783300 7
783400 9
783500 9
783600 10
783700 9
783800 8
783900 7
784000 12
784100 7
784200 8
784300 10
784400 5
784500 7
784600 8
784700 8
784800 8
784900 9
785000 8
785100 4
785200 6
785300 5
785400 2
785500 5
785600 11
785700 9
785800 10
785900 10
786000 6
786100 5
786200 7
786300 8
786400 5
786500 4
786600 8
786700 11
786800 12
786900 8
787000 9
787100 10
787200 6
787300 6
787400 6
787500 5
787600 9
787700 11
787800 7
787900 6
788000 9
788100 7
788200 5
788300 6
788400 4
788500 6
788600 8
788700 10
788800 7
788900 9
789000 7
789100 7
789200 5
789300 6
789400 3
789500 6
789600 8
789700 7
789800 5
789900 6
790000 12
790100 9
790200 9
790300 11
790400 11
790500 9
790600 9
790700 11
790800 11
790900 8
791000 8
791100 7
791200 10
791300 9
791400 10
791500 4
791600 10
791700 10
791800 8
791900 10
792000 5
792100 4
792200 3
792300 5
792400 2
792500 3
792600 6
792700 6
792800 5
792900 7
793000 8
793100 5
793200 7
793300 4
793400 6
793500 6
793600 7
793700 3
793800 5
793900 5
794000 11
794100 13
794200 12
794300 11
794400 9
794500 11
794600 9
794700 8
794800 7
794900 8
795000 6
795100 3
795200 7
795300 9
795400 6
795500 6
795600 6
795700 7
795800 8
795900 5
796000 7
796100 6
796200 6
796300 3
796400 5
796500 6
796600 5
796700 7
796800 8
796900 6
797000 9
797100 5
797200 4
797300 4
797400 8
797500 7
797600 7
797700 11
797800 14
797900 13
798000 13
798100 12
798200 9
798300 10
798400 11
798500 8
798600 10
798700 13
798800 9
798900 7
799000 6
799100 6
799200 4
799300 8
799400 12
799500 10
799600 8
799700 7
799800 4
799900 8
800000 11
800100 13
800200 11
800300 14
800400 12
800500 9
800600 6
800700 8
800800 5
800900 8
801000 5
801100 7
801200 5
801300 7
801400 5
801500 5
801600 6
801700 6
801800 8
801900 8
802000 4
802100 6
802200 7
802300 7
802400 9
802500 5
802600 6
802700 3
802800 6
802900 7
803000 5
803100 7
803200 9
803300 9
803400 9
803500 5
803600 9
803700 5
803800 5
803900 7
804000 8
804100 10
804200 5
804300 8
804400 9
804500 7
804600 11
804700 11
804800 6
804900 9
805000 13
805100 9
805200 9
805300 9
805400 11
805500 5
805600 5
805700 9
805800 8
805900 6
806000 4
806100 10
806200 9
806300 10
806400 12
806500 12
806600 8
806700 9
806800 9
806900 6
807000 8
807100 6
807200 7
807300 6
807400 8
807500 11
807600 9
807700 6
807800 7
807900 7
808000 7
808100 6
808200 7
808300 12
808400 8
808500 8
808600 7
808700 9
808800 7
808900 7
809000 5
809100 7
809200 8
809300 5
809400 7
809500 6
809600 4
809700 8
809800 10
809900 8
810000 12
810100 6
810200 10
810300 6
810400 10
810500 12
810600 11
810700 13
810800 9
810900 8
811000 10
811100 8
811200 13
811300 12
811400 6
811500 8
811600 11
811700 11
811800 12
811900 8
812000 6
812100 5
812200 4
812300 4
812400 11
812500 10
812600 7
812700 6
812800 6
812900 8
813000 7
813100 5
813200 4
813300 3
813400 2
813500 7
813600 5
813700 11
813800 7
813900 7
814000 9
814100 7
814200 12
814300 12
814400 16
814500 11
814600 14
814700 10
814800 6
814900 5
815000 6
815100 5
815200 9
815300 12
815400 10
815500 7
815600 3
815700 6
815800 8
815900 10
816000 7
816100 6
816200 8
816300 7
816400 5
816500 10
816600 10
816700 9
816800 13
816900 11
817000 10
817100 6
817200 5
817300 10
817400 8
817500 8
817600 6
817700 6
817800 9
817900 7
818000 9
818100 9
818200 7
818300 5
818400 7
818500 7
818600 7
818700 5
818800 10
818900 12
819000 9
819100 9
819200 7
819300 8
819400 6
819500 5
819600 8
819700 9
819800 11
819900 8
820000 12
820100 10
820200 11
820300 8
820400 6
820500 4
820600 4
820700 5
820800 5
820900 3
821000 8
821100 6
821200 8
821300 8
821400 8
821500 8
821600 3
821700 6
821800 11
821900 5
822000 10
822100 8
822200 8
822300 8
822400 6
822500 6
822600 4
822700 6
822800 8
822900 10
823000 6
823100 8
823200 3
823300 8
823400 10
823500 11
823600 17
823700 12
823800 12
823900 15
824000 14
824100 7
824200 9
824300 9
824400 4
824500 5
824600 3
824700 1
824800 2
824900 5
825000 4
825100 6
825200 7
825300 8
825400 6
825500 5
825600 9
825700 3
825800 7
825900 4
826000 8
826100 7
826200 7
826300 7
826400 12
826500 11
826600 13
826700 14
826800 12
826900 13
827000 10
827100 12
827200 11
827300 4
827400 4
827500 4
827600 9
827700 9
827800 12
827900 8
828000 8
828100 7
828200 6
828300 10
828400 10
828500 8
828600 7
828700 2
828800 4
828900 3
829000 2
829100 3
829200 4
829300 2
829400 5
829500 7
829600 9
829700 7
829800 9
829900 6
830000 10
830100 6
830200 5
830300 6
830400 8
830500 10
830600 5
830700 9
830800 5
830900 6
831000 6
831100 6
831200 8
831300 7
831400 5
831500 3
831600 4
831700 6
831800 5
831900 4
832000 6
832100 6
832200 4
832300 3
832400 2
832500 3
832600 5
832700 7
832800 12
832900 9
833000 9
833100 11
833200 4
833300 3
833400 3
833500 7
833600 13
833700 13
833800 17
833900 14
834000 11
834100 8
834200 8
834300 9
834400 9
834500 8
834600 5
834700 4
834800 6
834900 9
835000 6
835100 8
835200 7
835300 6
835400 5
835500 5
835600 4
835700 4
835800 3
835900 7
836000 9
836100 6
836200 9
836300 8
836400 10
836500 7
836600 6
836700 6
836800 6
836900 8
837000 10
837100 11
837200 14
837300 12
837400 8
837500 4
837600 5
837700 5
837800 7
837900 5
838000 7
838100 5
838200 6
838300 7
838400 12
838500 8
838600 10
838700 8
838800 7
838900 5
839000 11
839100 11
839200 12
839300 13
839400 15
839500 10
839600 6
839700 6
839800 5
839900 4
840000 3
840100 7
840200 7
840300 3
840400 5
840500 7
840600 4
840700 4
840800 9
840900 7
841000 4
841100 3
841200 9
841300 8
841400 5
841500 5
841600 7
841700 7
841800 7
841900 6
842000 4
842100 6
842200 8
842300 10
842400 7
842500 8
842600 9
842700 11
842800 7
842900 5
843000 7
843100 8
843200 7
843300 6
843400 7
843500 5
843600 4
843700 6
843800 7
843900 9
844000 8
844100 11
844200 13
844300 14
844400 12
844500 12
844600 13
844700 9
844800 10
844900 12
845000 13
845100 9
845200 6
845300 3
845400 4
845500 5
845600 11
845700 12
845800 11
845900 7
846000 7
846100 8
846200 3
846300 5
846400 6
846500 7
846600 4
846700 7
846800 8
846900 8
847000 9
847100 9
847200 9
847300 8
847400 7
847500 9
847600 10
847700 10
847800 11
847900 7
848000 7
848100 7
848200 6
848300 5
848400 7
848500 10
848600 11
848700 7
848800 5
848900 4
849000 6
849100 8
849200 7
849300 3
849400 9
849500 7
849600 6
849700 8
849800 8
849900 4
850000 7
850100 7
850200 7
850300 10
850400 12
850500 10
850600 11
850700 9
850800 7
850900 6
851000 7
851100 8
851200 8
851300 11
851400 13
851500 10
851600 10
851700 6
851800 5
851900 5
852000 5
852100 6
852200 8
852300 9
852400 7
852500 5
852600 8
852700 8
852800 6
852900 4
853000 6
853100 10
853200 11
853300 10
853400 8
853500 4
853600 6
853700 9
853800 9
853900 8
854000 8
854100 7
854200 5
854300 4
854400 8
854500 3
854600 9
854700 7
854800 9
854900 6
855000 4
855100 3
855200 6
855300 6
855400 10
855500 6
855600 7
855700 11
855800 12
855900 8
856000 8
856100 10
856200 10
856300 5
856400 5
856500 5
856600 6
856700 3
856800 4
856900 3
857000 7
857100 8
857200 5
857300 5
857400 5
857500 5
857600 4
857700 9
857800 5
857900 8
858000 7
858100 11
858200 12
858300 9
858400 9
858500 7
858600 6
858700 9
858800 11
858900 11
859000 7
859100 7
859200 10
859300 10
859400 10
859500 6
859600 5
859700 6
859800 4
859900 2
860000 7
860100 10
860200 10
860300 11
860400 10
860500 3
860600 5
860700 6
860800 7
860900 8
861000 5
861100 5
861200 9
861300 6
861400 8
861500 9
861600 8
861700 8
861800 8
861900 12
862000 9
862100 6
862200 7
862300 9
862400 6
862500 8
862600 7
862700 13
862800 10
862900 9
863000 6
863100 7
863200 9
863300 10
863400 7
863500 8
863600 6
863700 5
863800 6
863900 9
864000 7
864100 6
864200 7
864300 7
864400 9
864500 11
864600 9
864700 7
864800 7
864900 5
865000 8
865100 9
865200 11
865300 4
865400 6
865500 8
865600 6
865700 8
865800 5
865900 9
866000 6
866100 6
866200 8
866300 9
866400 13
866500 12
866600 4
866700 5
866800 7
866900 6
867000 7
867100 11
867200 10
867300 6
867400 9
867500 9
867600 7
867700 5
867800 3
867900 2
868000 7
868100 6
868200 11
868300 9
868400 6
868500 11
868600 10
868700 12
868800 8
868900 6
869000 8
869100 4
869200 2
869300 7
869400 10
869500 10
869600 7
869700 7
869800 7
869900 7
870000 10
870100 9
870200 11
870300 7
870400 6
870500 10
870600 10
870700 10
870800 9
870900 8
871000 7
871100 8
871200 8
871300 8
871400 6
871500 6
871600 7
871700 10
871800 9
871900 9
872000 8
872100 3
872200 4
872300 4
872400 5
872500 7
872600 9
872700 12
872800 12
872900 5
873000 4
873100 4
873200 9
873300 10
873400 11
873500 9
873600 9
873700 8
873800 10
873900 7
874000 7
874100 6
874200 5
874300 8
874400 5
874500 8
874600 8
874700 8
874800 10
874900 7
875000 8
875100 7
875200 8
875300 7
875400 5
875500 8
875600 6
875700 11
875800 7
875900 9
876000 4
876100 7
876200 7
876300 8
876400 4
876500 9
876600 6
876700 9
876800 10
876900 9
877000 9
877100 9
877200 8
877300 9
877400 6
877500 10
877600 5
877700 6
877800 5
877900 10
878000 10
878100 10
878200 12
878300 7
878400 10
878500 10
878600 12
878700 11
878800 12
878900 11
879000 8
879100 9
879200 9
879300 9
879400 11
879500 8
879600 7
879700 7
879800 8
879900 8
880000 8
880100 10
880200 8
880300 8
880400 7
880500 7
880600 5
880700 4
880800 8
880900 6
881000 6
881100 9
881200 4
881300 3
881400 4
881500 8
881600 6
881700 5
881800 7
881900 7
882000 5
882100 3
882200 3
882300 2
882400 5
882500 7
882600 2
882700 5
882800 5
882900 8
883000 5
883100 9
883200 13
883300 15
883400 11
883500 9
883600 6
883700 5
883800 6
883900 7
884000 6
884100 6
884200 8
884300 12
884400 11
884500 14
884600 5
884700 8
884800 3
884900 7
885000 6
885100 9
885200 11
885300 7
885400 8
885500 8
885600 10
885700 9
885800 7
885900 7
886000 9
886100 7
886200 7
886300 9
886400 7
886500 9
886600 4
886700 8
886800 6
886900 8
887000 8
887100 7
887200 6
887300 8
887400 8
887500 9
887600 6
887700 6
887800 9
887900 7
888000 6
888100 8
888200 8
888300 10
888400 8
888500 9
888600 11
888700 11
888800 6
888900 5
889000 9
889100 9
889200 10
889300 8
889400 4
889500 3
889600 8
889700 4
889800 6
889900 4
890000 2
890100 6
890200 7
890300 8
890400 11
890500 10
890600 11
890700 9
890800 10
890900 9
891000 4
891100 4
891200 6
891300 6
891400 5
891500 7
891600 8
891700 6
891800 5
891900 1
892000 6
892100 10
892200 9
892300 8
892400 5
892500 5
892600 2
892700 5
892800 6
892900 5
893000 10
893100 6
893200 5
893300 7
893400 4
893500 3
893600 1
893700 4
893800 6
893900 5
894000 8
894100 7
894200 8
894300 5
894400 5
894500 5
894600 7
894700 4
894800 5
894900 5
895000 9
895100 7
895200 5
895300 5
895400 8
895500 7
895600 8
895700 6
895800 7
895900 8
896000 12
896100 10
896200 7
896300 5
896400 8
896500 7
896600 11
896700 13
896800 14
896900 10
897000 12
897100 9
897200 12
897300 10
897400 7
897500 12
897600 11
897700 16
897800 13
897900 11
898000 8
898100 8
898200 8
898300 7
898400 8
898500 10
898600 7
898700 6
898800 3
898900 2
899000 5
899100 5
899200 6
899300 9
899400 7
899500 2
899600 5
899700 2
899800 5
899900 5
900000 7
900100 10
900200 8
900300 11
900400 5
900500 5
900600 8
900700 6
900800 6
900900 6
901000 3
901100 3
901200 5
901300 5
901400 5
901500 2
901600 4
901700 3
901800 7
901900 5
902000 8
902100 6
902200 7
902300 9
902400 7
902500 8
902600 6
902700 6
902800 3
902900 4
903000 7
903100 5
903200 8
903300 8
903400 6
903500 9
903600 8
903700 10
903800 7
903900 5
904000 8
904100 7
904200 3
904300 3
904400 7
904500 4
904600 5
904700 4
904800 9
904900 9
905000 10
905100 4
905200 5
905300 8
905400 8
905500 6
905600 10
905700 8
905800 6
905900 10
906000 10
906100 5
906200 5
906300 6
906400 4
906500 6
906600 9
906700 9
906800 11
906900 11
907000 13
907100 12
907200 8
907300 10
907400 13
907500 10
907600 6
907700 6
907800 7
907900 7
908000 8
908100 11
908200 10
908300 13
908400 10
908500 6
908600 8
908700 7
908800 8
908900 5
909000 6
909100 11
909200 10
909300 8
909400 8
909500 10
909600 10
909700 7
909800 6
909900 7
910000 6
910100 7
910200 5
910300 6
910400 3
910500 10
910600 10
910700 10
910800 8
910900 6
911000 8
911100 8
911200 9
911300 7
911400 9
911500 9
911600 9
911700 9
911800 7
911900 5
912000 3
912100 6
912200 10
912300 12
912400 6
912500 8
912600 8
912700 6
912800 9
912900 10
913000 7
913100 5
913200 8
913300 5
913400 7
913500 8
913600 7
913700 2
913800 7
913900 5
914000 6
914100 6
914200 9
914300 11
914400 11
914500 9
914600 9
914700 12
914800 8
914900 10
915000 12
915100 12
915200 7
915300 7
915400 4
915500 5
915600 8
915700 9
915800 9
915900 8
916000 6
916100 5
916200 6
916300 8
916400 6
916500 6
916600 8
916700 12
916800 10
916900 5
917000 6
917100 13
917200 10
917300 7
917400 9
917500 9
917600 4
917700 7
917800 5
917900 6
918000 6
918100 7
918200 9
918300 10
918400 8
918500 9
918600 7
918700 8
918800 12
918900 13
919000 10
919100 7
919200 4
919300 3
919400 5
919500 2
919600 5
919700 8
919800 9
919900 8
920000 11
920100 15
920200 13
920300 15
920400 14
920500 12
920600 6
920700 7
920800 6
920900 8
921000 6
921100 3
921200 5
921300 9
921400 10
921500 5
921600 6
921700 5
921800 9
921900 7
922000 8
922100 6
922200 9
922300 5
922400 9
922500 6
922600 7
922700 5
922800 7
922900 2
923000 6
923100 11
923200 8
923300 12
923400 13
923500 11
923600 10
923700 14
923800 16
923900 10
924000 8
924100 10
924200 10
924300 11
924400 11
924500 13
924600 12
924700 7
924800 2
924900 5
925000 4
925100 5
925200 7
925300 8
925400 5
925500 9
925600 7
925700 9
925800 6
925900 2
926000 4
926100 4
926200 4
926300 4
926400 5
926500 9
926600 6
926700 6
926800 7
926900 8
927000 9
927100 8
927200 7
927300 5
927400 5
927500 4
927600 4
927700 6
927800 6
927900 5
928000 4
928100 6
928200 8
928300 8
928400 9
928500 5
928600 6
928700 8
928800 10
928900 5
929000 11
929100 10
929200 8
929300 4
929400 2
929500 7
929600 7
929700 5
929800 3
929900 5
930000 6
930100 8
930200 9
930300 8
930400 9
930500 9
930600 12
930700 7
930800 6
930900 6
931000 6
931100 4
931200 6
931300 5
931400 5
931500 7
931600 4
931700 5
931800 5
931900 7
932000 12
932100 13
932200 10
932300 9
932400 11
932500 7
932600 9
932700 10
932800 8
932900 11
933000 11
933100 13
933200 10
933300 14
933400 15
933500 13
933600 18
933700 15
933800 14
933900 11
934000 9
934100 9
934200 10
934300 7
934400 8
934500 8
934600 6
934700 8
934800 6
934900 5
935000 8
935100 6
935200 9
935300 11
935400 11
935500 8
935600 6
935700 7
935800 7
935900 7
936000 9
936100 9
936200 6
936300 10
936400 11
936500 12
936600 10
936700 6
936800 6
936900 10
937000 8
937100 10
937200 7
937300 6
937400 9
937500 8
937600 3
937700 5
937800 6
937900 9
938000 11
938100 5
938200 4
938300 7
938400 6
938500 10
938600 11
938700 5
938800 6
938900 4
939000 4
939100 7
939200 8
939300 7
939400 10
939500 10
939600 6
939700 7
939800 4
939900 5
940000 4
940100 6
940200 7
940300 9
940400 10
940500 9
940600 5
940700 6
940800 10
940900 11
941000 11
941100 12
941200 14
941300 16
941400 11
941500 9
941600 6
941700 12
941800 10
941900 10
942000 10
942100 7
942200 12
942300 10
942400 9
942500 8
942600 8
942700 7
942800 4
942900 7
943000 3
943100 9
943200 7
943300 10
943400 8
943500 6
943600 7
943700 9
943800 7
943900 7
944000 4
944100 5
944200 7
944300 7
944400 9
944500 10
944600 9
944700 7
944800 7
944900 6
945000 9
945100 7
945200 4
945300 4
945400 2
945500 6
945600 6
945700 5
945800 6
945900 9
946000 10
946100 11
946200 12
946300 7
946400 8
946500 9
946600 9
946700 8
946800 8
946900 8
947000 8
947100 11
947200 6
947300 7
947400 10
947500 7
947600 7
947700 9
947800 10
947900 8
948000 3
948100 8
948200 3
948300 8
948400 4
948500 8
948600 12
948700 14
948800 10
948900 11
949000 15
949100 14
949200 11
949300 7
949400 12
949500 15
949600 10
949700 8
949800 6
949900 4
950000 1
950100 4
950200 4
950300 2
950400 4
950500 6
950600 6
950700 5
950800 5
950900 7
951000 11
951100 12
951200 9
951300 9
951400 8
951500 9
951600 10
951700 7
951800 8
951900 8
952000 8
952100 3
952200 5
952300 6
952400 8
952500 7
952600 6
952700 5
952800 9
952900 9
953000 10
953100 9
953200 10
953300 14
953400 12
953500 16
953600 13
953700 11
953800 11
953900 7
954000 12
954100 9
954200 7
954300 10
954400 12
954500 13
954600 12
954700 12
954800 13
954900 9
955000 5
955100 10
955200 10
955300 12
955400 8
955500 7
955600 4
955700 5
955800 9
955900 8
956000 10
956100 7
956200 8
956300 4
956400 6
956500 8
956600 6
956700 4
956800 11
956900 6
957000 6
957100 8
957200 8
957300 12
957400 9
957500 8
957600 10
957700 7
957800 5
957900 6
958000 10
958100 7
958200 7
958300 5
958400 8
958500 7
958600 10
958700 11
958800 10
958900 4
959000 1
959100 4
959200 4
959300 6
959400 9
959500 11
959600 5
959700 3
959800 6
959900 7
960000 10
960100 15
960200 10
960300 8
960400 5
960500 2
960600 4
960700 4
960800 6
960900 9
961000 12
961100 14
961200 12
961300 11
961400 10
961500 11
961600 9
961700 5
961800 6
961900 7
962000 8
962100 5
962200 4
962300 8
962400 7
962500 9
962600 8
962700 7
962800 8
962900 11
963000 7
963100 8
963200 10
963300 10
963400 7
963500 9
963600 9
963700 8
963800 8
963900 8
964000 5
964100 7
964200 7
964300 10
964400 10
964500 8
964600 8
964700 3
964800 9
964900 6
965000 6
965100 6
965200 8
965300 6
965400 2
965500 3
965600 8
965700 7
965800 5
965900 9
966000 6
966100 12
966200 6
966300 5
966400 7
966500 5
966600 6
966700 9
966800 5
966900 7
967000 10
967100 6
967200 10
967300 9
967400 11
967500 12
967600 10
967700 9
967800 7
967900 11
968000 9
968100 12
968200 13
968300 10
968400 4
968500 6
968600 9
968700 8
968800 8
968900 4
969000 5
969100 5
969200 5
969300 8
969400 6
969500 9
969600 9
969700 8
969800 8
969900 10
970000 6
970100 6
970200 5
970300 7
970400 9
970500 10
970600 6
970700 9
970800 7
970900 9
971000 7
971100 11
971200 6
971300 9
971400 6
971500 7
971600 9
971700 10
971800 10
971900 10
972000 11
972100 9
972200 7
972300 11
972400 6
972500 9
972600 8
972700 10
972800 9
972900 7
973000 8
973100 7
973200 9
973300 13
973400 13
973500 10
973600 5
973700 4
973800 4
973900 10
974000 8
974100 8
974200 13
974300 7
974400 6
974500 11
974600 12
974700 10
974800 6
974900 4
975000 4
975100 6
975200 6
975300 6
975400 2
975500 7
975600 3
975700 7
975800 9
975900 9
976000 8
976100 8
976200 5
976300 5
976400 6
976500 8
976600 12
976700 12
976800 13
976900 15
977000 11
977100 10
977200 8
977300 5
977400 5
977500 5
977600 7
977700 4
977800 5
977900 8
978000 5
978100 9
978200 10
978300 11
978400 11
978500 10
978600 6
978700 5
978800 7
978900 10
979000 13
979100 12
979200 10
979300 9
979400 6
979500 7
979600 4
979700 4
979800 2
979900 5
980000 5
980100 4
980200 10
980300 10
980400 10
980500 8
980600 12
980700 11
980800 9
980900 5
981000 4
981100 10
981200 12
981300 11
981400 13
981500 12
981600 11
981700 13
981800 10
981900 5
982000 9
982100 10
982200 10
982300 12
982400 12
982500 12
982600 10
982700 13
982800 12
982900 10
983000 10
983100 10
983200 13
983300 11
983400 10
983500 7
983600 9
983700 10
983800 11
983900 8
984000 6
984100 6
984200 5
984300 7
984400 7
984500 9
984600 6
984700 8
984800 8
984900 9
985000 9
985100 10
985200 12
985300 9
985400 5
985500 8
985600 9
985700 7
985800 7
985900 6
986000 1
986100 3
986200 5
986300 4
986400 6
986500 7
986600 9
986700 8
986800 11
986900 12
987000 8
987100 6
987200 8
987300 7
987400 7
987500 6
987600 6
987700 8
987800 9
987900 7
988000 4
988100 9
988200 6
988300 10
988400 8
988500 5
988600 3
988700 4
988800 5
988900 9
989000 8
989100 8
989200 10
989300 9
989400 8
989500 7
989600 8
989700 7
989800 11
989900 11
990000 14
990100 15
990200 14
990300 14
990400 16
990500 13
990600 12
990700 10
990800 10
990900 12
991000 8
991100 5
991200 7
991300 10
991400 16
991500 14
991600 9
991700 7
991800 6
991900 9
992000 13
992100 15
992200 17
992300 18
992400 21
992500 20
992600 17
992700 13
992800 14
992900 10
993000 11
993100 7
993200 5
993300 8
993400 6
993500 4
993600 9
993700 4
993800 8
993900 6
994000 6
994100 9
994200 9
994300 7
994400 8
994500 10
994600 6
994700 7
994800 6
994900 5
995000 5
995100 8
995200 8
995300 9
995400 8
995500 7
995600 9
995700 9
995800 8
995900 7
996000 4
996100 7
996200 7
996300 8
996400 6
996500 6
996600 3
996700 5
996800 5
996900 7
997000 8
997100 6
997200 7
997300 8
997400 10
997500 9
997600 5
997700 3
997800 11
997900 11
998000 11
998100 8
998200 9
998300 5
998400 10
998500 12
998600 15
998700 11
998800 9
998900 13
999000 14
999100 10
999200 10
999300 8
999400 10
999500 12
999600 9
999700 4
999800 2
999900 4
1000000 7
1000100 6
1000200 5
1000300 4
1000400 3
1000500 7
1000600 7
1000700 6
1000800 9
1000900 7
1001000 6
1001100 8
1001200 11
1001300 13
1001400 12
1001500 14
1001600 10
1001700 5
1001800 5
1001900 4
1002000 8
