# Time-averaged data for fix myat3
# TimeStep c_press
3000 12.9274
4000 -0.823046
5000 2.53732
6000 15.9491
7000 27.7968
8000 21.0709
9000 1.61374
10000 3.36543
11000 13.6386
12000 19.9895
13000 6.08355
14000 9.95624
15000 1.22709
16000 8.94119
17000 14.0416
18000 18.4931
19000 11.5223
20000 14.9444
21000 9.04722
22000 13.0718
23000 5.30126
24000 13.4477
25000 6.90962
26000 9.88867
27000 12.4799
28000 17.0691
29000 12.5117
30000 22.9532
31000 22.8382
32000 13.2457
33000 15.7861
34000 14.4477
35000 18.561
36000 10.717
37000 5.79202
38000 11.6641
39000 5.67254
40000 15.1378
41000 10.8248
42000 11.4585
43000 7.334
44000 4.66669
45000 10.1151
46000 10.6837
47000 2.60901
48000 9.15192
49000 4.71958
50000 11.5068
51000 10.9921
52000 14.3222
53000 13.1786
54000 17.3441
55000 11.3388
56000 2.86539
57000 15.0337
58000 5.86985
59000 18.1317
60000 4.32659
61000 8.54378
62000 20.3504
63000 17.9982
64000 16.1322
65000 19.521
66000 11.7907
67000 12.8949
68000 9.22476
69000 9.09463
70000 7.06919
71000 12.6795
72000 16.322
73000 13.436
74000 3.78427
75000 12.4093
76000 14.692
77000 8.75617
78000 5.92605
79000 11.5694
80000 13.393
81000 14.2539
82000 20.2401
83000 19.2628
84000 23.4395
85000 14.3207
86000 7.98279
87000 12.7308
88000 11.4051
89000 6.52008
90000 10.1587
91000 -2.45286
92000 14.692
93000 9.84772
94000 8.54379
95000 4.18779
96000 2.98181
97000 0.96892
98000 12.1768
99000 13.697
100000 1.72701
101000 8.52131
102000 3.80821
103000 8.45848
104000 11.1577
105000 -0.185299
106000 10.6096
107000 12.3511
108000 6.21934
109000 10.9965
110000 13.0627
111000 8.74376
112000 12.2978
113000 12.4879
114000 14.3326
115000 18.9015
116000 17.2314
117000 17.6974
118000 9.10477
119000 6.14744
120000 18.7942
121000 10.4747
122000 10.2628
123000 18.8583
124000 0.755255
125000 11.0784
126000 -0.91921
127000 8.80339
128000 11.4891
129000 8.12245
130000 23.5176
131000 17.1202
132000 7.39973
133000 1.26621
134000 5.11361
135000 6.20533
136000 12.6109
137000 3.80765
138000 4.01289
139000 8.74732
140000 4.07153
141000 4.43523
142000 3.62569
143000 7.70606
144000 12.9313
145000 7.93027
146000 9.1664
147000 8.33655
148000 3.27294
149000 4.62506
150000 5.22892
151000 -0.124006
152000 8.13786
153000 6.38745
154000 4.42964
155000 9.63475
156000 4.1687
157000 20.901
158000 9.05944
159000 14.3375
160000 12.8475
161000 15.0993
162000 10.9815
163000 20.5836
164000 10.4901
165000 7.43037
166000 0.419318
167000 10.1417
168000 5.74663
169000 14.5414
170000 14.2346
171000 3.41771
172000 10.8808
173000 10.9813
174000 13.669
175000 9.312
176000 10.273
177000 14.3855
178000 11.0605
179000 12.6393
180000 13.3413
181000 7.08535
182000 11.5073
183000 1.86655
184000 6.90783
185000 16.7499
186000 7.94253
187000 4.88424
188000 -3.36982
189000 10.728
190000 10.9744
191000 7.04797
192000 22.7428
193000 3.31751
194000 -3.53238
195000 10.0219
196000 2.18666
197000 11.3454
198000 5.48875
199000 10.5989
200000 7.28327
201000 2.21946
202000 8.99882
203000 9.51071
204000 12.8903
205000 12.848
206000 18.5763
207000 9.14251
208000 7.53634
209000 11.2923
210000 16.1296
211000 18.2331
212000 10.3256
213000 6.21919
214000 3.97473
215000 13.3264
216000 14.8779
217000 15.2071
218000 10.047
219000 3.0162
220000 -2.91892
221000 4.02291
222000 9.04999
223000 8.53669
224000 3.66459
225000 12.1327
226000 7.8074
227000 11.6283
228000 -1.09272
229000 10.0371
230000 9.06139
231000 9.15892
232000 4.6673
233000 8.00041
234000 11.8067
235000 12.4102
236000 20.6731
237000 17.5725
238000 18.9126
239000 7.56365
240000 13.5724
241000 6.62188
242000 0.756575
243000 9.143
244000 11.8571
245000 13.9724
246000 12.1329
247000 20.6468
248000 8.86615
249000 -3.79504
250000 11.0215
251000 13.4157
252000 2.98221
253000 8.99482
254000 13.1831
255000 17.8335
256000 15.4823
257000 14.1681
258000 -1.12765
259000 6.28712
260000 13.6226
261000 7.72868
262000 12.9985
263000 5.10051
264000 12.7437
265000 13.9452
266000 19.3006
267000 16.0612
268000 17.6212
269000 7.91898
270000 6.9492
271000 1.70637
272000 13.9927
273000 5.12056
274000 12.7805
275000 2.71648
276000 13.6007
277000 1.39339
278000 17.7037
279000 12.9481
280000 -5.28185
281000 9.93059
282000 11.7312
283000 0.186219
284000 14.8287
285000 1.07839
286000 12.0552
287000 6.76921
288000 13.7207
289000 14.2011
290000 4.46848
291000 0.922212
292000 8.35328
293000 7.65424
294000 9.82608
295000 9.14335
296000 14.8296
297000 24.1665
298000 11.4901
299000 13.1965
300000 7.43307
301000 15.3652
302000 11.9077
303000 3.91921
304000 10.7173
305000 17.6104
306000 13.1084
307000 10.213
308000 8.28589
309000 8.2213
310000 18.2083
311000 4.06011
312000 8.33776
313000 7.27095
314000 8.30629
315000 17.9594
316000 14.5073
317000 1.42293
318000 13.7011
319000 9.41056
320000 14.1176
321000 12.1638
322000 6.5243
323000 5.72614
324000 11.8789
325000 18.3568
326000 5.00798
327000 19.228
328000 10.6419
329000 3.73681
330000 7.24233
331000 18.3216
332000 19.2131
333000 15.7089
334000 4.08682
335000 7.84677
336000 8.5394
337000 17.3472
338000 9.7797
339000 13.1323
340000 13.0721
341000 16.0399
342000 1.6506
343000 10.5387
344000 16.4846
345000 18.6254
346000 8.66509
347000 0.543725
348000 2.46196
349000 5.45534
350000 7.13869
351000 13.2673
352000 13.5562
353000 15.9568
354000 15.0009
355000 17.3963
356000 20.7173
357000 1.7525
358000 16.6667
359000 2.37847
360000 10.5789
361000 13.7643
362000 16.5156
363000 9.25851
364000 11.4451
365000 6.25887
366000 11.7385
367000 4.46515
368000 2.32605
369000 4.78909
370000 13.5898
371000 7.43338
372000 10.574
373000 6.73222
374000 7.53069
375000 7.15698
376000 4.71001
377000 -0.675559
378000 2.92075
379000 10.3787
380000 0.969102
381000 13.2916
382000 12.9484
383000 8.53593
384000 7.86398
385000 13.1151
386000 11.654
387000 13.71
388000 0.473757
389000 23.2738
390000 7.90565
391000 10.873
392000 16.917
393000 10.0878
394000 4.65734
395000 11.8504
396000 1.66429
397000 5.28986
398000 -1.95737
399000 12.7269
400000 12.0865
401000 4.92875
402000 10.2389
403000 16.2234
404000 14.4904
405000 6.13667
406000 -3.56968
407000 15.6877
408000 7.82737
409000 12.6042
410000 2.89672
411000 12.8356
412000 5.39152
413000 3.95757
414000 10.4947
415000 13.6135
416000 18.1312
417000 7.08812
418000 9.39328
419000 12.6133
420000 15.2769
421000 12.9253
422000 16.386
423000 20.8433
424000 1.84017
425000 9.94432
426000 16.7654
427000 16.5635
428000 10.5349
429000 14.236
430000 18.1997
431000 14.5657
432000 9.14401
433000 11.0834
434000 2.37696
435000 10.6796
436000 -2.38514
437000 19.6609
438000 6.45433
439000 16.8235
440000 6.73276
441000 11.3857
442000 11.2171
443000 13.047
444000 1.54353
445000 6.07393
446000 4.98831
447000 12.0199
448000 6.67526
449000 0.72158
450000 11.5931
451000 8.57308
452000 11.2572
453000 15.6319
454000 14.9259
455000 13.5222
456000 4.48357
457000 8.57373
458000 13.4048
459000 14.6226
460000 10.298
461000 10.7906
462000 10.9613
463000 12.8778
464000 10.893
465000 14.7617
466000 9.00036
467000 10.5824
468000 19.1527
469000 5.62983
470000 10.5148
471000 10.0241
472000 5.58605
473000 17.5848
474000 8.65509
475000 21.2572
476000 14.1563
477000 4.55309
478000 9.74865
479000 16.6295
480000 11.619
481000 4.6376
482000 5.67468
483000 8.16442
484000 5.28901
485000 17.872
486000 10.1629
487000 15.3526
488000 2.63787
489000 10.5189
490000 16.6464
491000 11.6427
492000 16.8351
493000 7.641
494000 7.82865
495000 4.4519
496000 7.04139
497000 3.78148
498000 2.1293
499000 12.6142
500000 5.32823
501000 12.1169
502000 6.48444
503000 18.4645
504000 23.5008
505000 9.6773
506000 13.1565
507000 16.1664
508000 18.9864
509000 15.3351
510000 14.0991
511000 7.4654
512000 6.92189
513000 -2.28709
514000 22.1926
515000 15.7195
516000 7.4944
517000 8.80718
518000 12.1433
519000 9.44616
520000 15.3436
521000 8.41096
522000 16.9837
523000 20.4056
524000 12.6011
525000 6.08875
526000 9.35145
527000 10.8316
528000 19.9951
529000 15.1548
530000 3.98999
531000 9.27949
532000 6.71864
533000 15.671
534000 16.1349
535000 10.959
536000 5.51882
537000 7.20069
538000 9.87465
539000 7.89577
540000 6.31996
541000 18.3101
542000 1.82111
543000 20.7902
544000 10.0328
545000 -7.69365
546000 10.1789
547000 11.3997
548000 3.99964
549000 14.4808
550000 9.66709
551000 14.069
552000 15.7854
553000 4.18698
554000 6.58393
555000 8.73563
556000 5.3137
557000 14.3969
558000 18.0811
559000 10.99
560000 3.59465
561000 14.0084
562000 11.3347
563000 9.02386
564000 10.077
565000 12.1171
566000 22.1125
567000 17.1905
568000 8.50675
569000 12.3914
570000 4.44666
571000 17.8393
572000 19.0098
573000 12.2495
574000 7.02637
575000 5.18109
576000 -1.21645
577000 0.363454
578000 9.241
579000 5.90473
580000 20.1897
581000 14.2151
582000 20.9156
583000 10.4055
584000 13.5074
585000 10.3659
586000 5.67355
587000 -0.955773
588000 9.0235
589000 3.79658
590000 2.05132
591000 7.28782
592000 8.98052
593000 15.5462
594000 10.5525
595000 12.2823
596000 20.115
597000 7.0719
598000 14.1951
599000 13.7441
600000 19.8386
601000 17.4824
602000 7.66965
603000 12.6077
604000 15.8741
605000 5.63364
606000 1.07647
607000 15.6118
608000 15.1778
609000 19.3927
610000 13.9146
611000 11.7236
612000 9.89914
613000 6.26959
614000 3.00501
615000 4.43916
616000 7.45626
617000 19.1684
618000 11.8939
619000 5.9018
620000 12.2174
621000 8.91171
622000 0.361267
623000 10.93
624000 7.18838
625000 9.32371
626000 4.93411
627000 11.2078
628000 18.1587
629000 9.61064
630000 6.63258
631000 11.9777
632000 -1.04827
633000 14.9771
634000 15.0253
635000 8.86633
636000 11.0943
637000 16.3787
638000 11.0966
639000 15.3555
640000 9.6358
641000 16.0972
642000 12.6236
643000 9.15215
644000 7.53319
645000 3.31768
646000 0.828976
647000 13.2326
648000 7.58073
649000 3.72815
650000 5.55591
651000 19.1125
652000 13.5943
653000 6.68366
654000 -2.67604
655000 5.68351
656000 10.9824
657000 11.4923
658000 10.5205
659000 14.659
660000 7.95369
661000 9.19313
662000 6.58754
663000 12.5902
664000 14.596
665000 7.0712
666000 11.8444
667000 3.57071
668000 5.32521
669000 -1.22538
670000 6.66189
671000 14.2166
672000 9.84692
673000 7.47285
674000 9.58201
675000 2.42352
676000 5.16716
677000 18.4007
678000 24.6626
679000 12.3264
680000 11.1833
681000 4.70232
682000 15.0418
683000 11.0622
684000 12.9117
685000 9.3085
686000 9.88186
687000 9.05691
688000 17.6253
689000 15.5711
690000 11.2735
691000 16.6168
692000 13.5507
693000 16.6015
694000 9.88211
695000 23.9054
696000 12.3276
697000 11.7999
698000 11.2585
699000 10.3184
700000 5.80625
701000 16.9465
702000 11.497
703000 12.6612
704000 5.33169
705000 10.6153
706000 8.81955
707000 3.74161
708000 15.441
709000 17.1396
710000 10.2578
711000 0.29769
712000 6.51422
713000 4.96972
714000 7.23997
715000 7.24398
716000 15.9471
717000 14.2081
718000 0.981195
719000 19.3488
720000 12.8929
721000 20.209
722000 1.38963
723000 13.4739
724000 9.52259
725000 6.74668
726000 7.9336
727000 17.3752
728000 14.4376
729000 12.0442
730000 23.6789
731000 6.24948
732000 15.2456
733000 14.1858
734000 10.9898
735000 12.1388
736000 12.9106
737000 -3.76607
738000 12.8441
739000 11.61
740000 7.09878
741000 9.23074
742000 7.38559
743000 6.83193
744000 9.88311
745000 9.86536
746000 12.5205
747000 16.3544
748000 3.2504
749000 12.2424
750000 13.1267
751000 4.86347
752000 6.02373
753000 9.58356
754000 16.6848
755000 12.255
756000 0.973844
757000 8.51034
758000 7.99678
759000 11.3637
760000 5.64005
761000 17.3818
762000 18.3315
763000 12.2195
764000 17.296
765000 8.37731
766000 10.673
767000 6.02858
768000 9.73995
769000 0.86676
770000 7.74409
771000 9.16859
772000 5.00059
773000 0.270921
774000 3.01668
775000 12.2638
776000 4.32968
777000 6.7851
778000 11.701
779000 5.47814
780000 12.1908
781000 6.45988
782000 7.32072
783000 8.32847
784000 11.8702
785000 14.7486
786000 12.7151
787000 16.516
788000 8.4316
789000 18.2542
790000 4.1175
791000 15.9188
792000 9.56158
793000 15.0257
794000 -3.20333
795000 -10.8874
796000 7.73011
797000 10.1326
798000 9.71121
799000 23.5617
800000 16.4115
801000 10.9055
802000 1.18401
803000 6.11308
804000 11.1757
805000 -2.26953
806000 2.43217
807000 10.0226
808000 15.3389
809000 17.918
810000 4.78156
811000 19.0455
812000 24.5518
813000 9.37289
814000 0.725448
815000 16.249
816000 10.8928
817000 9.7237
818000 13.5485
819000 12.2972
820000 14.1062
821000 11.964
822000 10.381
823000 9.65015
824000 16.9426
825000 3.46736
826000 10.8082
827000 13.1311
828000 8.47234
829000 1.37746
830000 7.94488
831000 11.28
832000 0.100357
833000 10.7385
834000 10.3268
835000 18.0008
836000 13.9669
837000 13.7235
838000 10.9185
839000 7.7894
840000 2.02662
841000 -1.99047
842000 8.14757
843000 18.7418
844000 11.5836
845000 17.3443
846000 11.2446
847000 10.6286
848000 11.8421
849000 10.5711
850000 13.6033
851000 11.2524
852000 11.6512
853000 12.8516
854000 10.8893
855000 3.63942
856000 6.04584
857000 7.11265
858000 11.5771
859000 9.65777
860000 11.3563
861000 2.76458
862000 15.3863
863000 14.4793
864000 -5.17377
865000 19.9146
866000 13.5745
867000 3.37134
868000 4.03048
869000 14.9592
870000 23.4259
871000 8.30193
872000 3.46864
873000 5.18501
874000 10.1173
875000 7.77125
876000 8.38692
877000 -0.786058
878000 5.73107
879000 9.94765
880000 9.32971
881000 -11.7819
882000 2.94857
883000 -0.327159
884000 0.491376
885000 4.93424
886000 14.8805
887000 10.7923
888000 14.6151
889000 15.3603
890000 2.72967
891000 7.23044
892000 -0.0023503
893000 -0.395991
894000 7.62473
895000 5.18994
896000 15.3887
897000 11.0241
898000 7.16881
899000 5.26945
900000 11.3212
901000 14.585
902000 -4.85189
903000 -6.50864
904000 15.8226
905000 12.5917
906000 13.0056
907000 13.46
908000 12.4026
909000 11.7022
910000 23.3506
911000 18.839
912000 14.5233
913000 0.536682
914000 10.1327
915000 5.39362
916000 7.29199
917000 15.1641
918000 19.5027
919000 10.0376
920000 4.89484
921000 12.1671
922000 11.9726
923000 9.81392
924000 11.2853
925000 14.8225
926000 16.1744
927000 2.42322
928000 4.60208
929000 5.65631
930000 -2.63437
931000 17.1265
932000 -1.07544
933000 9.50849
934000 11.5377
935000 3.00651
936000 19.2869
937000 17.1321
938000 7.70198
939000 17.9969
940000 16.5417
941000 16.0037
942000 9.15285
943000 12.4638
944000 7.3729
945000 3.48593
946000 0.449058
947000 7.0873
948000 1.21089
949000 11.6859
950000 13.8822
951000 8.20319
952000 10.1585
953000 9.5408
954000 22.7386
955000 13.5974
956000 16.98
957000 -4.72787
958000 6.31075
959000 6.54238
960000 3.08889
961000 10.0201
962000 19.961
963000 14.2992
964000 13.1758
965000 6.19666
966000 6.47772
967000 0.352961
968000 19.9581
969000 10.7266
970000 4.85941
971000 12.4694
972000 25.0972
973000 16.4145
974000 9.77841
975000 -2.47851
976000 7.66843
977000 11.943
978000 9.08123
979000 11.5522
980000 -1.39729
981000 15.5989
982000 2.16336
983000 3.27825
984000 7.0534
985000 12.6713
986000 6.40207
987000 16.5254
988000 16.2447
989000 17.3071
990000 2.04075
991000 16.0463
992000 12.2198
993000 15.551
994000 21.2324
995000 -5.40881
996000 8.56872
997000 13.769
998000 1.52378
999000 23.1864
1000000 5.39715
1001000 2.1308
1002000 9.27174
