# Time-averaged data for fix myat2
# TimeStep v_density
3000 0.0420951
4000 0.0187089
5000 0.0561267
6000 0.0280634
7000 0.0187089
8000 0.0514495
9000 0.0280634
10000 0.0514495
11000 0.0187089
12000 0.0327406
13000 0.0374178
14000 0.0561267
15000 0.0654812
16000 0.0420951
17000 0.0467723
18000 0.0327406
19000 0.0420951
20000 0.0187089
21000 0.0233861
22000 0.0327406
23000 0.0514495
24000 0.0233861
25000 0.0280634
26000 0.0233861
27000 0.0327406
28000 0.0374178
29000 0.0374178
30000 0.0140317
31000 0.0233861
32000 0.0420951
33000 0.0187089
34000 0.0233861
35000 0.0701584
36000 0.0233861
37000 0.0420951
38000 0.0327406
39000 0.0187089
40000 0.0420951
41000 0.0327406
42000 0.0420951
43000 0.0748357
44000 0.00467723
45000 0.0467723
46000 0.0748357
47000 0.0374178
48000 0.0561267
49000 0.0420951
50000 0.0374178
51000 0.0561267
52000 0.0514495
53000 0.0795129
54000 0.0140317
55000 0.0280634
56000 0.0327406
57000 0.0327406
58000 0.0187089
59000 0.0187089
60000 0.0514495
61000 0.0374178
62000 0.0374178
63000 0.0420951
64000 0.0467723
65000 0.0233861
66000 0.0280634
67000 0.0654812
68000 0.0374178
69000 0.0233861
70000 0.0233861
71000 0.0327406
72000 0.0233861
73000 0.0374178
74000 0.0561267
75000 0.0327406
76000 0.0561267
77000 0.0514495
78000 0.0654812
79000 0.0327406
80000 0.0514495
81000 0.0654812
82000 0.0561267
83000 0.0327406
84000 0.0327406
85000 0.0327406
86000 0.060804
87000 0.0233861
88000 0.0701584
89000 0.0327406
90000 0.0327406
91000 0.0327406
92000 0.00935446
93000 0.0514495
94000 0.0888673
95000 0.00935446
96000 0.060804
97000 0.0280634
98000 0.0280634
99000 0.0374178
100000 0.0514495
101000 0.060804
102000 0.0561267
103000 0.0327406
104000 0.060804
105000 0.0374178
106000 0.0187089
107000 0.0280634
108000 0.0420951
109000 0.0140317
110000 0.0374178
111000 0.0374178
112000 0.0327406
113000 0.0327406
114000 0.0561267
115000 0.0374178
116000 0.0888673
117000 0.0420951
118000 0.0280634
119000 0.0420951
120000 0.0374178
121000 0.0514495
122000 0.0327406
123000 0.0280634
124000 0.0420951
125000 0.0467723
126000 0.0654812
127000 0.0374178
128000 0.0561267
129000 0.0467723
130000 0.0280634
131000 0.0935446
132000 0.0374178
133000 0.0280634
134000 0.0420951
135000 0.0374178
136000 0.0327406
137000 0.0561267
138000 0.0280634
139000 0.0420951
140000 0.0514495
141000 0.0420951
142000 0.060804
143000 0.0467723
144000 0.0280634
145000 0.0187089
146000 0.0233861
147000 0.0280634
148000 0.0654812
149000 0.0374178
150000 0.060804
151000 0.0280634
152000 0.0561267
153000 0.0327406
154000 0.0420951
155000 0.0233861
156000 0.0327406
157000 0.0187089
158000 0.0374178
159000 0.0327406
160000 0.0233861
161000 0.0327406
162000 0.0327406
163000 0.0420951
164000 0.0420951
165000 0.0233861
166000 0.0233861
167000 0.0514495
168000 0.0327406
169000 0.060804
170000 0.0795129
171000 0.0514495
172000 0.0467723
173000 0.0233861
174000 0.0374178
175000 0.0561267
176000 0.060804
177000 0.0514495
178000 0.0467723
179000 0.0280634
180000 0.0467723
181000 0.0420951
182000 0.0280634
183000 0.0327406
184000 0.0280634
185000 0.0420951
186000 0.0420951
187000 0.0374178
188000 0.0233861
189000 0.0140317
190000 0.0374178
191000 0.0374178
192000 0.0280634
193000 0.0514495
194000 0.0374178
195000 0.0654812
196000 0.0701584
197000 0.0233861
198000 0.0374178
199000 0.0140317
200000 0.0467723
201000 0.0420951
202000 0.0561267
203000 0.0420951
204000 0.0795129
205000 0.0467723
206000 0.0420951
207000 0.0327406
208000 0.00935446
209000 0.0327406
210000 0.0374178
211000 0.0420951
212000 0.0374178
213000 0.0420951
214000 0.0280634
215000 0.0467723
216000 0.0280634
217000 0.0280634
218000 0.0327406
219000 0.0374178
220000 0.0467723
221000 0.0374178
222000 0.0327406
223000 0.0420951
224000 0.0420951
225000 0.060804
226000 0.0233861
227000 0.0374178
228000 0.0467723
229000 0.0280634
230000 0.0467723
231000 0.0327406
232000 0.0233861
233000 0.0327406
234000 0.0514495
235000 0.0561267
236000 0.0514495
237000 0.060804
238000 0.0327406
239000 0.0420951
240000 0.0374178
241000 0.0420951
242000 0.0561267
243000 0.0467723
244000 0.0420951
245000 0.0374178
246000 0.0420951
247000 0.0561267
248000 0.0561267
249000 0.0374178
250000 0.0374178
251000 0.0420951
252000 0.0514495
253000 0.0327406
254000 0.0748357
255000 0.0420951
256000 0.0748357
257000 0.0280634
258000 0.0467723
259000 0.0327406
260000 0.0514495
261000 0.0233861
262000 0.0374178
263000 0.0420951
264000 0.0514495
265000 0.0374178
266000 0.0467723
267000 0.00935446
268000 0.0467723
269000 0.0514495
270000 0.0327406
271000 0.0233861
272000 0.0795129
273000 0.0280634
274000 0.0420951
275000 0.0187089
276000 0.00935446
277000 0.0374178
278000 0.0420951
279000 0.0420951
280000 0.0467723
281000 0.0233861
282000 0.0467723
283000 0.0420951
284000 0.060804
285000 0.0187089
286000 0.0280634
287000 0.0374178
288000 0.0561267
289000 0.0233861
290000 0.0701584
291000 0.0748357
292000 0.0467723
293000 0.0374178
294000 0.0374178
295000 0.060804
296000 0.0140317
297000 0.0233861
298000 0.0280634
299000 0.0467723
300000 0.0187089
301000 0.0514495
302000 0.00935446
303000 0.0467723
304000 0.0748357
305000 0.0561267
306000 0.0327406
307000 0.0374178
308000 0.0327406
309000 0.0514495
310000 0.0233861
311000 0.0748357
312000 0.0280634
313000 0.0514495
314000 0.0327406
315000 0.0374178
316000 0.0514495
317000 0.0420951
318000 0.0467723
319000 0.0327406
320000 0.0374178
321000 0.0280634
322000 0.0140317
323000 0.0467723
324000 0.0280634
325000 0.0327406
326000 0.0187089
327000 0.0888673
328000 0.0327406
329000 0.0561267
330000 0.0514495
331000 0.0514495
332000 0.0327406
333000 0.0420951
334000 0.0420951
335000 0.0327406
336000 0.0467723
337000 0.0374178
338000 0.0374178
339000 0.0514495
340000 0.0280634
341000 0.0327406
342000 0.060804
343000 0.0233861
344000 0.0280634
345000 0.0514495
346000 0.0467723
347000 0.0467723
348000 0.0374178
349000 0.0374178
350000 0.0374178
351000 0.0561267
352000 0.0327406
353000 0.0187089
354000 0.0514495
355000 0.0467723
356000 0.0374178
357000 0.0420951
358000 0.00935446
359000 0.0327406
360000 0.0467723
361000 0.0467723
362000 0.0514495
363000 0.0467723
364000 0.0420951
365000 0.0561267
366000 0.0374178
367000 0.0233861
368000 0.0514495
369000 0.0561267
370000 0.0187089
371000 0.0327406
372000 0.0374178
373000 0.0327406
374000 0.0420951
375000 0.0654812
376000 0.0327406
377000 0.0327406
378000 0.0374178
379000 0.0561267
380000 0.0374178
381000 0.0187089
382000 0.0514495
383000 0.0841901
384000 0.0654812
385000 0.0374178
386000 0.0280634
387000 0.0420951
388000 0.0420951
389000 0.0420951
390000 0.0233861
391000 0.0514495
392000 0.0467723
393000 0.0420951
394000 0.0280634
395000 0.0420951
396000 0.0467723
397000 0.0233861
398000 0.0467723
399000 0.0420951
400000 0.0561267
401000 0.0374178
402000 0.0327406
403000 0.0187089
404000 0.0701584
405000 0.0467723
406000 0.0374178
407000 0.0561267
408000 0.0233861
409000 0.0514495
410000 0.0374178
411000 0.0140317
412000 0.0467723
413000 0.060804
414000 0.0374178
415000 0.0420951
416000 0.0420951
417000 0.0140317
418000 0.0701584
419000 0.0187089
420000 0.0187089
421000 0.0514495
422000 0.0561267
423000 0.0233861
424000 0.060804
425000 0.0701584
426000 0.0280634
427000 0.0140317
428000 0.0187089
429000 0.0514495
430000 0.0233861
431000 0.0514495
432000 0.0514495
433000 0.0467723
434000 0.0327406
435000 0.0327406
436000 0.0327406
437000 0.0140317
438000 0.060804
439000 0.0280634
440000 0.0514495
441000 0.0327406
442000 0.0467723
443000 0.0561267
444000 0.0327406
445000 0.0327406
446000 0.0420951
447000 0.0187089
448000 0.0701584
449000 0.0654812
450000 0.0374178
451000 0.0514495
452000 0.0374178
453000 0.0420951
454000 0.0420951
455000 0.0420951
456000 0.0420951
457000 0.0280634
458000 0.0561267
459000 0.0280634
460000 0.0280634
461000 0.0187089
462000 0.0420951
463000 0.0327406
464000 0.0374178
465000 0.0514495
466000 0.0374178
467000 0.0327406
468000 0.0280634
469000 0.0467723
470000 0.0280634
471000 0.0374178
472000 0.0327406
473000 0.0233861
474000 0.0467723
475000 0.0795129
476000 0.0374178
477000 0.0327406
478000 0.0187089
479000 0.0327406
480000 0.0420951
481000 0.0514495
482000 0.0467723
483000 0.0467723
484000 0.0374178
485000 0.0561267
486000 0.0561267
487000 0.0374178
488000 0.0327406
489000 0.0420951
490000 0.0420951
491000 0.0140317
492000 0.0327406
493000 0.0233861
494000 0.0280634
495000 0.0514495
496000 0.0420951
497000 0.0467723
498000 0.0467723
499000 0.0327406
500000 0.0327406
501000 0.0420951
502000 0.0280634
503000 0.0140317
504000 0.0561267
505000 0.0280634
506000 0.0748357
507000 0.0374178
508000 0.0514495
509000 0.0280634
510000 0.060804
511000 0.0514495
512000 0.0280634
513000 0.0374178
514000 0.0187089
515000 0.0187089
516000 0.0233861
517000 0.0374178
518000 0.0420951
519000 0.0514495
520000 0.0327406
521000 0.0327406
522000 0.0748357
523000 0.0280634
524000 0.0233861
525000 0.0514495
526000 0.0327406
527000 0.0467723
528000 0.0280634
529000 0.060804
530000 0.0514495
531000 0.0187089
532000 0.0514495
533000 0.0420951
534000 0.060804
535000 0.0467723
536000 0.0654812
537000 0.0280634
538000 0.0233861
539000 0.0514495
540000 0.0280634
541000 0.0140317
542000 0.0233861
543000 0.0795129
544000 0.0374178
545000 0.0420951
546000 0.0561267
547000 0.0420951
548000 0.060804
549000 0.0327406
550000 0.0327406
551000 0.0420951
552000 0.0467723
553000 0.0374178
554000 0.0467723
555000 0.0327406
556000 0.0374178
557000 0.0280634
558000 0.0514495
559000 0.0467723
560000 0.0233861
561000 0.0280634
562000 0.0561267
563000 0.0467723
564000 0.0467723
565000 0.0467723
566000 0.0233861
567000 0.0514495
568000 0.0187089
569000 0.0420951
570000 0.0280634
571000 0.0467723
572000 0.0654812
573000 0.0374178
574000 0.0420951
575000 0.0327406
576000 0.0514495
577000 0.0420951
578000 0.0374178
579000 0.0701584
580000 0.0327406
581000 0.0467723
582000 0.0374178
583000 0.0420951
584000 0.0280634
585000 0.0374178
586000 0.0374178
587000 0.0420951
588000 0.0420951
589000 0.060804
590000 0.0374178
591000 0.0233861
592000 0.0327406
593000 0.0374178
594000 0.0561267
595000 0.0654812
596000 0.0233861
597000 0.0701584
598000 0.0514495
599000 0.0982218
600000 0.0374178
601000 0.0467723
602000 0.0654812
603000 0.0327406
604000 0.0514495
605000 0.0654812
606000 0.0374178
607000 0.0187089
608000 0.0187089
609000 0.0233861
610000 0.0233861
611000 0.0561267
612000 0.0514495
613000 0.0561267
614000 0.060804
615000 0.0280634
616000 0.060804
617000 0.0233861
618000 0.0140317
619000 0.0561267
620000 0.0327406
621000 0.0795129
622000 0.0514495
623000 0.0327406
624000 0.0327406
625000 0.0187089
626000 0.0654812
627000 0.0187089
628000 0.0233861
629000 0.0374178
630000 0.0420951
631000 0.0561267
632000 0.0420951
633000 0.0467723
634000 0.060804
635000 0.0561267
636000 0.0327406
637000 0.0233861
638000 0.0514495
639000 0.0514495
640000 0.0514495
641000 0.0467723
642000 0.0561267
643000 0.0233861
644000 0.0467723
645000 0.0374178
646000 0.0187089
647000 0.0701584
648000 0.0280634
649000 0.0280634
650000 0.0233861
651000 0.0420951
652000 0.0654812
653000 0.0140317
654000 0.0233861
655000 0.0467723
656000 0.0187089
657000 0.0467723
658000 0.0561267
659000 0.0187089
660000 0.0327406
661000 0.0420951
662000 0.0327406
663000 0.0514495
664000 0.0420951
665000 0.0420951
666000 0.0514495
667000 0.0561267
668000 0.0187089
669000 0.0327406
670000 0.0654812
671000 0.060804
672000 0.00935446
673000 0.0280634
674000 0.0374178
675000 0.0748357
676000 0.0233861
677000 0.060804
678000 0.0327406
679000 0.0233861
680000 0.0280634
681000 0.0233861
682000 0.0187089
683000 0.0327406
684000 0.0701584
685000 0.0374178
686000 0.0187089
687000 0.0420951
688000 0.0327406
689000 0.0327406
690000 0.0467723
691000 0.0233861
692000 0.0467723
693000 0.0420951
694000 0.0233861
695000 0.0233861
696000 0.0140317
697000 0.0327406
698000 0.0420951
699000 0.0327406
700000 0.0233861
701000 0.0327406
702000 0.0514495
703000 0.0327406
704000 0.0327406
705000 0.0420951
706000 0.0374178
707000 0.0233861
708000 0.0374178
709000 0.0561267
710000 0.0280634
711000 0.0561267
712000 0.0374178
713000 0.0467723
714000 0.0374178
715000 0.0233861
716000 0.0280634
717000 0.0187089
718000 0.0374178
719000 0.0561267
720000 0.0467723
721000 0.0467723
722000 0.0467723
723000 0.0420951
724000 0.0467723
725000 0.0467723
726000 0.0233861
727000 0.0514495
728000 0.0280634
729000 0.0514495
730000 0.0561267
731000 0.0374178
732000 0.0420951
733000 0.060804
734000 0.0467723
735000 0.0327406
736000 0.0561267
737000 0.060804
738000 0.0280634
739000 0.0280634
740000 0.0654812
741000 0.0140317
742000 0.0140317
743000 0.0327406
744000 0.0420951
745000 0.0280634
746000 0.0374178
747000 0.0467723
748000 0.0327406
749000 0.0467723
750000 0.0420951
751000 0.0467723
752000 0.0514495
753000 0.0140317
754000 0.0327406
755000 0.0327406
756000 0.0420951
757000 0.0701584
758000 0.0374178
759000 0.0420951
760000 0.0140317
761000 0.0280634
762000 0.0233861
763000 0.0514495
764000 0.0327406
765000 0.0233861
766000 0.0467723
767000 0.060804
768000 0.0795129
769000 0.0514495
770000 0.0374178
771000 0.0374178
772000 0.0280634
773000 0.0561267
774000 0.0327406
775000 0.0187089
776000 0.0514495
777000 0.0374178
778000 0.0420951
779000 0.0140317
780000 0.0420951
781000 0.0280634
782000 0.0654812
783000 0.060804
784000 0.0327406
785000 0.0374178
786000 0.0187089
787000 0.0327406
788000 0.0420951
789000 0.0467723
790000 0.0233861
791000 0.0327406
792000 0.0280634
793000 0.0420951
794000 0.0327406
795000 0.0327406
796000 0.0514495
797000 0.0233861
798000 0.0280634
799000 0.0374178
800000 0.0233861
801000 0.0467723
802000 0.0467723
803000 0.0467723
804000 0.0654812
805000 0.0467723
806000 0.0327406
807000 0.0420951
808000 0.0374178
809000 0.0561267
810000 0.0374178
811000 0.0654812
812000 0.0140317
813000 0.0420951
814000 0.0561267
815000 0.0327406
816000 0.0233861
817000 0.0374178
818000 0.0327406
819000 0.0233861
820000 0.0841901
821000 0.0374178
822000 0.060804
823000 0.0327406
824000 0.060804
825000 0.0327406
826000 0.0327406
827000 0.0327406
828000 0.0280634
829000 0.0420951
830000 0.0280634
831000 0.0280634
832000 0.0514495
833000 0.0187089
834000 0.0327406
835000 0.0374178
836000 0.0701584
837000 0.0467723
838000 0.0280634
839000 0.0327406
840000 0.0514495
841000 0.0561267
842000 0.0514495
843000 0.0374178
844000 0.0280634
845000 0.0280634
846000 0.0187089
847000 0.060804
848000 0.0467723
849000 0.0374178
850000 0.0327406
851000 0.0561267
852000 0.0374178
853000 0.0420951
854000 0.0327406
855000 0.00935446
856000 0.0374178
857000 0.0561267
858000 0.0514495
859000 0.0374178
860000 0.00935446
861000 0.0374178
862000 0.0327406
863000 0.0467723
864000 0.0327406
865000 0.0327406
866000 0.0420951
867000 0.0233861
868000 0.0514495
869000 0.0327406
870000 0.0514495
871000 0.0327406
872000 0.0187089
873000 0.0280634
874000 0.0514495
875000 0.0467723
876000 0.0374178
877000 0.0280634
878000 0.0140317
879000 0.0467723
880000 0.0327406
881000 0.0701584
882000 0.0467723
883000 0.0374178
884000 0.0327406
885000 0.0187089
886000 0.0561267
887000 0.0654812
888000 0.0701584
889000 0.0327406
890000 0.0233861
891000 0.0327406
892000 0.0748357
893000 0.0514495
894000 0.0561267
895000 0.060804
896000 0.0327406
897000 0.0327406
898000 0.0374178
899000 0.0327406
900000 0.00935446
901000 0.0561267
902000 0.0420951
903000 0.0841901
904000 0.0701584
905000 0.0467723
906000 0.0140317
907000 0.0561267
908000 0.0280634
909000 0.0233861
910000 0.0374178
911000 0.0795129
912000 0.0467723
913000 0.0327406
914000 0.0327406
915000 0.0280634
916000 0.0187089
917000 0.0280634
918000 0.0280634
919000 0.0374178
920000 0.0467723
921000 0.0420951
922000 0.0187089
923000 0.0140317
924000 0.060804
925000 0.0280634
926000 0.0420951
927000 0.0514495
928000 0.0420951
929000 0.0374178
930000 0.0420951
931000 0.0561267
932000 0.0561267
933000 0.0280634
934000 0.0327406
935000 0.0280634
936000 0.0795129
937000 0.0654812
938000 0.0514495
939000 0.0467723
940000 0.0374178
941000 0.0514495
942000 0.0420951
943000 0.0374178
944000 0.0327406
945000 0.0467723
946000 0.0514495
947000 0.0280634
948000 0.0514495
949000 0.0327406
950000 0.0420951
951000 0.0514495
952000 0.0467723
953000 0.0420951
954000 0.0187089
955000 0.0327406
956000 0.060804
957000 0.0654812
958000 0.0374178
959000 0.0561267
960000 0.0280634
961000 0.0233861
962000 0.060804
963000 0.0561267
964000 0.0654812
965000 0.0561267
966000 0.0233861
967000 0.0140317
968000 0.0654812
969000 0.0374178
970000 0.0561267
971000 0.060804
972000 0.0374178
973000 0.0561267
974000 0.0187089
975000 0.0280634
976000 0.0327406
977000 0.0187089
978000 0.0327406
979000 0.0561267
980000 0.060804
981000 0.0140317
982000 0.0561267
983000 0.0514495
984000 0.0420951
985000 0.0514495
986000 0.0374178
987000 0.0327406
988000 0.060804
989000 0.0140317
990000 0.0327406
991000 0.0327406
992000 0.0327406
993000 0.060804
994000 0.060804
995000 0.0420951
996000 0.0187089
997000 0.0327406
998000 0.0327406
999000 0.0514495
1000000 0.0280634
1001000 0.0420951
1002000 0.0374178
1003000 0.0467723
1004000 0.0467723
1005000 0.0561267
1006000 0.0514495
1007000 0.0187089
1008000 0.0467723
1009000 0.0654812
1010000 0.0280634
1011000 0.0467723
1012000 0.0467723
1013000 0.0280634
1014000 0.0327406
1015000 0.0327406
1016000 0.0374178
1017000 0.0561267
1018000 0.0280634
1019000 0.0187089
1020000 0.0467723
1021000 0.0514495
1022000 0.0140317
1023000 0.0795129
1024000 0.0187089
1025000 0.0327406
1026000 0.0561267
1027000 0.0420951
1028000 0.0467723
1029000 0.0280634
1030000 0.060804
1031000 0.0514495
1032000 0.0140317
1033000 0.0420951
1034000 0.0467723
1035000 0.0561267
1036000 0.0280634
1037000 0.0514495
1038000 0.0374178
1039000 0.0420951
1040000 0.0233861
1041000 0.0374178
1042000 0.0514495
1043000 0.0467723
1044000 0.0467723
1045000 0.0280634
1046000 0.0374178
1047000 0.0233861
1048000 0.060804
1049000 0.0748357
1050000 0.0327406
1051000 0.0467723
1052000 0.0748357
1053000 0.0280634
1054000 0.060804
1055000 0.060804
1056000 0.0187089
1057000 0.0280634
1058000 0.0374178
1059000 0.0467723
1060000 0.0374178
1061000 0.0514495
1062000 0.0467723
1063000 0.0420951
1064000 0.0327406
1065000 0.0327406
1066000 0.0140317
1067000 0.0420951
1068000 0.0654812
1069000 0.0280634
1070000 0.0748357
1071000 0.0327406
1072000 0.0420951
1073000 0.0420951
1074000 0.0327406
1075000 0.0327406
1076000 0.0561267
1077000 0.00935446
1078000 0.0374178
1079000 0.0467723
1080000 0.060804
1081000 0.0280634
1082000 0.0841901
1083000 0.0280634
1084000 0.0467723
1085000 0.0561267
1086000 0.0374178
1087000 0.0420951
1088000 0.0514495
1089000 0.0374178
1090000 0.0374178
1091000 0.0561267
1092000 0.0420951
1093000 0.0187089
1094000 0.0140317
1095000 0.060804
1096000 0.0374178
1097000 0.0514495
1098000 0.0327406
1099000 0.0420951
1100000 0.0514495
1101000 0.0374178
1102000 0.0374178
1103000 0.060804
1104000 0.0467723
1105000 0.0748357
1106000 0.0187089
1107000 0.0514495
1108000 0.0280634
1109000 0.0374178
1110000 0.0327406
1111000 0.0327406
1112000 0.0233861
1113000 0.0280634
1114000 0.0374178
1115000 0.0514495
1116000 0.0187089
1117000 0.0420951
1118000 0.0514495
1119000 0.0280634
1120000 0.0280634
1121000 0.0327406
1122000 0.0280634
1123000 0.0280634
1124000 0.0561267
1125000 0.060804
1126000 0.00935446
1127000 0.0327406
1128000 0.0467723
1129000 0.0374178
1130000 0.0514495
1131000 0.0327406
1132000 0.060804
1133000 0.0514495
1134000 0.0467723
1135000 0.0514495
1136000 0.0561267
1137000 0.0327406
1138000 0.0561267
1139000 0.0280634
1140000 0.0514495
1141000 0.0327406
1142000 0.0280634
1143000 0.0467723
1144000 0.0233861
1145000 0.0420951
1146000 0.0140317
1147000 0.0514495
1148000 0.0233861
1149000 0.0467723
1150000 0.0561267
1151000 0.0420951
1152000 0.0327406
1153000 0.0374178
1154000 0.0280634
1155000 0.0467723
1156000 0.060804
1157000 0.0187089
1158000 0.0514495
1159000 0.0701584
1160000 0.0420951
1161000 0.0561267
1162000 0.0187089
1163000 0.0280634
1164000 0.0748357
1165000 0.0420951
1166000 0.0187089
1167000 0.0514495
1168000 0.0467723
1169000 0.0514495
1170000 0.0280634
1171000 0.0514495
1172000 0.0280634
1173000 0.0514495
1174000 0.0327406
1175000 0.060804
1176000 0.0420951
1177000 0.0561267
1178000 0.0233861
1179000 0.0420951
1180000 0.0280634
1181000 0.0374178
1182000 0.0561267
1183000 0.0374178
1184000 0.0420951
1185000 0.0327406
1186000 0.0327406
1187000 0.0420951
1188000 0.0420951
1189000 0.00935446
1190000 0.0233861
1191000 0.0374178
1192000 0.0467723
1193000 0.0374178
1194000 0.0233861
1195000 0.0420951
1196000 0.0514495
1197000 0.0233861
1198000 0.0327406
1199000 0.0280634
1200000 0.0654812
1201000 0.0701584
1202000 0.0420951
1203000 0.0374178
1204000 0.0327406
1205000 0.0327406
1206000 0.0467723
1207000 0.0420951
1208000 0.0374178
1209000 0.0327406
1210000 0.0654812
1211000 0.0374178
1212000 0.0327406
1213000 0.060804
1214000 0.0140317
1215000 0.0280634
1216000 0.0420951
1217000 0.0467723
1218000 0.060804
1219000 0.0514495
1220000 0.0561267
1221000 0.0561267
1222000 0.0420951
1223000 0.0233861
1224000 0.0514495
1225000 0.0795129
1226000 0.0187089
1227000 0.0187089
1228000 0.0140317
1229000 0.0888673
1230000 0.0187089
1231000 0.0327406
1232000 0.0654812
1233000 0.0280634
1234000 0.0561267
1235000 0.0280634
1236000 0.0233861
1237000 0.0374178
1238000 0.0514495
1239000 0.0233861
1240000 0.0420951
1241000 0.0187089
1242000 0.060804
1243000 0.0327406
1244000 0.0233861
1245000 0.0233861
1246000 0.0374178
1247000 0.0514495
1248000 0.0374178
1249000 0.0374178
1250000 0.0795129
1251000 0.0514495
1252000 0.0420951
1253000 0.0280634
1254000 0.0187089
1255000 0.0327406
1256000 0.0327406
1257000 0.0327406
1258000 0.00935446
1259000 0.0467723
1260000 0.0561267
1261000 0.0561267
1262000 0.0467723
1263000 0.0374178
1264000 0.0374178
1265000 0.0561267
1266000 0.0420951
1267000 0.0374178
1268000 0.0467723
1269000 0.0374178
1270000 0.0233861
1271000 0.0374178
1272000 0.0374178
1273000 0.0514495
1274000 0.0233861
1275000 0.0327406
1276000 0.0280634
1277000 0.0374178
1278000 0.0795129
1279000 0.0327406
1280000 0.0514495
1281000 0.0467723
1282000 0.0514495
1283000 0.0327406
1284000 0.0327406
1285000 0.0514495
1286000 0.060804
1287000 0.0233861
1288000 0.0233861
1289000 0.0374178
1290000 0.0374178
1291000 0.0374178
1292000 0.0654812
1293000 0.0374178
1294000 0.0233861
1295000 0.0327406
1296000 0.0514495
1297000 0.0187089
1298000 0.0420951
1299000 0.0374178
1300000 0.0420951
1301000 0.0187089
1302000 0.0561267
1303000 0.0233861
1304000 0.0187089
1305000 0.0467723
1306000 0.0374178
1307000 0.00935446
1308000 0.060804
1309000 0.060804
1310000 0.0280634
1311000 0.0514495
1312000 0.0701584
1313000 0.0748357
1314000 0.0280634
1315000 0.0187089
1316000 0.0327406
1317000 0.0514495
1318000 0.0327406
1319000 0.0561267
1320000 0.0280634
1321000 0.0233861
1322000 0.0841901
1323000 0.0280634
1324000 0.0327406
1325000 0.0233861
1326000 0.0420951
1327000 0.0327406
1328000 0.0233861
1329000 0.0514495
1330000 0.0280634
1331000 0.0374178
1332000 0.0233861
1333000 0.0420951
1334000 0.060804
1335000 0.0420951
1336000 0.0374178
1337000 0.0467723
1338000 0.0654812
1339000 0.0514495
1340000 0.0280634
1341000 0.0467723
1342000 0.0233861
1343000 0.0233861
1344000 0.0374178
1345000 0.0280634
1346000 0.0327406
1347000 0.0233861
1348000 0.0374178
1349000 0.0280634
1350000 0.0467723
1351000 0.0374178
1352000 0.0280634
1353000 0.0420951
1354000 0.0233861
1355000 0.0654812
1356000 0.0280634
1357000 0.0467723
1358000 0.0187089
1359000 0.0327406
1360000 0.0327406
1361000 0.0374178
1362000 0.0467723
1363000 0.0514495
1364000 0.0654812
1365000 0.0233861
1366000 0.0327406
1367000 0.0374178
1368000 0.0654812
1369000 0.0701584
1370000 0.0280634
1371000 0.0514495
1372000 0.0374178
1373000 0.0327406
1374000 0.0841901
1375000 0.0327406
1376000 0.0420951
1377000 0.0420951
1378000 0.0374178
1379000 0.0420951
1380000 0.0374178
1381000 0.0467723
1382000 0.0795129
1383000 0.0467723
1384000 0.0514495
1385000 0.0327406
1386000 0.0888673
1387000 0.0420951
1388000 0.0233861
1389000 0.0327406
1390000 0.0327406
1391000 0.0420951
1392000 0.0327406
1393000 0.0327406
1394000 0.0374178
1395000 0.060804
1396000 0.0561267
1397000 0.0280634
1398000 0.0701584
1399000 0.0327406
1400000 0.0420951
1401000 0.0374178
1402000 0.060804
1403000 0.0374178
1404000 0.0280634
1405000 0.0701584
1406000 0.0561267
1407000 0.060804
1408000 0.0514495
1409000 0.0327406
1410000 0.0374178
1411000 0.0280634
1412000 0.0561267
1413000 0.0233861
1414000 0.0420951
1415000 0.0420951
1416000 0.0327406
1417000 0.0514495
1418000 0.0420951
1419000 0.0514495
1420000 0.0187089
1421000 0.0420951
1422000 0.0374178
1423000 0.0280634
1424000 0.0374178
1425000 0.0467723
1426000 0.0561267
1427000 0.0187089
1428000 0.060804
1429000 0.0467723
1430000 0.0420951
1431000 0.060804
1432000 0.0420951
1433000 0.0514495
1434000 0.0467723
1435000 0.0561267
1436000 0.0374178
1437000 0.0467723
1438000 0.0467723
1439000 0.0374178
1440000 0.0374178
1441000 0.0654812
1442000 0.0654812
1443000 0.0514495
1444000 0.0561267
1445000 0.0327406
1446000 0.0514495
1447000 0.0374178
1448000 0.0467723
1449000 0.0280634
1450000 0.0280634
1451000 0.0514495
1452000 0.0280634
1453000 0.0280634
1454000 0.0561267
1455000 0.0374178
1456000 0.0374178
1457000 0.0514495
1458000 0.0280634
1459000 0.0233861
1460000 0.0140317
1461000 0.0467723
1462000 0.0795129
1463000 0.0420951
1464000 0.0467723
1465000 0.0374178
1466000 0.060804
1467000 0.0467723
1468000 0.0514495
1469000 0.0327406
1470000 0.0514495
1471000 0.0374178
1472000 0.060804
1473000 0.0420951
1474000 0.0420951
1475000 0.0374178
1476000 0.0327406
1477000 0.0467723
1478000 0.0420951
1479000 0.0467723
1480000 0.0233861
1481000 0.0374178
1482000 0.0374178
1483000 0.0467723
1484000 0.0233861
1485000 0.0374178
1486000 0.0233861
1487000 0.0420951
1488000 0.0187089
1489000 0.0280634
1490000 0.0467723
1491000 0.0233861
1492000 0.0467723
1493000 0.0374178
1494000 0.0561267
1495000 0.0561267
1496000 0.0327406
1497000 0.0327406
1498000 0.060804
1499000 0.0654812
1500000 0.0420951
1501000 0.0327406
1502000 0.0327406
1503000 0.0467723
1504000 0.0514495
1505000 0.0374178
1506000 0.0280634
1507000 0.0467723
1508000 0.0561267
1509000 0.0327406
1510000 0.0654812
1511000 0.0467723
1512000 0.0420951
1513000 0.0233861
1514000 0.0514495
1515000 0.0561267
1516000 0.0187089
1517000 0.060804
1518000 0.060804
1519000 0.0561267
1520000 0.0561267
1521000 0.0467723
1522000 0.0140317
1523000 0.0748357
1524000 0.0514495
1525000 0.0327406
1526000 0.0514495
1527000 0.0280634
1528000 0.0467723
1529000 0.0327406
1530000 0.0374178
1531000 0.0374178
1532000 0.0514495
1533000 0.0374178
1534000 0.0374178
1535000 0.0420951
1536000 0.0140317
1537000 0.060804
1538000 0.0467723
1539000 0.0140317
1540000 0.0140317
1541000 0.0420951
1542000 0.0467723
1543000 0.0140317
1544000 0.0420951
1545000 0.0280634
1546000 0.0514495
1547000 0.0420951
1548000 0.0561267
1549000 0.060804
1550000 0.0374178
1551000 0.0327406
1552000 0.0374178
1553000 0.0280634
1554000 0.0467723
1555000 0.0420951
1556000 0.0467723
1557000 0.0514495
1558000 0.0467723
1559000 0.0374178
1560000 0.0374178
1561000 0.0748357
1562000 0.0514495
1563000 0.0280634
1564000 0.0374178
1565000 0.0514495
1566000 0.0420951
1567000 0.0280634
1568000 0.0467723
1569000 0.060804
1570000 0.0280634
1571000 0.0280634
1572000 0.0233861
1573000 0.0795129
1574000 0.0467723
1575000 0.0467723
1576000 0.0374178
1577000 0.0420951
1578000 0.00935446
1579000 0.0187089
1580000 0.0420951
1581000 0.0374178
1582000 0.0233861
1583000 0.0514495
1584000 0.0467723
1585000 0.0327406
1586000 0.060804
1587000 0.0327406
1588000 0.0514495
1589000 0.0467723
1590000 0.0514495
1591000 0.0233861
1592000 0.0140317
1593000 0.0374178
1594000 0.0420951
1595000 0.060804
1596000 0.0280634
1597000 0.0420951
1598000 0.0420951
1599000 0.0561267
1600000 0.0374178
1601000 0.0140317
1602000 0.0654812
1603000 0.0420951
1604000 0.060804
1605000 0.0467723
1606000 0.0233861
1607000 0.0374178
1608000 0.0327406
1609000 0.0140317
1610000 0.0561267
1611000 0.0467723
1612000 0.0514495
1613000 0.0233861
1614000 0.0327406
1615000 0.0374178
1616000 0.0280634
1617000 0.0748357
1618000 0.0233861
1619000 0.0795129
1620000 0.0420951
1621000 0.0233861
1622000 0.0420951
1623000 0.0514495
1624000 0.0420951
1625000 0.0420951
1626000 0.0280634
1627000 0.0327406
1628000 0.0467723
1629000 0.0467723
1630000 0.0701584
1631000 0.0561267
1632000 0.0280634
1633000 0.0514495
1634000 0.0327406
1635000 0.0233861
1636000 0.0654812
1637000 0.0233861
1638000 0.0374178
1639000 0.0233861
1640000 0.0701584
1641000 0.0467723
1642000 0.060804
1643000 0.0467723
1644000 0.060804
1645000 0.0233861
1646000 0.0280634
1647000 0.00935446
1648000 0.0187089
1649000 0.0327406
1650000 0.00467723
1651000 0.0841901
1652000 0.0561267
1653000 0.0420951
1654000 0.0467723
1655000 0.0420951
1656000 0.0233861
1657000 0.0280634
1658000 0.060804
1659000 0.060804
1660000 0.0374178
1661000 0.0280634
1662000 0.0467723
1663000 0.060804
1664000 0.0280634
1665000 0.0233861
1666000 0.0701584
1667000 0.0280634
1668000 0.0514495
1669000 0.0467723
1670000 0.0327406
1671000 0.060804
1672000 0.0561267
1673000 0.0514495
1674000 0.0140317
1675000 0.0467723
1676000 0.0233861
1677000 0.0420951
1678000 0.0561267
1679000 0.0233861
1680000 0.0514495
1681000 0.0467723
1682000 0.0420951
1683000 0.060804
1684000 0.0467723
1685000 0.0420951
1686000 0.0467723
1687000 0.0187089
1688000 0.0280634
1689000 0.0561267
1690000 0.0187089
1691000 0.0561267
1692000 0.0233861
1693000 0.0233861
1694000 0.0420951
1695000 0.0187089
1696000 0.0420951
1697000 0.0327406
1698000 0.0888673
1699000 0.0140317
1700000 0.0841901
1701000 0.0280634
1702000 0.0327406
1703000 0.0280634
1704000 0.0327406
1705000 0.0374178
1706000 0.0795129
1707000 0.0514495
1708000 0.0467723
1709000 0.0327406
1710000 0.0514495
1711000 0.00935446
1712000 0.0280634
1713000 0.0280634
1714000 0.0420951
1715000 0.0280634
1716000 0.060804
1717000 0.0327406
1718000 0.0187089
1719000 0.0420951
1720000 0.0233861
1721000 0.0514495
1722000 0.0233861
1723000 0.0467723
1724000 0.0514495
1725000 0.0420951
1726000 0.0187089
1727000 0.0467723
1728000 0.0374178
1729000 0.0327406
1730000 0.0327406
1731000 0.0140317
1732000 0.0280634
1733000 0.0561267
1734000 0.0420951
1735000 0.0327406
1736000 0.0280634
1737000 0.0374178
1738000 0.0233861
1739000 0.0374178
1740000 0.0654812
1741000 0.0467723
1742000 0.0233861
1743000 0.0280634
1744000 0.0374178
1745000 0.060804
1746000 0.060804
1747000 0.0561267
1748000 0.060804
1749000 0.00935446
1750000 0.0467723
1751000 0.0467723
1752000 0.0327406
1753000 0.0467723
1754000 0.0327406
1755000 0.0280634
1756000 0.0280634
1757000 0.0467723
1758000 0.0514495
1759000 0.0280634
1760000 0.0280634
1761000 0.0327406
1762000 0.0374178
1763000 0.0420951
1764000 0.0514495
1765000 0.0327406
1766000 0.0187089
1767000 0.0420951
1768000 0.0467723
1769000 0.0374178
1770000 0.0561267
1771000 0.0467723
1772000 0.060804
1773000 0.0280634
1774000 0.0327406
1775000 0.0140317
1776000 0.0420951
1777000 0.0187089
1778000 0.0374178
1779000 0.0795129
1780000 0.0327406
1781000 0.0374178
1782000 0.0701584
1783000 0.0467723
1784000 0.0327406
1785000 0.0327406
1786000 0.0374178
1787000 0.0374178
1788000 0.0327406
1789000 0.0233861
1790000 0.0140317
1791000 0.0233861
1792000 0.0467723
1793000 0.0374178
1794000 0.0514495
1795000 0.0187089
1796000 0.0233861
1797000 0.0280634
1798000 0.0327406
1799000 0.0467723
1800000 0.0327406
1801000 0.0748357
1802000 0.0467723
1803000 0.0420951
1804000 0.0327406
1805000 0.0374178
1806000 0.0187089
1807000 0.0327406
1808000 0.0467723
1809000 0.0327406
1810000 0.0327406
1811000 0.060804
1812000 0.0187089
1813000 0.0374178
1814000 0.0187089
1815000 0.0420951
1816000 0.060804
1817000 0.0514495
1818000 0.0420951
1819000 0.0514495
1820000 0.0140317
1821000 0.0280634
1822000 0.0420951
1823000 0.0514495
1824000 0.0514495
1825000 0.0374178
1826000 0.0327406
1827000 0.0514495
1828000 0.0327406
1829000 0.0467723
1830000 0.0514495
1831000 0.0795129
1832000 0.0514495
1833000 0.0561267
1834000 0.0374178
1835000 0.0420951
1836000 0.0841901
1837000 0.0467723
1838000 0.0467723
1839000 0.0374178
1840000 0.0654812
1841000 0.060804
1842000 0.0374178
1843000 0.0888673
1844000 0.0327406
1845000 0.0327406
1846000 0.0327406
1847000 0.0420951
1848000 0.0514495
1849000 0.0327406
1850000 0.0327406
1851000 0.0514495
1852000 0.0514495
1853000 0.0327406
1854000 0.0233861
1855000 0.0420951
1856000 0.0514495
1857000 0.0420951
1858000 0.0467723
1859000 0.0187089
1860000 0.0374178
1861000 0.0280634
1862000 0.0374178
1863000 0.0327406
1864000 0.0374178
1865000 0.0701584
1866000 0.0140317
1867000 0.0514495
1868000 0.0187089
1869000 0.0420951
1870000 0.0467723
1871000 0.0374178
1872000 0.0420951
1873000 0.0327406
1874000 0.0374178
1875000 0.0374178
1876000 0.0420951
1877000 0.0561267
1878000 0.0561267
1879000 0.0374178
1880000 0.0654812
1881000 0.0233861
1882000 0.0701584
1883000 0.0374178
1884000 0.0280634
1885000 0.0280634
1886000 0.0420951
1887000 0.060804
1888000 0.0233861
1889000 0.0280634
1890000 0.0561267
1891000 0.0654812
1892000 0.0467723
1893000 0.0467723
1894000 0.0374178
1895000 0.00935446
1896000 0.0280634
1897000 0.0327406
1898000 0.0420951
1899000 0.0374178
1900000 0.0374178
1901000 0.0420951
1902000 0.0654812
1903000 0.0280634
1904000 0.0187089
1905000 0.0561267
1906000 0.0374178
1907000 0.0420951
1908000 0.0280634
1909000 0.0374178
1910000 0.0280634
1911000 0.0280634
1912000 0.0654812
1913000 0.0420951
1914000 0.0654812
1915000 0.0561267
1916000 0.0374178
1917000 0.0280634
1918000 0.0654812
1919000 0.00935446
1920000 0.0187089
1921000 0.0280634
1922000 0.0374178
1923000 0.0280634
1924000 0.0280634
1925000 0.0420951
1926000 0.0327406
1927000 0.0654812
1928000 0.060804
1929000 0.0280634
1930000 0.0561267
1931000 0.0467723
1932000 0.0233861
1933000 0.0514495
1934000 0.0467723
1935000 0.0327406
1936000 0.060804
1937000 0.0327406
1938000 0.0280634
1939000 0.0701584
1940000 0.0654812
1941000 0.0420951
1942000 0.0327406
1943000 0.0561267
1944000 0.0280634
1945000 0.0467723
1946000 0.0374178
1947000 0.0654812
1948000 0.0327406
1949000 0.0514495
1950000 0.0327406
1951000 0.0467723
1952000 0.0467723
1953000 0.0280634
1954000 0.0514495
1955000 0.0420951
1956000 0.0654812
1957000 0.0233861
1958000 0.0280634
1959000 0.0280634
1960000 0.0467723
1961000 0.0514495
1962000 0.0327406
1963000 0.0327406
1964000 0.0420951
1965000 0.0514495
1966000 0.0654812
1967000 0.0561267
1968000 0.0514495
1969000 0.0420951
1970000 0.0327406
1971000 0.0327406
1972000 0.0561267
1973000 0.0233861
1974000 0.00935446
1975000 0.0280634
1976000 0.0701584
1977000 0.0374178
1978000 0.060804
1979000 0.0467723
1980000 0.0374178
1981000 0.0561267
1982000 0.0467723
1983000 0.0514495
1984000 0.0420951
1985000 0.0233861
1986000 0.0374178
1987000 0.0187089
1988000 0.0701584
1989000 0.0561267
1990000 0.0748357
1991000 0.00467723
1992000 0.0374178
1993000 0.0467723
1994000 0.0327406
1995000 0.0514495
1996000 0.0327406
1997000 0.060804
1998000 0.0514495
1999000 0.0374178
2000000 0.0327406
2001000 0.0233861
2002000 0.0467723
2003000 0.0420951
2004000 0.060804
2005000 0.0233861
2006000 0.0561267
2007000 0.0233861
2008000 0.0374178
2009000 0.0280634
2010000 0.0467723
2011000 0.0420951
2012000 0.060804
2013000 0.0654812
2014000 0.0561267
2015000 0.0701584
2016000 0.0187089
2017000 0.0561267
2018000 0.0280634
2019000 0.0140317
2020000 0.0420951
2021000 0.0327406
2022000 0.0233861
2023000 0.0374178
2024000 0.0467723
2025000 0.0233861
2026000 0.0280634
2027000 0.0654812
2028000 0.0327406
2029000 0.0701584
2030000 0.0374178
2031000 0.0420951
2032000 0.0374178
2033000 0.0233861
2034000 0.0514495
2035000 0.0420951
2036000 0.0561267
2037000 0.0467723
2038000 0.0140317
2039000 0.0420951
2040000 0.0420951
2041000 0.0233861
2042000 0.0233861
2043000 0.0561267
2044000 0.0420951
2045000 0.0187089
2046000 0.0514495
2047000 0.0374178
2048000 0.0280634
2049000 0.0420951
2050000 0.0420951
2051000 0.0561267
2052000 0.0327406
2053000 0.0467723
2054000 0.0327406
2055000 0.0420951
2056000 0.0467723
2057000 0.0420951
2058000 0.0374178
2059000 0.0561267
2060000 0.0514495
2061000 0.0514495
2062000 0.0374178
2063000 0.0514495
2064000 0.0561267
2065000 0.0327406
2066000 0.0561267
2067000 0.0420951
2068000 0.0280634
2069000 0.0327406
2070000 0.0233861
2071000 0.0327406
2072000 0.060804
2073000 0.0374178
2074000 0.0420951
2075000 0.0280634
2076000 0.0233861
2077000 0.0327406
2078000 0.0561267
2079000 0.0327406
2080000 0.0654812
2081000 0.0327406
2082000 0.0374178
2083000 0.0467723
2084000 0.060804
2085000 0.0374178
2086000 0.0327406
2087000 0.060804
2088000 0.0841901
2089000 0.0514495
2090000 0.0374178
2091000 0.0561267
2092000 0.0467723
2093000 0.0327406
2094000 0.0467723
2095000 0.0514495
2096000 0.0420951
2097000 0.0561267
2098000 0.0467723
2099000 0.0280634
2100000 0.0514495
2101000 0.0467723
2102000 0.0187089
2103000 0.0467723
2104000 0.0374178
2105000 0.0140317
2106000 0.060804
2107000 0.0233861
2108000 0.0467723
2109000 0.0327406
2110000 0.0467723
2111000 0.0467723
2112000 0.0561267
2113000 0.0561267
2114000 0.0327406
2115000 0.0420951
2116000 0.0420951
2117000 0.0420951
2118000 0.0420951
2119000 0.0327406
2120000 0.0233861
2121000 0.0467723
2122000 0.0561267
2123000 0.00935446
2124000 0.0795129
2125000 0.0467723
2126000 0.0514495
2127000 0.0233861
2128000 0.0420951
2129000 0.060804
2130000 0.0374178
2131000 0.0420951
2132000 0.0233861
2133000 0.0374178
2134000 0.0467723
2135000 0.0467723
2136000 0.0514495
2137000 0.060804
2138000 0.0420951
2139000 0.0514495
2140000 0.0748357
2141000 0.0187089
2142000 0.0561267
2143000 0.0795129
2144000 0.0280634
2145000 0.0327406
2146000 0.0467723
2147000 0.0748357
2148000 0.0795129
2149000 0.0420951
2150000 0.0233861
2151000 0.0467723
2152000 0.0654812
2153000 0.0140317
2154000 0.0233861
2155000 0.0748357
2156000 0.0561267
2157000 0.0327406
2158000 0.00467723
2159000 0.0233861
2160000 0.0233861
2161000 0.0420951
2162000 0.0280634
2163000 0.0233861
2164000 0.0140317
2165000 0.0561267
2166000 0.0467723
2167000 0.0327406
2168000 0.0467723
2169000 0.0420951
2170000 0.0374178
2171000 0.0327406
2172000 0.0327406
2173000 0.0420951
2174000 0.0467723
2175000 0.0233861
2176000 0.0327406
2177000 0.0467723
2178000 0.0420951
2179000 0.0233861
2180000 0.0327406
2181000 0.0327406
2182000 0.0233861
2183000 0.0374178
2184000 0.0280634
2185000 0.0654812
2186000 0.0327406
2187000 0.060804
2188000 0.0374178
2189000 0.0327406
2190000 0.0140317
2191000 0.0467723
2192000 0.0420951
2193000 0.0280634
2194000 0.0561267
2195000 0.0561267
2196000 0.0327406
2197000 0.0374178
2198000 0.0420951
2199000 0.0374178
2200000 0.0327406
2201000 0.0514495
2202000 0.0187089
2203000 0.0420951
2204000 0.0233861
2205000 0.0327406
2206000 0.0233861
2207000 0.060804
2208000 0.0467723
2209000 0.0467723
2210000 0.0467723
2211000 0.0420951
2212000 0.0514495
2213000 0.0561267
2214000 0.0561267
2215000 0.0233861
2216000 0.0374178
2217000 0.0280634
2218000 0.0467723
2219000 0.0187089
2220000 0.0233861
2221000 0.0374178
2222000 0.0187089
2223000 0.0327406
2224000 0.0233861
2225000 0.0327406
2226000 0.0280634
2227000 0.0467723
2228000 0.0374178
2229000 0.0327406
2230000 0.0467723
2231000 0.0467723
2232000 0.0140317
2233000 0.0420951
2234000 0.0233861
2235000 0.0467723
2236000 0.0467723
2237000 0.0561267
2238000 0.0561267
2239000 0.0561267
2240000 0.0374178
2241000 0.0280634
2242000 0.0233861
2243000 0.0374178
2244000 0.0467723
2245000 0.0654812
2246000 0.0233861
2247000 0.0327406
2248000 0.0280634
2249000 0.0327406
2250000 0.0420951
2251000 0.0140317
2252000 0.0420951
2253000 0.0467723
2254000 0.060804
2255000 0.0374178
2256000 0.0374178
2257000 0.0467723
2258000 0.0654812
2259000 0.0514495
2260000 0.0327406
2261000 0.0420951
2262000 0.060804
2263000 0.0467723
2264000 0.060804
2265000 0.0374178
2266000 0.0374178
2267000 0.0467723
2268000 0.0280634
2269000 0.0327406
2270000 0.0233861
2271000 0.0467723
2272000 0.00935446
2273000 0.0467723
2274000 0.0795129
2275000 0.0420951
2276000 0.0654812
2277000 0.0467723
2278000 0.0561267
2279000 0.0514495
2280000 0.0561267
2281000 0.0654812
2282000 0.0514495
2283000 0.0327406
2284000 0.0514495
2285000 0.0514495
2286000 0.0514495
2287000 0.0748357
2288000 0.0327406
2289000 0.0187089
2290000 0.0701584
2291000 0.0327406
2292000 0.0327406
2293000 0.0233861
2294000 0.0280634
2295000 0.0374178
2296000 0.0327406
2297000 0.0514495
2298000 0.0467723
2299000 0.0374178
2300000 0.0374178
2301000 0.060804
2302000 0.0374178
2303000 0.0374178
2304000 0.0374178
2305000 0.0467723
2306000 0.0561267
2307000 0.0467723
2308000 0.060804
2309000 0.0467723
2310000 0.0374178
2311000 0.0233861
2312000 0.0701584
2313000 0.0420951
2314000 0.0467723
2315000 0.0467723
2316000 0.0280634
2317000 0.0280634
2318000 0.0467723
2319000 0.0467723
2320000 0.0748357
2321000 0.0374178
2322000 0.0467723
2323000 0.060804
2324000 0.0561267
2325000 0.0420951
2326000 0.0374178
2327000 0.060804
2328000 0.0420951
2329000 0.0280634
2330000 0.0467723
2331000 0.0327406
2332000 0.0467723
2333000 0.0374178
2334000 0.0374178
2335000 0.00467723
2336000 0.0420951
2337000 0.0420951
2338000 0.0467723
2339000 0.0233861
2340000 0.0420951
2341000 0.0233861
2342000 0.0374178
2343000 0.0561267
2344000 0.0420951
2345000 0.0701584
2346000 0.0187089
2347000 0.0420951
2348000 0.0467723
2349000 0.0420951
2350000 0.0514495
2351000 0.0327406
2352000 0.0701584
2353000 0.00935446
2354000 0.0327406
2355000 0.0327406
2356000 0.0327406
2357000 0.0467723
2358000 0.0561267
2359000 0.0467723
2360000 0.060804
2361000 0.0140317
2362000 0.0420951
2363000 0.0467723
2364000 0.0561267
2365000 0.0467723
2366000 0.0327406
2367000 0.0420951
2368000 0.0327406
2369000 0.0233861
2370000 0.0374178
2371000 0.0467723
2372000 0.0701584
2373000 0.0467723
2374000 0.0467723
2375000 0.0280634
2376000 0.0561267
2377000 0.0701584
2378000 0.0467723
2379000 0.0374178
2380000 0.060804
2381000 0.0420951
2382000 0.0420951
2383000 0.0467723
2384000 0.0233861
2385000 0.0327406
2386000 0.0374178
2387000 0.0280634
2388000 0.0514495
2389000 0.0514495
2390000 0.0514495
2391000 0.0420951
2392000 0.0561267
2393000 0.0233861
2394000 0.0514495
2395000 0.0140317
2396000 0.0561267
2397000 0.0561267
2398000 0.0233861
2399000 0.0233861
2400000 0.0420951
2401000 0.0561267
2402000 0.0280634
2403000 0.0514495
2404000 0.0327406
2405000 0.0467723
2406000 0.0654812
2407000 0.0420951
2408000 0.0701584
2409000 0.0280634
2410000 0.0187089
2411000 0.0701584
2412000 0.0420951
2413000 0.0140317
2414000 0.0514495
2415000 0.0514495
2416000 0.0420951
2417000 0.0467723
2418000 0.0561267
2419000 0.0233861
2420000 0.0140317
2421000 0.0514495
2422000 0.0187089
2423000 0.0467723
2424000 0.0514495
2425000 0.0233861
2426000 0.0561267
2427000 0.0420951
2428000 0.0233861
2429000 0.0280634
2430000 0.0374178
2431000 0.0420951
2432000 0.060804
2433000 0.0561267
2434000 0.060804
2435000 0.0327406
2436000 0.0280634
2437000 0.0420951
2438000 0.0233861
2439000 0.0327406
2440000 0.0374178
2441000 0.0561267
2442000 0.0654812
2443000 0.0514495
2444000 0.0187089
2445000 0.0467723
2446000 0.0327406
2447000 0.0701584
2448000 0.0467723
2449000 0.0420951
2450000 0.0233861
2451000 0.0654812
2452000 0.0561267
2453000 0.060804
2454000 0.060804
2455000 0.0187089
2456000 0.0467723
2457000 0.0467723
2458000 0.0140317
2459000 0.0187089
2460000 0.0467723
2461000 0.0233861
2462000 0.0467723
2463000 0.0280634
2464000 0.0233861
2465000 0.0514495
2466000 0.0654812
2467000 0.0140317
2468000 0.00467723
2469000 0.0420951
2470000 0.0374178
2471000 0.0514495
2472000 0.0327406
2473000 0.0420951
2474000 0.0420951
2475000 0.060804
2476000 0.0374178
2477000 0.0374178
2478000 0.0420951
2479000 0.0327406
2480000 0.0374178
2481000 0.0187089
2482000 0.0514495
2483000 0.0327406
2484000 0.0467723
2485000 0.0233861
2486000 0.0374178
2487000 0.0561267
2488000 0.0467723
2489000 0.0327406
2490000 0.0420951
2491000 0.0467723
2492000 0.0374178
2493000 0.0233861
2494000 0.0280634
2495000 0.0327406
2496000 0.0795129
2497000 0.0467723
2498000 0.0514495
2499000 0.0374178
2500000 0.0374178
2501000 0.0514495
2502000 0.0420951
