# Time-averaged data for fix myat1
# TimeStep v_nO
2000 20
2100 17
2200 16
2300 19
2400 21
2500 23
2600 24
2700 27
2800 22
2900 23
3000 28
3100 29
3200 30
3300 31
3400 28
3500 28
3600 24
3700 23
3800 22
3900 23
4000 24
4100 24
4200 23
4300 25
4400 22
4500 24
4600 23
4700 21
4800 24
4900 21
5000 22
5100 23
5200 24
5300 24
5400 24
5500 24
5600 25
5700 24
5800 25
5900 27
6000 28
6100 31
6200 29
6300 29
6400 30
6500 27
6600 25
6700 29
6800 30
6900 30
7000 29
7100 28
7200 29
7300 26
7400 27
7500 28
7600 29
7700 28
7800 27
7900 26
8000 23
8100 25
8200 30
8300 33
8400 32
8500 35
8600 34
8700 37
8800 38
8900 34
9000 35
9100 35
9200 37
9300 38
9400 37
9500 36
9600 38
9700 39
9800 40
9900 41
10000 39
10100 40
10200 42
10300 41
10400 43
10500 40
10600 40
10700 39
10800 40
10900 42
11000 45
11100 47
11200 49
11300 48
11400 49
11500 47
11600 48
11700 48
11800 47
11900 44
12000 48
12100 50
12200 51
12300 48
12400 47
12500 47
12600 50
12700 51
12800 49
12900 44
13000 44
13100 42
13200 42
13300 44
13400 44
13500 43
13600 46
13700 46
13800 49
13900 49
14000 49
14100 47
14200 46
14300 45
14400 48
14500 47
14600 47
14700 47
14800 47
14900 48
15000 48
15100 49
15200 52
15300 47
15400 45
15500 43
15600 44
15700 44
15800 41
15900 38
16000 38
16100 39
16200 39
16300 39
16400 36
16500 33
16600 32
16700 31
16800 32
16900 34
17000 33
17100 32
17200 27
17300 28
17400 24
17500 26
17600 28
17700 29
17800 27
17900 27
18000 26
18100 28
18200 31
18300 29
18400 32
18500 34
18600 33
18700 32
18800 31
18900 30
19000 33
19100 33
19200 33
19300 35
19400 35
19500 30
19600 32
19700 36
19800 35
19900 39
20000 40
20100 42
20200 41
20300 43
20400 46
20500 46
20600 42
20700 42
20800 40
20900 38
21000 37
21100 38
21200 37
21300 36
21400 36
21500 34
21600 36
21700 36
21800 36
21900 38
22000 37
