0.000000000000000000e+00 0.000000000000000000e+00
1.000000000000000000e+00 2.361511790102955310e-01
2.000000000000000000e+00 2.425336433078710829e-01
3.000000000000000000e+00 2.208332646961141954e-01
4.000000000000000000e+00 2.501926004649617785e-01
5.000000000000000000e+00 2.399806575888408788e-01
6.000000000000000000e+00 2.387041647293257352e-01
7.000000000000000000e+00 2.552985719030221867e-01
8.000000000000000000e+00 2.412571504483559948e-01
9.000000000000000000e+00 2.412571504483559948e-01
1.000000000000000000e+01 2.476396147459316022e-01
1.100000000000000000e+01 2.552985719030221867e-01
1.200000000000000000e+01 2.374276718698106747e-01
1.300000000000000000e+01 2.450866290269013426e-01
1.400000000000000000e+01 2.284922218532048632e-01
1.500000000000000000e+01 2.463631218864164585e-01
1.600000000000000000e+01 2.514690933244768667e-01
1.700000000000000000e+01 2.616810362005977386e-01
1.800000000000000000e+01 2.374276718698106747e-01
1.900000000000000000e+01 2.540220790435071541e-01
2.000000000000000000e+01 2.399806575888408788e-01
2.100000000000000000e+01 2.578515576220524186e-01
2.200000000000000000e+01 2.463631218864164585e-01
2.300000000000000000e+01 2.489161076054466626e-01
2.400000000000000000e+01 2.578515576220524186e-01
2.500000000000000000e+01 2.399806575888408788e-01
2.600000000000000000e+01 2.501926004649617785e-01
2.700000000000000000e+01 2.450866290269013426e-01
2.800000000000000000e+01 2.399806575888408788e-01
2.900000000000000000e+01 2.425336433078710829e-01
3.000000000000000000e+01 2.374276718698106747e-01
3.100000000000000000e+01 2.361511790102955310e-01
3.200000000000000000e+01 2.412571504483559948e-01
3.300000000000000000e+01 2.399806575888408788e-01
3.400000000000000000e+01 2.399806575888408788e-01
3.500000000000000000e+01 2.463631218864164585e-01
3.600000000000000000e+01 2.233862504151443995e-01
3.700000000000000000e+01 2.438101361673861989e-01
3.800000000000000000e+01 2.527455861839920104e-01
3.900000000000000000e+01 2.463631218864164585e-01
4.000000000000000000e+01 2.450866290269013426e-01
4.100000000000000000e+01 2.335981932912653269e-01
4.200000000000000000e+01 2.514690933244768667e-01
4.300000000000000000e+01 2.361511790102955310e-01
4.400000000000000000e+01 2.489161076054466626e-01
4.500000000000000000e+01 2.514690933244768667e-01
4.600000000000000000e+01 2.438101361673861989e-01
4.700000000000000000e+01 2.425336433078710829e-01
4.800000000000000000e+01 2.514690933244768667e-01
4.900000000000000000e+01 2.425336433078710829e-01
5.000000000000000000e+01 2.463631218864164585e-01
