# Time-averaged data for fix myat2
# TimeStep v_density
3000 0.00643119
4000 0.00350792
5000 0.00116931
6000 0.00116931
7000 0.000584654
8000 0.00175396
9000 0.00233861
10000 0.00175396
11000 0.00233861
12000 0.00467723
13000 0.000584654
14000 0.00116931
15000 0.00233861
16000 0.00292327
17000 0.00233861
18000 0.00409258
19000 0.00233861
20000 0.00350792
21000 0.00233861
22000 0.00116931
23000 0.00233861
24000 0.00350792
25000 0.00350792
26000 0.00233861
27000 0.00292327
28000 0.000584654
29000 0.00292327
30000 0.00233861
31000 0.000584654
32000 0.00350792
33000 0.000584654
34000 0.00409258
35000 0.00350792
36000 0.00350792
37000 0.00233861
38000 0.00233861
39000 0.00175396
40000 0.00175396
41000 0.00233861
42000 0.00409258
43000 0.00233861
44000 0.00175396
45000 0.00116931
46000 0.00292327
47000 0.00409258
48000 0.00175396
49000 0.00233861
50000 0.00409258
51000 0.000584654
52000 0.00175396
53000 0.00350792
54000 0.00233861
55000 0.00116931
56000 0.00292327
57000 0.00175396
58000 0.00409258
59000 0.00233861
60000 0.00350792
61000 0.00175396
62000 0.00116931
63000 0.00116931
64000 0.00409258
65000 0.00233861
66000 0.00175396
67000 0.00409258
68000 0.000584654
69000 0.00350792
70000 0.00350792
71000 0.00175396
72000 0.00292327
73000 0.00175396
74000 0.00116931
75000 0.00584654
76000 0.00116931
77000 0.00467723
78000 0.00233861
79000 0.00350792
80000 0.00233861
81000 0.00292327
82000 0.00467723
83000 0.00409258
84000 0.00292327
85000 0.00467723
86000 0.00233861
87000 0.00175396
88000 0.00292327
89000 0.00233861
90000 0.00350792
91000 0.00233861
92000 0.00233861
93000 0.00175396
94000 0.00350792
95000 0.00350792
96000 0.00175396
97000 0.00292327
98000 0.00116931
99000 0.000584654
100000 0.00116931
101000 0.00116931
102000 0.00350792
103000 0.00116931
104000 0.00467723
105000 0.00116931
106000 0.00233861
107000 0.00233861
108000 0.00233861
109000 0.00292327
110000 0.00175396
111000 0.00175396
112000 0.00175396
113000 0.00233861
114000 0.00116931
115000 0.00233861
116000 0.00350792
117000 0.00526188
118000 0.00350792
119000 0.00233861
120000 0.00350792
121000 0.00350792
122000 0.00175396
123000 0.00233861
124000 0.00467723
125000 0.00292327
126000 0.00350792
127000 0.000584654
128000 0.00175396
129000 0.00233861
130000 0.00116931
131000 0.00233861
132000 0.00467723
133000 0.00292327
134000 0.00233861
135000 0.00233861
136000 0.000584654
137000 0.00233861
138000 0.00175396
139000 0.00350792
140000 0.00233861
141000 0.00116931
142000 0.00350792
143000 0.00116931
144000 0.00350792
145000 0.00350792
146000 0.00292327
147000 0.00350792
148000 0.00350792
149000 0.00350792
150000 0.00292327
151000 0.00116931
152000 0.00175396
153000 0.000584654
154000 0.00350792
155000 0.00175396
156000 0.00233861
157000 0.00409258
158000 0.00233861
159000 0.00233861
160000 0.00350792
161000 0.00350792
162000 0.00175396
163000 0.00175396
164000 0.00233861
165000 0.00233861
166000 0.00175396
167000 0.00116931
168000 0.00409258
169000 0.00175396
170000 0.00350792
171000 0.00292327
172000 0.00233861
173000 0.00292327
174000 0.000584654
175000 0.00467723
176000 0.00175396
177000 0.00116931
178000 0.00292327
179000 0.00467723
180000 0.00175396
181000 0.000584654
182000 0.00526188
183000 0.00175396
184000 0.00175396
185000 0.00233861
186000 0.00233861
187000 0.00116931
188000 0.00292327
189000 0.000584654
190000 0.00292327
191000 0.00409258
192000 0.00175396
193000 0.00233861
194000 0.00350792
195000 0.00292327
196000 0.00292327
197000 0.00292327
198000 0.00175396
199000 0.00116931
200000 0.00409258
201000 0.00233861
202000 0.00116931
203000 0.00116931
204000 0.00292327
205000 0.000584654
206000 0.00350792
207000 0.00409258
208000 0.00116931
209000 0.00409258
210000 0.00175396
211000 0.00116931
212000 0.00175396
213000 0.00175396
214000 0.00350792
215000 0.00350792
216000 0.00175396
217000 0.000584654
218000 0.00175396
219000 0.00292327
220000 0.00292327
221000 0.00233861
222000 0.00350792
223000 0.00233861
224000 0.00292327
225000 0.00116931
226000 0.00292327
227000 0.00175396
228000 0.00175396
229000 0.00116931
230000 0.00584654
231000 0.00116931
232000 0.00409258
233000 0.00116931
234000 0.00116931
235000 0.00350792
236000 0.00233861
237000 0.000584654
238000 0.00116931
239000 0.00233861
240000 0.00350792
241000 0.00292327
242000 0.00350792
243000 0.00233861
244000 0.00233861
245000 0.00233861
246000 0.00116931
247000 0.000584654
248000 0.00175396
249000 0.00175396
250000 0.00467723
251000 0.00175396
252000 0.00292327
253000 0.000584654
254000 0.00409258
255000 0.00116931
256000 0.00292327
257000 0.00233861
258000 0.00175396
259000 0.00175396
260000 0.00175396
261000 0.00175396
262000 0.00175396
263000 0.00292327
264000 0.00350792
265000 0.00233861
266000 0.00292327
267000 0.00350792
268000 0.00292327
269000 0.00292327
270000 0.00409258
271000 0.00116931
272000 0.00233861
273000 0.000584654
274000 0.00116931
275000 0.00175396
276000 0.000584654
277000 0.00350792
278000 0.00233861
279000 0.00116931
280000 0.00292327
281000 0.00175396
282000 0.00233861
283000 0.00116931
284000 0.00116931
285000 0.00467723
286000 0.00233861
287000 0.00350792
288000 0.00409258
289000 0.00175396
290000 0.00467723
291000 0.00175396
292000 0.00467723
293000 0.00350792
294000 0.00175396
295000 0.00409258
296000 0.00292327
297000 0.00292327
298000 0.00350792
299000 0.00175396
300000 0.00292327
301000 0.00116931
302000 0.00350792
303000 0.00233861
304000 0.00175396
305000 0.00116931
306000 0.00467723
307000 0.00116931
308000 0.00292327
309000 0.00292327
310000 0.00175396
311000 0.00292327
312000 0.00116931
313000 0.00116931
314000 0.00233861
315000 0.00233861
316000 0.00175396
317000 0.00116931
318000 0.00233861
319000 0.00292327
320000 0.00409258
321000 0.00233861
322000 0.00233861
323000 0.00233861
324000 0.00233861
325000 0.00233861
326000 0.00233861
327000 0.00292327
328000 0.00292327
329000 0.00233861
330000 0.00292327
331000 0.00175396
332000 0.00175396
333000 0.00292327
334000 0.00409258
335000 0.00292327
336000 0.00175396
337000 0.00175396
338000 0.00233861
339000 0.00292327
340000 0.000584654
341000 0.00409258
342000 0.00175396
343000 0.00467723
344000 0.00175396
345000 0.00175396
346000 0.00350792
347000 0.00116931
348000 0.00233861
349000 0.00175396
350000 0.000584654
351000 0.00292327
352000 0.000584654
353000 0.00350792
354000 0.00233861
355000 0.000584654
356000 0.00292327
357000 0.00350792
358000 0.00409258
359000 0.00175396
360000 0.00350792
361000 0.00292327
362000 0.00292327
363000 0.00175396
364000 0.00175396
365000 0.00350792
366000 0.00350792
367000 0.00350792
368000 0.00409258
369000 0.00175396
370000 0.00292327
371000 0.00175396
372000 0.00350792
373000 0.000584654
374000 0.00292327
375000 0.000584654
376000 0.00233861
377000 0.00175396
378000 0.00175396
379000 0.00175396
380000 0.00116931
381000 0.00175396
382000 0.00116931
383000 0.00292327
384000 0.00233861
385000 0.00116931
386000 0.00292327
387000 0.00233861
388000 0.00233861
389000 0.000584654
390000 0.00116931
391000 0.000584654
392000 0.00116931
393000 0.00233861
394000 0.00350792
395000 0.00175396
396000 0.00526188
397000 0.00292327
398000 0.00233861
399000 0.00175396
400000 0.00409258
401000 0.00175396
402000 0.00116931
403000 0.00233861
404000 0.00233861
405000 0.00116931
406000 0.00116931
407000 0.00292327
408000 0.00350792
409000 0.00409258
410000 0.00292327
411000 0.00292327
412000 0.00409258
413000 0.00350792
414000 0.00292327
415000 0.00292327
416000 0.00116931
417000 0.00175396
418000 0.00292327
419000 0.00526188
420000 0.00175396
421000 0.00116931
422000 0.00350792
423000 0.00233861
424000 0.00116931
425000 0.00292327
426000 0.000584654
427000 0.00175396
428000 0.000584654
429000 0.00409258
430000 0.000584654
431000 0.00292327
432000 0.00175396
433000 0.00350792
434000 0.00350792
435000 0.00175396
436000 0.00292327
437000 0.00116931
438000 0.00233861
439000 0.00350792
440000 0.00175396
441000 0.00233861
442000 0.00526188
443000 0.00409258
444000 0.00233861
445000 0.00233861
446000 0.00292327
447000 0.00233861
448000 0.00175396
449000 0.00116931
450000 0.00526188
451000 0.00292327
452000 0.00233861
453000 0.00292327
454000 0.00175396
455000 0.00116931
456000 0.00175396
457000 0.00350792
458000 0.00175396
459000 0.00350792
460000 0.000584654
461000 0.00116931
462000 0.00175396
463000 0.000584654
464000 0.00116931
465000 0.00116931
466000 0.00292327
467000 0.00292327
468000 0.00292327
469000 0.00467723
470000 0.00233861
471000 0.000584654
472000 0.00292327
473000 0.00409258
474000 0.00175396
475000 0.00175396
476000 0.00175396
477000 0.00350792
478000 0.00175396
479000 0.000584654
480000 0.00116931
481000 0.00292327
482000 0.00409258
483000 0.00292327
484000 0.00116931
485000 0.000584654
486000 0.00233861
487000 0.00409258
488000 0.00467723
489000 0.00116931
490000 0.00350792
491000 0.00292327
492000 0.00116931
493000 0.00467723
494000 0.00233861
495000 0.00116931
496000 0.00233861
497000 0.00233861
498000 0.00409258
499000 0.00350792
500000 0.00116931
501000 0.00116931
502000 0.00350792
503000 0.00409258
504000 0.00175396
505000 0.00175396
506000 0.00116931
507000 0.00233861
508000 0.00526188
509000 0.00175396
510000 0.00409258
511000 0.00350792
512000 0.00409258
513000 0.00292327
514000 0.00116931
515000 0.00116931
516000 0.00350792
517000 0.00350792
518000 0.00116931
519000 0.00292327
520000 0.000584654
521000 0.00233861
522000 0.00350792
523000 0.00292327
524000 0.00116931
525000 0.00175396
526000 0.00409258
527000 0.00233861
528000 0.00175396
529000 0.00409258
530000 0.00175396
531000 0.00175396
532000 0.00116931
533000 0.00175396
534000 0.00175396
535000 0.00233861
536000 0.00292327
537000 0.00116931
538000 0.00175396
539000 0.00116931
540000 0.00526188
541000 0.00233861
542000 0.00175396
543000 0.00409258
544000 0.00175396
545000 0.00467723
546000 0.00233861
547000 0.00116931
548000 0.00292327
549000 0.00409258
550000 0.00175396
551000 0.00175396
552000 0.00175396
553000 0.00350792
554000 0.000584654
555000 0.00175396
556000 0.00116931
557000 0.00292327
558000 0.00292327
559000 0.00175396
560000 0.00292327
561000 0.00233861
562000 0.00116931
563000 0.00350792
564000 0.00409258
565000 0.00233861
566000 0.00175396
567000 0.00467723
568000 0.00233861
569000 0.00350792
570000 0.00175396
571000 0.00292327
572000 0.000584654
573000 0.00350792
574000 0.00116931
575000 0.00175396
576000 0.000584654
577000 0.00233861
578000 0.00233861
579000 0.00233861
580000 0.00116931
581000 0.00175396
582000 0.00175396
583000 0.00467723
584000 0.000584654
585000 0.00409258
586000 0.000584654
587000 0.000584654
588000 0.000584654
589000 0.000584654
590000 0.00116931
591000 0.00350792
592000 0.00116931
593000 0.00350792
594000 0.00116931
595000 0.00643119
596000 0.00292327
597000 0.00175396
598000 0.000584654
599000 0.00116931
600000 0.00350792
601000 0.00292327
602000 0.00233861
603000 0.00409258
604000 0.00292327
605000 0.00526188
606000 0.00233861
607000 0.00233861
608000 0.00292327
609000 0.00350792
610000 0.00292327
611000 0.00350792
612000 0.00292327
613000 0.00233861
614000 0.00292327
615000 0.00526188
616000 0.00233861
617000 0.00233861
618000 0.00233861
619000 0.000584654
620000 0.00350792
621000 0.00292327
622000 0.00233861
623000 0.00292327
624000 0.00233861
625000 0.00116931
626000 0.00175396
627000 0.00292327
628000 0.00116931
629000 0.00233861
630000 0.00233861
631000 0.00175396
632000 0.00467723
633000 0.00292327
634000 0.00233861
635000 0.00233861
636000 0.00292327
637000 0.00233861
638000 0.00116931
639000 0.00467723
640000 0.00175396
641000 0.00233861
642000 0.00292327
643000 0.00233861
644000 0.00116931
645000 0.00233861
646000 0.00233861
647000 0.00233861
648000 0.000584654
649000 0.00350792
650000 0.00350792
651000 0.00175396
652000 0.000584654
653000 0.00292327
654000 0.00409258
655000 0.00116931
656000 0.00175396
657000 0.00292327
658000 0.00233861
659000 0.00116931
660000 0.00175396
661000 0.00350792
662000 0.00233861
663000 0.00409258
664000 0.00292327
665000 0.000584654
666000 0.00116931
667000 0.00526188
668000 0.00175396
669000 0.00409258
670000 0.00292327
671000 0.00643119
672000 0.00116931
673000 0.000584654
674000 0.00350792
675000 0.00292327
676000 0.00350792
677000 0.00233861
678000 0.00233861
679000 0.00233861
680000 0.00116931
681000 0.00350792
682000 0.00350792
683000 0.00175396
684000 0.00175396
685000 0.00292327
686000 0.00467723
687000 0.00175396
688000 0.00292327
689000 0.00175396
690000 0.00233861
691000 0.00292327
692000 0.00292327
693000 0.00175396
694000 0.00116931
695000 0.00116931
696000 0.00175396
697000 0.00175396
698000 0.00350792
699000 0.00467723
700000 0.00350792
701000 0.00292327
702000 0.00233861
703000 0.00233861
704000 0.00116931
705000 0.00350792
706000 0.00292327
707000 0.00116931
708000 0.00175396
709000 0.00233861
710000 0.00233861
711000 0.00350792
712000 0.00116931
713000 0.00116931
714000 0.00292327
715000 0.00233861
716000 0.00292327
717000 0.00292327
718000 0.00116931
719000 0.00292327
720000 0.00292327
721000 0.00292327
722000 0.00175396
723000 0.00467723
724000 0.00233861
725000 0.00175396
726000 0.00175396
727000 0.00409258
728000 0.00233861
729000 0.00292327
730000 0.00116931
731000 0.000584654
732000 0.00233861
733000 0.00409258
734000 0.00292327
735000 0.00175396
736000 0.00409258
737000 0.00175396
738000 0.00350792
739000 0.00292327
740000 0.00116931
741000 0.00116931
742000 0.00233861
743000 0.000584654
744000 0.00233861
745000 0.00409258
746000 0.00175396
747000 0.00292327
748000 0.00116931
749000 0.00116931
750000 0.00409258
751000 0.00116931
752000 0.00350792
753000 0.00233861
754000 0.00116931
755000 0.00292327
756000 0.00175396
757000 0.00116931
758000 0.00233861
759000 0.00409258
760000 0.00467723
761000 0.00233861
762000 0.00233861
763000 0.00350792
764000 0.00292327
765000 0.00233861
766000 0.00175396
767000 0.00175396
768000 0.00233861
769000 0.00233861
770000 0.00116931
771000 0.00175396
772000 0.00292327
773000 0.00350792
774000 0.00233861
775000 0.00350792
776000 0.00175396
777000 0.00233861
778000 0.00233861
779000 0.00175396
780000 0.00292327
781000 0.00292327
782000 0.00175396
783000 0.00350792
784000 0.00292327
785000 0.00175396
786000 0.00116931
787000 0.00233861
788000 0.00350792
789000 0.00233861
790000 0.00233861
791000 0.00116931
792000 0.00292327
793000 0.000584654
794000 0.00233861
795000 0.00233861
796000 0.00292327
797000 0.00175396
798000 0.00292327
799000 0.00233861
800000 0.00233861
801000 0.00350792
802000 0.00350792
803000 0.00409258
804000 0.00292327
805000 0.00409258
806000 0.00292327
807000 0.00350792
808000 0.00292327
809000 0.00233861
810000 0.00350792
811000 0.000584654
812000 0.00233861
813000 0.00116931
814000 0.00116931
815000 0.00350792
816000 0.00467723
817000 0.00409258
818000 0.00409258
819000 0.00116931
820000 0.00409258
821000 0.00409258
822000 0.00116931
823000 0.00116931
824000 0.00409258
825000 0.00175396
826000 0.00116931
827000 0.00175396
828000 0.00467723
829000 0.00116931
830000 0.00175396
831000 0.00175396
832000 0.00233861
833000 0.00233861
834000 0.00292327
835000 0.00233861
836000 0.00233861
837000 0.00175396
838000 0.00116931
839000 0.00175396
840000 0.00175396
841000 0.000584654
842000 0.00292327
843000 0.00175396
844000 0.00584654
845000 0.00175396
846000 0.00175396
847000 0.00175396
848000 0.00233861
849000 0.00233861
850000 0.00467723
851000 0.00233861
852000 0.00409258
853000 0.00233861
854000 0.00350792
855000 0.00409258
856000 0.00233861
857000 0.000584654
858000 0.00233861
859000 0.00116931
860000 0.00233861
861000 0.00350792
862000 0.00175396
863000 0.00233861
864000 0.00233861
865000 0.000584654
866000 0.00116931
867000 0.00175396
868000 0.00643119
869000 0.00233861
870000 0.00350792
871000 0.00350792
872000 0.00233861
873000 0.00175396
874000 0.00526188
875000 0.00467723
876000 0.00350792
877000 0.000584654
878000 0.00292327
879000 0.00233861
880000 0.00175396
881000 0.00233861
882000 0.00233861
883000 0.00292327
884000 0.00233861
885000 0.00292327
886000 0.00233861
887000 0.00116931
888000 0.00292327
889000 0.00350792
890000 0.00584654
891000 0.00116931
892000 0.00116931
893000 0.00292327
894000 0.00350792
895000 0.00292327
896000 0.00350792
897000 0.00467723
898000 0.00292327
899000 0.00175396
900000 0.00233861
901000 0.00175396
902000 0.00116931
903000 0.00350792
904000 0.00116931
905000 0.00116931
906000 0.00175396
907000 0.00233861
908000 0.00116931
909000 0.00175396
910000 0.00350792
911000 0.00467723
912000 0.00292327
913000 0.00233861
914000 0.00350792
915000 0.00175396
916000 0.00175396
917000 0.00116931
918000 0.00175396
919000 0.00292327
920000 0.00292327
921000 0.00233861
922000 0.00526188
923000 0.00233861
924000 0.00116931
925000 0.00175396
926000 0.00233861
927000 0.00233861
928000 0.00350792
929000 0.00467723
930000 0.00175396
931000 0.00233861
932000 0.00409258
933000 0.00116931
934000 0.00116931
935000 0.00116931
936000 0.00175396
937000 0.00175396
938000 0.000584654
939000 0.00116931
940000 0.00175396
941000 0.00467723
942000 0.00175396
943000 0.00467723
944000 0.00233861
945000 0.00233861
946000 0.00175396
947000 0.000584654
948000 0.00233861
949000 0.00350792
950000 0.000584654
951000 0.00233861
952000 0.00292327
953000 0.00292327
954000 0.000584654
955000 0.00175396
956000 0.00233861
957000 0.00175396
958000 0.00175396
959000 0.00292327
960000 0.00350792
961000 0.00350792
962000 0.00409258
963000 0.00409258
964000 0.00233861
965000 0.00409258
966000 0.00175396
967000 0.00175396
968000 0.000584654
969000 0.00116931
970000 0.00233861
971000 0.000584654
972000 0.000584654
973000 0.00175396
974000 0.00292327
975000 0.00175396
976000 0.00116931
977000 0.00233861
978000 0.000584654
979000 0.00292327
980000 0.00350792
981000 0.000584654
982000 0.00175396
983000 0.00175396
984000 0.00175396
985000 0.00175396
986000 0.00467723
987000 0.00292327
988000 0.000584654
989000 0.00292327
990000 0.00233861
991000 0.00350792
992000 0.00175396
993000 0.00292327
994000 0.00409258
995000 0.00175396
996000 0.00292327
997000 0.00175396
998000 0.000584654
999000 0.00233861
1000000 0.00116931
1001000 0.00292327
1002000 0.00292327
1003000 0.00175396
1004000 0.00350792
1005000 0.00467723
1006000 0.00350792
1007000 0.00292327
1008000 0.00467723
1009000 0.00409258
1010000 0.00292327
1011000 0.00292327
1012000 0.00292327
1013000 0.00175396
1014000 0.00175396
1015000 0.00467723
1016000 0.00409258
1017000 0.00233861
1018000 0.00233861
1019000 0.00233861
1020000 0.00175396
1021000 0.00175396
1022000 0.00233861
1023000 0.00292327
1024000 0.00409258
1025000 0.00292327
1026000 0.00526188
1027000 0.00233861
1028000 0.00175396
1029000 0.00175396
1030000 0.00175396
1031000 0.00292327
1032000 0.00175396
1033000 0.00233861
1034000 0.00350792
1035000 0.00175396
1036000 0.00116931
1037000 0.00233861
1038000 0.00116931
1039000 0.00116931
1040000 0.00350792
1041000 0.00292327
1042000 0.00233861
1043000 0.00526188
1044000 0.00116931
1045000 0.00175396
1046000 0.00116931
1047000 0.00175396
1048000 0.00233861
1049000 0.00175396
1050000 0.00350792
1051000 0.00409258
1052000 0.000584654
1053000 0.000584654
1054000 0.00409258
1055000 0.00350792
1056000 0.00116931
1057000 0.00467723
1058000 0.00350792
1059000 0.00233861
1060000 0.00116931
1061000 0.00175396
1062000 0.00292327
1063000 0.000584654
1064000 0.000584654
1065000 0.00350792
1066000 0.00350792
1067000 0.00233861
1068000 0.00233861
1069000 0.00350792
1070000 0.00175396
1071000 0.000584654
1072000 0.00116931
1073000 0.00233861
1074000 0.00175396
1075000 0.00175396
1076000 0.00233861
1077000 0.00233861
1078000 0.00175396
1079000 0.00350792
1080000 0.00350792
1081000 0.00467723
1082000 0.00233861
1083000 0.00116931
1084000 0.00116931
1085000 0.00116931
1086000 0.00526188
1087000 0.00292327
1088000 0.00116931
1089000 0.00292327
1090000 0.00175396
1091000 0.00292327
1092000 0.00350792
1093000 0.00584654
1094000 0.000584654
1095000 0.00409258
1096000 0.00292327
1097000 0.00233861
1098000 0.000584654
1099000 0.00350792
1100000 0.00233861
1101000 0.00233861
1102000 0.00292327
1103000 0.00175396
1104000 0.00467723
1105000 0.00233861
1106000 0.00175396
1107000 0.00467723
1108000 0.00350792
1109000 0.00350792
1110000 0.00350792
1111000 0.00233861
1112000 0.000584654
1113000 0.00409258
1114000 0.00467723
1115000 0.00175396
1116000 0.00292327
1117000 0.00233861
1118000 0.00292327
1119000 0.00233861
1120000 0.00233861
1121000 0.00175396
1122000 0.00233861
1123000 0.00116931
1124000 0.00233861
1125000 0.00292327
1126000 0.00116931
1127000 0.00292327
1128000 0.00116931
1129000 0.00116931
1130000 0.00409258
1131000 0.00409258
1132000 0.00409258
1133000 0.00175396
1134000 0.00292327
1135000 0.00292327
1136000 0.000584654
1137000 0.000584654
1138000 0.000584654
1139000 0.00175396
1140000 0.00292327
1141000 0.00116931
1142000 0.00175396
1143000 0.00350792
1144000 0.00467723
1145000 0.00175396
1146000 0.00292327
1147000 0.00233861
1148000 0.00233861
1149000 0.00175396
1150000 0.00292327
1151000 0.00233861
1152000 0.000584654
1153000 0.00233861
1154000 0.000584654
1155000 0.00292327
1156000 0.000584654
1157000 0.00409258
1158000 0.00292327
1159000 0.00175396
1160000 0.00175396
1161000 0.000584654
1162000 0.00350792
1163000 0.00467723
1164000 0.00175396
1165000 0.00292327
1166000 0.00233861
1167000 0.00233861
1168000 0.00233861
1169000 0.00350792
1170000 0.00350792
1171000 0.00175396
1172000 0.00116931
1173000 0.00350792
1174000 0.00292327
1175000 0.00116931
1176000 0.00116931
1177000 0.00233861
1178000 0.00233861
1179000 0.00467723
1180000 0.00409258
1181000 0.00175396
1182000 0.00350792
1183000 0.000584654
1184000 0.00292327
1185000 0.00233861
1186000 0.00116931
1187000 0.00175396
1188000 0.00233861
1189000 0.00409258
1190000 0.00233861
1191000 0.00350792
1192000 0.00233861
1193000 0.00116931
1194000 0.00175396
1195000 0.00175396
1196000 0.00292327
1197000 0.00233861
1198000 0.00292327
1199000 0.00116931
1200000 0.00233861
1201000 0.00233861
1202000 0.00350792
1203000 0.00175396
1204000 0.00350792
1205000 0.00233861
1206000 0.00233861
1207000 0.00233861
1208000 0.00292327
1209000 0.00233861
1210000 0.00292327
1211000 0.00116931
1212000 0.00467723
1213000 0.00175396
1214000 0.00409258
1215000 0.00292327
1216000 0.00116931
1217000 0.00116931
1218000 0.00233861
1219000 0.00292327
1220000 0.000584654
1221000 0.00467723
1222000 0.00233861
1223000 0.000584654
1224000 0.00292327
1225000 0.00233861
1226000 0.00175396
1227000 0.00467723
1228000 0.00175396
1229000 0.00175396
1230000 0.00116931
1231000 0.00233861
1232000 0.00233861
1233000 0.00292327
1234000 0.00175396
1235000 0.00292327
1236000 0.00233861
1237000 0.00116931
1238000 0.00350792
1239000 0.00175396
1240000 0.00292327
1241000 0.00116931
1242000 0.000584654
1243000 0.00116931
1244000 0.00116931
1245000 0.00233861
1246000 0.00292327
1247000 0.00526188
1248000 0.00233861
1249000 0.00175396
1250000 0.00175396
1251000 0.00409258
1252000 0.00350792
1253000 0.00175396
1254000 0.00116931
1255000 0.00175396
1256000 0.00584654
1257000 0.00233861
1258000 0.00233861
1259000 0.00350792
1260000 0.00175396
1261000 0.00409258
1262000 0.000584654
1263000 0.00116931
1264000 0.00233861
1265000 0.00292327
1266000 0.00233861
1267000 0.00350792
1268000 0.00233861
1269000 0.00292327
1270000 0.00292327
1271000 0.00233861
1272000 0.00467723
1273000 0.00409258
1274000 0.00292327
1275000 0.00292327
1276000 0.00409258
1277000 0.00116931
1278000 0.00116931
1279000 0.000584654
1280000 0.00175396
1281000 0.00233861
1282000 0.00350792
1283000 0.00175396
1284000 0.000584654
1285000 0.00175396
1286000 0.00233861
1287000 0.00292327
1288000 0.00409258
1289000 0.00175396
1290000 0.00584654
1291000 0.000584654
1292000 0.00233861
1293000 0.00233861
1294000 0.00116931
1295000 0.00116931
1296000 0.00409258
1297000 0.00233861
1298000 0.00116931
1299000 0.00175396
1300000 0.00467723
1301000 0.00350792
1302000 0.00350792
1303000 0.00350792
1304000 0.00233861
1305000 0.00292327
1306000 0.00175396
1307000 0.00292327
1308000 0.00467723
1309000 0.000584654
1310000 0.00116931
1311000 0.00292327
1312000 0.00233861
1313000 0.00350792
1314000 0.00175396
1315000 0.00292327
1316000 0.000584654
1317000 0.00233861
1318000 0.00233861
1319000 0.00233861
1320000 0.00116931
1321000 0.00175396
1322000 0.00233861
1323000 0.00175396
1324000 0.00116931
1325000 0.00175396
1326000 0.00116931
1327000 0.00292327
1328000 0.00116931
1329000 0.00409258
1330000 0.00233861
1331000 0.00233861
1332000 0.00175396
1333000 0.00350792
1334000 0.00292327
1335000 0.00116931
1336000 0.00175396
1337000 0.00233861
1338000 0.00116931
1339000 0.000584654
1340000 0.00175396
1341000 0.00175396
1342000 0.00175396
1343000 0.00116931
1344000 0.00233861
1345000 0.00292327
1346000 0.00175396
1347000 0.00175396
1348000 0.00116931
1349000 0.00175396
1350000 0.00116931
1351000 0.00233861
1352000 0.00292327
1353000 0.00233861
1354000 0.00116931
1355000 0.00467723
1356000 0.00233861
1357000 0.00350792
1358000 0.00292327
1359000 0.00350792
1360000 0.00350792
1361000 0.00467723
1362000 0.00350792
1363000 0.00584654
1364000 0.00233861
1365000 0.00116931
1366000 0.00350792
1367000 0.00175396
1368000 0.00292327
1369000 0.00409258
1370000 0.00292327
1371000 0.00233861
1372000 0.00350792
1373000 0.00233861
1374000 0.00233861
1375000 0.00116931
1376000 0.00116931
1377000 0.00292327
1378000 0.00233861
1379000 0.00116931
1380000 0.00175396
1381000 0.00292327
1382000 0.00233861
1383000 0.00116931
1384000 0.00292327
1385000 0.000584654
1386000 0.00409258
1387000 0.00233861
1388000 0.00175396
1389000 0.00233861
1390000 0.00467723
1391000 0.00350792
1392000 0.00233861
1393000 0.00526188
1394000 0.00350792
1395000 0.00467723
1396000 0.00292327
1397000 0.00409258
1398000 0.00526188
1399000 0.00292327
1400000 0.00116931
1401000 0.00467723
1402000 0.00175396
1403000 0.00175396
1404000 0.00350792
1405000 0.00116931
1406000 0.00116931
1407000 0.00233861
1408000 0.00116931
1409000 0.00292327
1410000 0.00116931
1411000 0.00175396
1412000 0.00175396
1413000 0.00175396
1414000 0.00175396
1415000 0.00350792
1416000 0.00233861
1417000 0.000584654
1418000 0.00233861
1419000 0.00233861
1420000 0.00233861
1421000 0.00233861
1422000 0.00292327
1423000 0.00233861
1424000 0.00350792
1425000 0.00233861
1426000 0.00350792
1427000 0.00116931
1428000 0.00175396
1429000 0.00584654
1430000 0.00292327
1431000 0.00233861
1432000 0.00175396
1433000 0.00116931
1434000 0.00116931
1435000 0.00409258
1436000 0.00116931
1437000 0.00116931
1438000 0.00233861
1439000 0.00233861
1440000 0.00233861
1441000 0.00350792
1442000 0.00233861
1443000 0.00350792
1444000 0.000584654
1445000 0.00292327
1446000 0.00233861
1447000 0.00233861
1448000 0.00233861
1449000 0.00233861
1450000 0.00350792
1451000 0.00233861
1452000 0.00116931
1453000 0.00409258
1454000 0.00233861
1455000 0.00175396
1456000 0.00116931
1457000 0.00292327
1458000 0.000584654
1459000 0.00409258
1460000 0.00175396
1461000 0.000584654
1462000 0.00292327
1463000 0.00175396
1464000 0.00233861
1465000 0.00350792
1466000 0.00116931
1467000 0.00409258
1468000 0.00292327
1469000 0.00175396
1470000 0.00116931
1471000 0.00292327
1472000 0.00292327
1473000 0.00292327
1474000 0.00350792
1475000 0.00233861
1476000 0.00350792
1477000 0.00116931
1478000 0.00233861
1479000 0.00467723
1480000 0.00175396
1481000 0.00175396
1482000 0.00233861
1483000 0.00292327
1484000 0.00233861
1485000 0.00292327
1486000 0.00233861
1487000 0.00467723
1488000 0.00292327
1489000 0.00233861
1490000 0.00292327
1491000 0.00233861
1492000 0.00233861
1493000 0.00233861
1494000 0.00175396
1495000 0.00175396
1496000 0.00116931
1497000 0.00643119
1498000 0.00467723
1499000 0.00116931
1500000 0.00292327
1501000 0.00175396
1502000 0.00292327
1503000 0.00175396
1504000 0.00233861
1505000 0.00409258
1506000 0.00116931
1507000 0.00175396
1508000 0.00116931
1509000 0.00350792
1510000 0.00116931
1511000 0.00233861
1512000 0.00175396
1513000 0.00116931
1514000 0.00175396
1515000 0.00350792
1516000 0.00233861
1517000 0.00350792
1518000 0.00467723
1519000 0.000584654
1520000 0.00175396
1521000 0.00350792
1522000 0.00350792
1523000 0.00233861
1524000 0.00116931
1525000 0.000584654
1526000 0.00175396
1527000 0.00467723
1528000 0.00526188
1529000 0.00409258
1530000 0.00233861
1531000 0.00116931
1532000 0.00292327
1533000 0.00175396
1534000 0.00116931
1535000 0.00116931
1536000 0.00175396
1537000 0.00233861
1538000 0.00233861
1539000 0.000584654
1540000 0.00175396
1541000 0.00116931
1542000 0.00350792
1543000 0.00584654
1544000 0.00175396
1545000 0.00175396
1546000 0.00292327
1547000 0.00233861
1548000 0.00175396
1549000 0.00292327
1550000 0.00409258
1551000 0.00116931
1552000 0.00350792
1553000 0.000584654
1554000 0.00175396
1555000 0.00292327
1556000 0.00175396
1557000 0.00175396
1558000 0.00292327
1559000 0.00175396
1560000 0.00409258
1561000 0.00292327
1562000 0.00467723
1563000 0.00350792
1564000 0.00350792
1565000 0.00175396
1566000 0.00233861
1567000 0.000584654
1568000 0.000584654
1569000 0.00292327
1570000 0.00175396
1571000 0.000584654
1572000 0.00233861
1573000 0.00233861
1574000 0.00292327
1575000 0.00116931
1576000 0.00233861
1577000 0.00292327
1578000 0.00175396
1579000 0.00233861
1580000 0.00175396
1581000 0.00292327
1582000 0.00116931
1583000 0.00233861
1584000 0.000584654
1585000 0.000584654
1586000 0.00116931
1587000 0.00175396
1588000 0.00175396
1589000 0.00116931
1590000 0.00292327
1591000 0.00175396
1592000 0.00175396
1593000 0.00233861
1594000 0.00175396
1595000 0.00175396
1596000 0.00233861
1597000 0.00175396
1598000 0.00175396
1599000 0.00292327
1600000 0.00292327
1601000 0.00292327
1602000 0.00116931
1603000 0.00526188
1604000 0.00292327
1605000 0.00175396
1606000 0.00292327
1607000 0.00233861
1608000 0.00292327
1609000 0.00233861
1610000 0.00116931
1611000 0.00409258
1612000 0.00175396
1613000 0.00175396
1614000 0.00409258
1615000 0.000584654
1616000 0.00233861
1617000 0.000584654
1618000 0.00526188
1619000 0.00175396
1620000 0.00116931
1621000 0.00233861
1622000 0.00116931
1623000 0.00175396
1624000 0.00233861
1625000 0.00116931
1626000 0.00116931
1627000 0.00350792
1628000 0.00175396
1629000 0.00233861
1630000 0.00292327
1631000 0.00175396
1632000 0.00175396
1633000 0.00175396
1634000 0.00233861
1635000 0.00467723
1636000 0.00292327
1637000 0.00233861
1638000 0.00175396
1639000 0.00116931
1640000 0.000584654
1641000 0.00116931
1642000 0.000584654
1643000 0.00233861
1644000 0.00233861
1645000 0.00350792
1646000 0.00175396
1647000 0.00292327
1648000 0.00175396
1649000 0.00233861
1650000 0.00116931
1651000 0.00116931
1652000 0.000584654
1653000 0.00175396
1654000 0.00116931
1655000 0.000584654
1656000 0.00233861
1657000 0.00116931
1658000 0.00467723
1659000 0.00233861
1660000 0.00233861
1661000 0.00175396
1662000 0.00175396
1663000 0.00116931
1664000 0.00175396
1665000 0.00175396
1666000 0.00292327
1667000 0.00175396
1668000 0.00175396
1669000 0.00175396
1670000 0.00233861
1671000 0.00175396
1672000 0.00175396
1673000 0.00350792
1674000 0.00292327
1675000 0.00409258
1676000 0.00292327
1677000 0.00116931
1678000 0.00292327
1679000 0.00116931
1680000 0.00233861
1681000 0.00175396
1682000 0.00292327
1683000 0.00175396
1684000 0.00233861
1685000 0.00292327
1686000 0.00175396
1687000 0.00409258
1688000 0.00350792
1689000 0.000584654
1690000 0.00116931
1691000 0.00116931
1692000 0.00233861
1693000 0.000584654
1694000 0.00175396
1695000 0.00233861
1696000 0.00292327
1697000 0.00350792
1698000 0.000584654
1699000 0.000584654
1700000 0.00116931
1701000 0.00116931
1702000 0.00175396
1703000 0.00409258
1704000 0.00409258
1705000 0.00467723
1706000 0.00350792
1707000 0.00292327
1708000 0.00233861
1709000 0.00292327
1710000 0.00233861
1711000 0.00350792
1712000 0.00292327
1713000 0.00292327
1714000 0.00292327
1715000 0.00350792
1716000 0.00292327
1717000 0.000584654
1718000 0.00467723
1719000 0.00175396
1720000 0.000584654
1721000 0.00292327
1722000 0.000584654
1723000 0.00116931
1724000 0.00350792
1725000 0.000584654
1726000 0.00233861
1727000 0.00292327
1728000 0.00233861
1729000 0.00292327
1730000 0.00233861
1731000 0.00175396
1732000 0.00233861
1733000 0.00175396
1734000 0.000584654
1735000 0.00175396
1736000 0.00292327
1737000 0.00233861
1738000 0.00233861
1739000 0.00116931
1740000 0.00116931
1741000 0.00584654
1742000 0.00233861
1743000 0.00175396
1744000 0.00116931
1745000 0.00116931
1746000 0.00292327
1747000 0.00292327
1748000 0.00350792
1749000 0.00350792
1750000 0.00175396
1751000 0.00233861
1752000 0.00292327
1753000 0.00175396
1754000 0.000584654
1755000 0.00233861
1756000 0.00350792
1757000 0.00233861
1758000 0.00175396
1759000 0.00175396
1760000 0.00350792
1761000 0.00233861
1762000 0.00292327
1763000 0.00350792
1764000 0.00526188
1765000 0.000584654
1766000 0.00233861
1767000 0.00116931
1768000 0.00175396
1769000 0.00350792
1770000 0.00175396
1771000 0.00292327
1772000 0.00409258
1773000 0.00292327
1774000 0.00409258
1775000 0.00233861
1776000 0.00233861
1777000 0.00116931
1778000 0.00175396
1779000 0.00175396
1780000 0.00584654
1781000 0.00116931
1782000 0.00116931
1783000 0.00175396
1784000 0.00116931
1785000 0.00409258
1786000 0.00175396
1787000 0.000584654
1788000 0.00350792
1789000 0.00175396
1790000 0.000584654
1791000 0.00292327
1792000 0.00233861
1793000 0.00175396
1794000 0.00116931
1795000 0.00175396
1796000 0.000584654
1797000 0.00233861
1798000 0.00175396
1799000 0.00350792
1800000 0.00233861
1801000 0.00116931
1802000 0.00350792
1803000 0.00467723
1804000 0.00292327
1805000 0.00584654
1806000 0.00116931
1807000 0.00409258
1808000 0.00233861
1809000 0.00116931
1810000 0.00467723
1811000 0.00233861
1812000 0.00467723
1813000 0.00175396
1814000 0.00116931
1815000 0.00233861
1816000 0.00467723
1817000 0.00233861
1818000 0.00409258
1819000 0.00350792
1820000 0.00233861
1821000 0.00350792
1822000 0.00292327
1823000 0.00175396
1824000 0.00233861
1825000 0.00292327
1826000 0.000584654
1827000 0.00116931
1828000 0.00409258
1829000 0.00233861
1830000 0.00292327
1831000 0.00233861
1832000 0.00350792
1833000 0.000584654
1834000 0.00467723
1835000 0.00175396
1836000 0.00409258
1837000 0.00292327
1838000 0.00350792
1839000 0.00175396
1840000 0.00584654
1841000 0.00233861
1842000 0.000584654
1843000 0.00175396
1844000 0.00233861
1845000 0.00467723
1846000 0.00175396
1847000 0.00175396
1848000 0.00350792
1849000 0.000584654
1850000 0.00292327
1851000 0.00175396
1852000 0.00233861
1853000 0.00233861
1854000 0.00175396
1855000 0.00233861
1856000 0.00116931
1857000 0.00467723
1858000 0.00584654
1859000 0.00350792
1860000 0.00175396
1861000 0.00233861
1862000 0.000584654
1863000 0.000584654
1864000 0.00233861
1865000 0.00233861
1866000 0.000584654
1867000 0.00233861
1868000 0.00175396
1869000 0.00175396
1870000 0.00116931
1871000 0.00175396
1872000 0.00292327
1873000 0.00292327
1874000 0.00175396
1875000 0.00292327
1876000 0.00350792
1877000 0.00175396
1878000 0.00350792
1879000 0.00292327
1880000 0.00233861
1881000 0.00526188
1882000 0.00292327
1883000 0.00116931
1884000 0.00116931
1885000 0.00409258
1886000 0.00233861
1887000 0.00175396
1888000 0.00292327
1889000 0.00409258
1890000 0.000584654
1891000 0.00116931
1892000 0.00233861
1893000 0.000584654
1894000 0.00233861
1895000 0.00116931
1896000 0.00116931
1897000 0.00292327
1898000 0.00292327
1899000 0.000584654
1900000 0.00409258
1901000 0.00116931
1902000 0.00292327
1903000 0.00116931
1904000 0.00292327
1905000 0.000584654
1906000 0.00350792
1907000 0.00233861
1908000 0.00292327
1909000 0.00116931
1910000 0.00292327
1911000 0.00409258
1912000 0.00350792
1913000 0.00350792
1914000 0.00175396
1915000 0.00116931
1916000 0.00175396
1917000 0.000584654
1918000 0.00526188
1919000 0.00233861
1920000 0.00350792
1921000 0.00467723
1922000 0.00292327
1923000 0.00233861
1924000 0.00292327
1925000 0.00467723
1926000 0.000584654
1927000 0.00233861
1928000 0.00116931
1929000 0.00409258
1930000 0.00233861
1931000 0.00292327
1932000 0.000584654
1933000 0.00175396
1934000 0.00116931
1935000 0.00175396
1936000 0.00350792
1937000 0.00175396
1938000 0.00409258
1939000 0.00116931
1940000 0.00292327
1941000 0.00467723
1942000 0.00233861
1943000 0.00116931
1944000 0.00116931
1945000 0.00292327
1946000 0.00350792
1947000 0.00350792
1948000 0.00584654
1949000 0.00233861
1950000 0.00350792
1951000 0.00175396
1952000 0.00116931
1953000 0.00350792
1954000 0.00292327
1955000 0.00292327
1956000 0.00175396
1957000 0.00233861
1958000 0.00350792
1959000 0.00175396
1960000 0.00116931
1961000 0.00116931
1962000 0.00233861
1963000 0.00233861
1964000 0.00233861
1965000 0.00292327
1966000 0.00116931
1967000 0.00116931
1968000 0.000584654
1969000 0.00292327
1970000 0.00233861
1971000 0.00292327
1972000 0.00175396
1973000 0.00292327
1974000 0.00233861
1975000 0.00233861
1976000 0.00175396
1977000 0.00292327
1978000 0.00350792
1979000 0.00233861
1980000 0.00233861
1981000 0.00175396
1982000 0.00175396
1983000 0.00116931
1984000 0.00350792
1985000 0.00116931
1986000 0.00467723
1987000 0.00292327
1988000 0.00233861
1989000 0.00175396
1990000 0.00292327
1991000 0.00350792
1992000 0.00116931
1993000 0.00233861
1994000 0.00292327
1995000 0.00292327
1996000 0.00350792
1997000 0.00292327
1998000 0.00350792
1999000 0.00292327
2000000 0.00350792
2001000 0.00233861
2002000 0.00175396
2003000 0.00292327
2004000 0.00116931
2005000 0.00233861
2006000 0.00233861
2007000 0.00292327
2008000 0.000584654
2009000 0.00467723
2010000 0.00409258
2011000 0.00116931
2012000 0.00175396
2013000 0.00175396
2014000 0.00409258
2015000 0.00233861
2016000 0.00233861
2017000 0.00350792
2018000 0.00233861
2019000 0.00175396
2020000 0.00233861
2021000 0.00292327
2022000 0.00233861
2023000 0.00116931
2024000 0.00350792
2025000 0.00292327
2026000 0.000584654
2027000 0.00175396
2028000 0.00233861
2029000 0.00175396
2030000 0.000584654
2031000 0.00233861
2032000 0.00233861
2033000 0.00233861
2034000 0.00467723
2035000 0.00233861
2036000 0.00116931
2037000 0.00292327
2038000 0.00526188
2039000 0.00350792
2040000 0.00175396
2041000 0.00233861
2042000 0.00116931
2043000 0.00350792
2044000 0.00175396
2045000 0.00350792
2046000 0.00292327
2047000 0.00233861
2048000 0.00175396
2049000 0.00350792
2050000 0.00350792
2051000 0.00467723
2052000 0.000584654
2053000 0.00350792
2054000 0.00350792
2055000 0.00467723
2056000 0.00233861
2057000 0.00175396
2058000 0.00467723
2059000 0.00233861
2060000 0.00233861
2061000 0.00116931
2062000 0.00175396
2063000 0.000584654
2064000 0.00350792
2065000 0.000584654
2066000 0.00292327
2067000 0.00292327
2068000 0.00233861
2069000 0.00175396
2070000 0.00292327
2071000 0.00292327
2072000 0.00233861
2073000 0.00292327
2074000 0.00233861
2075000 0.00175396
2076000 0.00116931
2077000 0.00350792
2078000 0.00292327
2079000 0.00116931
2080000 0.00292327
2081000 0.00292327
2082000 0.00350792
2083000 0.00233861
2084000 0.00233861
2085000 0.00175396
2086000 0.00233861
2087000 0.00233861
2088000 0.00175396
2089000 0.00175396
2090000 0.00292327
2091000 0.00175396
2092000 0.00292327
2093000 0.00116931
2094000 0.00409258
2095000 0.00175396
2096000 0.00233861
2097000 0.00233861
2098000 0.00350792
2099000 0.00350792
2100000 0.000584654
2101000 0.00175396
2102000 0.00175396
2103000 0.00292327
2104000 0.00350792
2105000 0.00526188
2106000 0.00233861
2107000 0.00175396
2108000 0.00116931
2109000 0.00292327
2110000 0.00175396
2111000 0.00116931
2112000 0.00409258
2113000 0.00175396
2114000 0.00233861
2115000 0.00175396
2116000 0.00526188
2117000 0.00233861
2118000 0.00409258
2119000 0.000584654
2120000 0.000584654
2121000 0.00233861
2122000 0.00116931
2123000 0.00175396
2124000 0.000584654
2125000 0.00233861
2126000 0.00233861
2127000 0.000584654
2128000 0.00292327
2129000 0.00292327
2130000 0.00292327
2131000 0.000584654
2132000 0.00350792
2133000 0.00233861
2134000 0.00233861
2135000 0.00233861
2136000 0.00350792
2137000 0.00233861
2138000 0.00175396
2139000 0.000584654
2140000 0.00175396
2141000 0.00350792
2142000 0.00350792
2143000 0.00350792
2144000 0.00409258
2145000 0.00292327
2146000 0.00350792
2147000 0.000584654
2148000 0.000584654
2149000 0.00116931
2150000 0.00350792
2151000 0.000584654
2152000 0.000584654
2153000 0.00292327
2154000 0.00116931
2155000 0.00292327
2156000 0.00116931
2157000 0.00116931
2158000 0.00350792
2159000 0.00116931
2160000 0.00350792
2161000 0.000584654
2162000 0.00116931
2163000 0.00116931
2164000 0.000584654
2165000 0.00175396
2166000 0.00116931
2167000 0.00350792
2168000 0.00116931
2169000 0.00292327
2170000 0.00350792
2171000 0.000584654
2172000 0.00233861
2173000 0.00175396
2174000 0.00292327
2175000 0.00175396
2176000 0.00350792
2177000 0.00350792
2178000 0.00350792
2179000 0.00175396
2180000 0.00175396
2181000 0.00116931
2182000 0.000584654
2183000 0.00350792
2184000 0.00175396
2185000 0.00292327
2186000 0.00350792
2187000 0.00175396
2188000 0.00643119
2189000 0.000584654
2190000 0.00175396
2191000 0.00175396
2192000 0.00233861
2193000 0.00292327
2194000 0.00233861
2195000 0.00233861
2196000 0.00233861
2197000 0.00584654
2198000 0.00292327
2199000 0.00409258
2200000 0.00292327
2201000 0.00350792
2202000 0.00175396
2203000 0.00350792
2204000 0.00292327
2205000 0.00350792
2206000 0.00175396
2207000 0.00175396
2208000 0.00175396
2209000 0.00175396
2210000 0.00175396
2211000 0.00233861
2212000 0.00175396
2213000 0.00175396
2214000 0.00175396
2215000 0.00233861
2216000 0.00175396
2217000 0.00175396
2218000 0.00292327
2219000 0.00116931
2220000 0.00409258
2221000 0.00175396
2222000 0.00233861
2223000 0.00350792
2224000 0.00233861
2225000 0.00116931
2226000 0.00175396
2227000 0.00350792
2228000 0.00233861
2229000 0.00116931
2230000 0.00116931
2231000 0.00467723
2232000 0.00116931
2233000 0.00233861
2234000 0.00350792
2235000 0.00292327
2236000 0.00292327
2237000 0.00350792
2238000 0.00116931
2239000 0.00233861
2240000 0.00409258
2241000 0.00233861
2242000 0.00233861
2243000 0.00175396
2244000 0.00292327
2245000 0.00116931
2246000 0.00233861
2247000 0.00233861
2248000 0.00350792
2249000 0.00292327
2250000 0.00409258
2251000 0.00467723
2252000 0.00292327
2253000 0.00409258
2254000 0.00292327
2255000 0.00350792
2256000 0.00292327
2257000 0.00233861
2258000 0.00292327
2259000 0.00233861
2260000 0.000584654
2261000 0.000584654
2262000 0.00175396
2263000 0.00233861
2264000 0.00292327
2265000 0.00175396
2266000 0.00292327
2267000 0.00233861
2268000 0.00292327
2269000 0.00526188
2270000 0.00116931
2271000 0.00116931
2272000 0.00175396
2273000 0.00467723
2274000 0.00233861
2275000 0.00233861
2276000 0.000584654
2277000 0.00467723
2278000 0.00116931
2279000 0.00350792
2280000 0.00175396
2281000 0.00409258
2282000 0.00292327
2283000 0.00233861
2284000 0.000584654
2285000 0.00409258
2286000 0.00233861
2287000 0.00116931
2288000 0.00409258
2289000 0.00175396
2290000 0.00292327
2291000 0.00175396
2292000 0.00116931
2293000 0.00292327
2294000 0.00233861
2295000 0.00350792
2296000 0.00350792
2297000 0.00350792
2298000 0.00233861
2299000 0.00175396
2300000 0.00233861
2301000 0.00350792
2302000 0.00175396
2303000 0.00175396
2304000 0.000584654
2305000 0.00116931
2306000 0.00292327
2307000 0.00409258
2308000 0.00175396
2309000 0.00175396
2310000 0.00292327
2311000 0.00175396
2312000 0.00292327
2313000 0.00175396
2314000 0.00233861
2315000 0.00292327
2316000 0.00175396
2317000 0.00116931
2318000 0.00350792
2319000 0.00292327
2320000 0.00350792
2321000 0.00116931
2322000 0.00175396
2323000 0.00292327
2324000 0.00409258
2325000 0.00292327
2326000 0.000584654
2327000 0.00409258
2328000 0.00292327
2329000 0.00175396
2330000 0.00350792
2331000 0.000584654
2332000 0.00292327
2333000 0.00233861
2334000 0.00116931
2335000 0.00350792
2336000 0.00116931
2337000 0.00116931
2338000 0.00233861
2339000 0.00350792
2340000 0.00292327
2341000 0.00175396
2342000 0.00292327
2343000 0.00292327
2344000 0.00233861
2345000 0.00233861
2346000 0.00350792
2347000 0.00409258
2348000 0.00292327
2349000 0.00409258
2350000 0.00467723
2351000 0.00175396
2352000 0.00409258
2353000 0.00175396
2354000 0.00233861
2355000 0.000584654
2356000 0.00175396
2357000 0.00409258
2358000 0.00292327
2359000 0.00292327
2360000 0.000584654
2361000 0.00292327
2362000 0.00350792
2363000 0.00233861
2364000 0.00409258
2365000 0.00526188
2366000 0.00350792
2367000 0.00233861
2368000 0.00175396
2369000 0.00116931
2370000 0.00175396
2371000 0.00467723
2372000 0.00526188
2373000 0.00350792
2374000 0.00350792
2375000 0.00233861
2376000 0.00233861
2377000 0.00175396
2378000 0.00175396
2379000 0.00116931
2380000 0.00233861
2381000 0.000584654
2382000 0.000584654
2383000 0.00175396
2384000 0.00175396
2385000 0.00233861
2386000 0.00292327
2387000 0.000584654
2388000 0.00292327
2389000 0.00350792
2390000 0.00292327
2391000 0.00116931
2392000 0.000584654
2393000 0.00467723
2394000 0.00233861
2395000 0.00292327
2396000 0.00175396
2397000 0.00175396
2398000 0.000584654
2399000 0.00292327
2400000 0.00175396
2401000 0.00409258
2402000 0.00526188
2403000 0.00350792
2404000 0.00175396
2405000 0.00175396
2406000 0.00409258
2407000 0.000584654
2408000 0.000584654
2409000 0.00175396
2410000 0.00233861
2411000 0.00350792
2412000 0.00116931
2413000 0.00116931
2414000 0.000584654
2415000 0.00292327
2416000 0.00233861
2417000 0.000584654
2418000 0.00350792
2419000 0.00233861
2420000 0.00350792
2421000 0.00526188
2422000 0.00350792
2423000 0.00175396
2424000 0.00233861
2425000 0.00350792
2426000 0.00116931
2427000 0.00350792
2428000 0.00350792
2429000 0.00350792
2430000 0.00175396
2431000 0.00116931
2432000 0.00175396
2433000 0.00350792
2434000 0.00292327
2435000 0.00292327
2436000 0.00292327
2437000 0.00175396
2438000 0.00175396
2439000 0.00116931
2440000 0.00292327
2441000 0.00233861
2442000 0.00233861
2443000 0.00292327
2444000 0.00175396
2445000 0.00233861
2446000 0.000584654
2447000 0.00116931
2448000 0.00233861
2449000 0.000584654
2450000 0.00292327
2451000 0.00175396
2452000 0.00409258
2453000 0.00116931
2454000 0.00175396
2455000 0.00350792
2456000 0.00292327
2457000 0.00292327
2458000 0.00292327
2459000 0.00233861
2460000 0.000584654
2461000 0.00292327
2462000 0.00350792
2463000 0.00233861
2464000 0.00350792
2465000 0.00350792
2466000 0.00292327
2467000 0.00233861
2468000 0.00292327
2469000 0.00233861
2470000 0.00175396
2471000 0.00350792
2472000 0.00350792
2473000 0.00233861
2474000 0.00175396
2475000 0.00116931
2476000 0.00175396
2477000 0.00116931
2478000 0.00116931
2479000 0.00292327
2480000 0.00292327
2481000 0.00350792
2482000 0.00292327
2483000 0.00350792
2484000 0.000584654
2485000 0.00409258
2486000 0.00409258
2487000 0.00467723
2488000 0.00175396
2489000 0.00233861
2490000 0.00233861
2491000 0.00292327
2492000 0.00467723
2493000 0.00116931
2494000 0.00175396
2495000 0.00233861
2496000 0.00175396
2497000 0.00292327
2498000 0.00409258
2499000 0.00350792
2500000 0.00233861
2501000 0.000584654
2502000 0.00175396
